1702080009.63 53033 51795 75 641 626
1702080011.97 53034 51797 99 641 609
1702080020.53 53035 51806 47 641 596
1702080024.12 53036 51809 97 641 621
1702080030.34 53037 51816 10 641 626
1702080044.12 53038 51829 80 641 625
1702080049.73 53039 51835 32 641 626
1702080052.0 53040 51837 50 641 600
1702080053.25 53041 51838 66 641 629
1702080067.15 53042 51852 48 641 562
1702080083.48 53043 51868 73 641 632
1702080096.85 53044 51882 2 641 626
1702080101.56 53045 51886 65 641 614
1702080103.26 53046 51888 25 641 621
1702080109.99 53047 51894 90 641 626
1702080125.8 53048 51910 64 641 456
1702080129.24 53049 51913 99 641 633
1702080129.58 53050 51914 23 641 557
1702080137.73 53051 51922 30 641 621
1702080142.19 53052 51926 67 641 616
1702080143.97 53053 51928 36 641 517
1702080149.23 53054 51933 53 641 622
1702080152.37 53055 51936 58 641 616
1702080161.4 53056 51945 52 641 411
1702080169.54 53057 51953 58 641 539
1702080172.07 53058 51956 2 641 618
1702080187.45 53059 51971 32 641 604
1702080199.18 53060 51982 97 641 622
1702080203.21 53061 51986 92 641 552
1702080216.52 53062 52000 14 641 623
1702080216.62 53063 52000 14 640 532
1702080217.94 53064 52001 38 641 591
1702080226.49 53065 52009 85 641 623
1702080229.67 53066 52012 94 641 625
1702080235.66 53067 52018 84 641 630
1702080236.03 53068 52019 12 641 560
1702080237.96 53069 52020 95 641 609
1702080240.26 53070 52023 16 641 628
1702080251.51 53071 52034 33 641 621
1702080265.1 53072 52047 84 641 620
1702080265.2 53073 52047 84 640 536
1702080269.27 53074 52051 83 641 520
1702080271.85 53075 52054 32 641 628
1702080282.07 53076 52064 45 641 632
1702080285.66 53077 52067 96 641 630
1702080306.83 53078 52089 6 641 619
1702080309.26 53079 52091 39 641 618
1702080311.15 53080 52093 19 641 626
1702080311.9 53081 52093 85 641 591
1702080332.91 53082 52114 78 641 628
1702080334.06 53083 52115 84 641 619
1702080340.65 53084 52122 34 641 633
1702080342.76 53085 52124 35 641 627
1702080347.68 53086 52129 19 641 516
1702080348.3 53087 52129 72 641 581
1702080352.72 53088 52134 5 641 627
1702080360.36 53089 52141 61 641 576
1702080361.48 53090 52142 64 641 605
1702080362.37 53091 52143 43 641 420
1702080372.26 53092 52153 24 641 625
1702080401.49 53093 52182 41 641 632
1702080406.11 53094 52186 94 641 605
1702080407.72 53095 52188 46 641 609
1702080408.89 53096 52189 54 641 622
1702080409.55 53097 52190 11 641 530
1702080414.17 53098 52194 65 641 515
1702080422.29 53099 52202 69 641 625
1702080422.65 53100 52202 95 641 562
1702080447.44 53101 52227 68 641 618
1702080447.69 53102 52227 84 641 548
1702080456.03 53103 52236 10 641 624
1702080456.89 53104 52236 86 641 596
1702080463.38 53105 52243 26 641 595
1702080472.64 53106 52252 44 641 628
1702080474.61 53107 52254 32 641 612
1702080477.5 53108 52257 11 641 356
1702080484.86 53109 52264 39 641 613
1702080486.18 53110 52265 62 641 586
1702080488.32 53111 52267 67 641 620
1702080504.0 53112 52283 28 641 612
1702080504.99 53113 52284 17 641 606
1702080516.58 53114 52295 68 641 610
1702080521.1 53115 52300 11 641 584
1702080521.19 53116 52300 11 640 536
1702080525.97 53117 52304 80 641 622
1702080532.73 53118 52311 48 641 622
1702080533.74 53119 52312 40 641 610
1702080536.0 53120 52314 57 641 476
1702080537.41 53121 52315 89 641 629
1702080541.94 53122 52320 33 641 626
1702080545.87 53123 52324 17 641 619
1702080548.37 53124 52326 58 641 628
1702080553.51 53125 52331 63 641 623
1702080553.61 53126 52331 64 640 534
1702080555.93 53127 52333 88 641 632
1702080563.58 53128 52341 44 641 530
1702080564.07 53129 52341 83 641 569
1702080567.86 53130 52345 54 641 632
1702080568.15 53131 52345 73 641 554
1702080587.5 53132 52365 0 641 625
1702080593.67 53133 52371 9 641 590
1702080595.29 53134 52372 63 641 626
1702080595.39 53135 52372 63 640 534
1702080598.41 53136 52375 57 641 632
1702080603.57 53137 52380 64 641 631
1702080609.58 53138 52386 56 641 600
1702080616.27 53139 52393 17 641 586
1702080622.48 53140 52399 29 641 615
1702080625.79 53141 52402 51 641 550
1702080633.51 53142 52410 14 641 624
1702080636.65 53143 52413 19 641 633
1702080636.78 53144 52413 23 641 542
1702080649.43 53145 52425 80 641 621
1702080650.31 53146 52426 59 641 600
1702080670.25 53147 52446 45 641 610
1702080671.3 53148 52447 42 641 612
1702080672.97 53149 52448 99 641 616
1702080675.78 53150 52451 71 641 624
1702080679.56 53151 52455 40 641 624
1702080679.93 53152 52455 67 641 558
1702080681.46 53153 52457 11 641 546
1702080683.24 53154 52458 80 641 589
1702080689.3 53155 52464 77 641 615
1702080691.39 53156 52466 77 641 603
1702080691.49 53157 52466 77 640 533
1702080696.02 53158 52471 22 641 620
1702080698.36 53159 52473 48 641 534
1702080701.9 53160 52476 92 641 600
1702080707.34 53161 52482 27 641 628
1702080711.97 53162 52486 81 641 631
1702080715.52 53163 52490 27 641 624
1702080715.74 53164 52490 40 641 546
1702080722.84 53165 52497 42 641 632
1702080726.01 53166 52500 49 641 615
1702080750.55 53167 52524 96 641 608
1702080751.58 53168 52525 90 641 604
1702080752.71 53169 52526 94 641 616
1702080756.61 53170 52530 74 641 626
1702080761.48 53171 52535 52 641 627
1702080773.26 53172 52547 22 641 614
1702080775.83 53173 52549 70 641 627
1702080784.87 53174 52558 66 641 525
1702080786.96 53175 52560 65 641 617
1702080795.69 53176 52569 30 641 588
1702080813.12 53177 52586 66 641 629
1702080828.06 53178 52601 52 641 626
1702080840.13 53179 52613 51 641 621
1702080841.06 53180 52614 35 641 604
1702080842.05 53181 52615 25 641 609
1702080850.41 53182 52623 52 641 595
1702080860.17 53183 52633 20 641 624
1702080877.36 53184 52650 31 641 625
1702080886.91 53185 52659 77 641 623
1702080897.18 53186 52669 96 641 633
1702080901.98 53187 52674 66 641 627
1702080906.04 53188 52678 64 641 627
1702080921.28 53189 52693 79 641 456
1702080926.54 53190 52698 97 641 626
1702080938.27 53191 52710 61 641 619
1702080939.54 53192 52711 79 641 524
1702080950.9 53193 52723 6 641 622
1702080959.32 53194 52731 41 641 623
1702080960.58 53195 52732 58 641 627
1702080960.91 53196 52732 81 641 559
1702080964.31 53197 52736 12 641 570
1702080967.2 53198 52738 92 641 577
1702080982.36 53199 52754 0 641 619
1702080984.49 53200 52756 4 641 595
1702080994.06 53201 52765 53 641 627
1702081000.83 53202 52772 21 641 612
1702081001.42 53203 52772 71 641 582
1702081001.67 53204 52772 86 641 552
1702081002.2 53205 52773 30 641 582
1702081010.56 53206 52781 57 641 608
1702081020.38 53207 52791 31 641 559
1702081026.46 53208 52797 30 641 622
1702081031.28 53209 52802 3 641 592
1702081036.83 53210 52807 50 641 611
1702081041.53 53211 52812 10 641 631
1702081049.42 53212 52819 91 641 587
1702081063.33 53213 52833 74 641 629
1702081064.09 53214 52834 41 641 592
1702081064.76 53215 52834 99 641 567
1702081068.67 53216 52838 80 641 588
1702081068.77 53217 52838 80 640 532
1702081069.25 53218 52839 20 641 573
1702081069.58 53219 52839 43 641 560
1702081080.7 53220 52850 47 641 611
1702081082.88 53221 52852 55 641 475
1702081094.91 53222 52864 51 641 629
1702081098.28 53223 52867 79 641 624
1702081104.67 53224 52874 9 641 612
1702081177.7 53225 52947 11 641 618
1702081181.12 53226 52950 44 641 626
1702081182.18 53227 52951 41 641 475
1702081187.2 53228 52956 34 641 602
1702081194.98 53229 52964 4 641 620
1702081199.31 53230 52968 28 641 574
1702081204.37 53231 52973 25 641 579
1702081207.59 53232 52976 38 641 558
1702081213.92 53233 52982 63 641 627
1702081215.98 53234 52984 59 641 624
1702081217.31 53235 52985 83 641 627
1702081218.46 53236 52986 89 641 623
1702081221.64 53237 52989 98 641 628
1702081223.45 53238 52991 69 641 617
1702081228.41 53239 52996 56 641 628
1702081229.61 53240 52997 67 641 625
1702081231.39 53241 52999 35 641 628
1702081233.59 53242 53001 47 641 624
1702081246.92 53243 53014 72 641 633
1702081254.6 53244 53022 31 641 524
1702081259.29 53245 53026 91 641 628
1702081259.39 53246 53026 91 640 534
1702081272.16 53247 53039 61 641 619
1702081279.56 53248 53046 92 641 631
1702081286.14 53249 53053 41 641 624
1702081317.26 53250 53084 47 641 626
1702081327.8 53251 53094 92 641 578
1702081332.82 53252 53099 86 641 618
1702081354.93 53253 53121 90 641 621
1702081356.01 53254 53122 89 641 617
1702081358.5 53255 53125 28 641 616
1702081360.66 53256 53127 35 641 622
1702081373.79 53257 53140 40 641 621
1702081389.38 53258 53155 91 641 476
1702081416.73 53259 53183 20 641 615
1702081432.24 53260 53198 63 641 513
1702081440.89 53261 53207 20 641 611
1702081444.23 53262 53210 44 641 629
1702081450.45 53263 53216 57 641 620
1702081456.98 53264 53223 2 641 558
1702081465.49 53265 53231 45 641 589
1702081472.31 53266 53238 18 641 617
1702081482.96 53267 53248 75 641 622
1702081488.06 53268 53253 76 641 631
1702081505.98 53269 53271 61 641 596
1702081522.59 53270 53288 14 641 585
1702081523.13 53271 53288 59 641 575
1702081529.78 53272 53295 15 641 620
1702081532.72 53273 53298 0 641 627
1702081535.39 53274 53300 58 641 549
1702081542.53 53275 53307 63 641 586
1702081556.51 53276 53321 53 641 630
1702081558.61 53277 53323 53 641 624
1702081572.78 53278 53337 62 641 591
1702081581.94 53279 53346 69 641 626
1702081592.81 53280 53357 48 641 615
1702081600.1 53281 53364 69 641 627
1702081601.5 53282 53366 0 641 614
1702081607.67 53283 53372 8 641 616
1702081608.97 53284 53373 29 641 619
1702081612.57 53285 53376 80 641 619
1702081613.68 53286 53377 82 641 621
1702081614.26 53287 53378 30 641 529
1702081615.16 53288 53379 11 641 604
1702081615.8 53289 53379 66 641 533
1702081617.04 53290 53380 81 641 520
1702081618.93 53291 53382 61 641 465
1702081635.36 53292 53398 96 641 580
1702081636.96 53293 53400 47 641 624
1702081637.88 53294 53401 29 641 605
1702081640.37 53295 53403 69 641 630
1702081641.4 53296 53404 62 641 535
1702081647.78 53297 53410 91 641 631
1702081662.51 53298 53425 56 641 623
1702081669.8 53299 53432 77 641 630
1702081676.45 53300 53439 33 641 551
1702081678.85 53301 53441 64 641 608
1702081683.76 53302 53446 47 641 631
1702081684.99 53303 53447 61 641 617
1702081686.9 53304 53449 43 641 622
1702081687.44 53305 53449 87 641 575
1702081694.97 53306 53457 32 641 606
1702081697.06 53307 53459 32 641 524
1702081700.71 53308 53462 88 641 621
1702081701.48 53309 53463 56 641 528
1702081702.54 53310 53464 53 641 616
1702081708.36 53311 53470 26 641 586
1702081719.55 53312 53481 37 641 620
1702081725.52 53313 53487 26 641 368
1702081727.44 53314 53489 8 641 628
1702081728.03 53315 53489 58 641 579
1702081729.07 53316 53490 52 641 618
1702081732.28 53317 53493 64 641 533
1702081734.64 53318 53495 91 641 561
1702081736.53 53319 53497 71 641 561
1702081737.29 53320 53498 38 641 552
1702081742.46 53321 53503 46 641 612
1702081743.62 53322 53504 52 641 624
1702081751.72 53323 53512 54 641 634
1702081757.2 53324 53517 93 641 615
1702081758.0 53325 53518 64 641 598
1702081762.99 53326 53523 53 641 630
1702081768.84 53327 53529 31 641 618
1702081771.41 53328 53531 79 641 451
1702081771.52 53329 53531 80 641 535
1702081774.92 53330 53535 12 641 632
1702081784.15 53331 53544 26 641 563
1702081786.45 53332 53546 47 641 622
1702081791.07 53333 53550 99 641 629
1702081792.85 53334 53552 68 641 625
1702081793.2 53335 53552 93 641 560
1702081794.88 53336 53554 52 641 532
1702081801.18 53337 53560 73 641 610
1702081801.43 53338 53560 88 641 552
1702081816.0 53339 53575 37 641 596
1702081817.68 53340 53576 96 641 631
1702081821.64 53341 53580 84 641 615
1702081825.56 53342 53584 66 641 627
1702081828.17 53343 53587 18 641 620
1702081846.35 53344 53605 29 641 629
1702081857.37 53345 53616 23 641 627
1702081858.1 53346 53616 86 641 590
1702081862.5 53347 53621 18 641 392
1702081863.55 53348 53622 14 641 615
1702081866.26 53349 53624 75 641 625
1702081869.42 53350 53627 81 641 630
1702081871.29 53351 53629 59 641 623
1702081874.15 53352 53632 36 641 529
1702081878.28 53353 53636 41 641 625
1702081880.83 53354 53638 87 641 627
1702081882.99 53355 53640 93 641 592
1702081883.6 53356 53641 45 641 579
1702081883.79 53357 53641 54 641 550
1702081885.82 53358 53643 49 641 623
1702081887.64 53359 53645 22 641 562
1702081887.75 53360 53645 24 641 537
1702081889.95 53361 53647 35 641 583
1702081895.84 53362 53653 15 641 618
1702081912.2 53363 53669 44 641 589
1702081917.41 53364 53674 56 641 571
1702081924.13 53365 53681 18 641 566
1702081940.52 53366 53697 50 641 622
1702081944.49 53367 53701 38 641 577
1702081950.08 53368 53706 88 641 626
1702081953.51 53369 53710 22 641 621
1702081962.83 53370 53719 45 641 628
1702081968.85 53371 53725 38 641 624
1702081973.62 53372 53730 6 641 626
1702081973.87 53373 53730 22 641 473
1702081983.23 53374 53739 50 641 620
1702081992.62 53375 53748 81 641 542
1702082001.17 53376 53757 27 641 627
1702082001.93 53377 53757 94 641 594
1702082003.55 53378 53759 46 641 527
1702082006.97 53379 53762 79 641 628
1702082007.45 53380 53763 18 641 500
1702082013.95 53381 53769 59 641 541
1702082018.77 53382 53774 33 641 620
1702082028.54 53383 53784 2 641 624
1702082038.48 53384 53793 88 641 546
1702082041.54 53385 53796 85 641 621
1702082052.1 53386 53807 33 641 528
1702082058.12 53387 53813 25 641 620
1702082061.77 53388 53816 83 640 263
1702082061.87 53389 53816 83 640 535
1702082067.42 53390 53822 30 641 608
1702082069.43 53391 53824 22 641 607
1702082079.47 53392 53834 18 641 380
1702082090.49 53393 53845 12 641 632
1702082092.86 53394 53847 39 641 623
1702082098.45 53395 53852 90 641 568
1702082105.11 53396 53859 47 641 630
1702082108.27 53397 53862 54 641 562
1702082110.29 53398 53864 46 641 627
1702082123.69 53399 53877 79 641 578
1702082125.46 53400 53879 46 641 625
1702082129.34 53401 53883 25 641 625
1702082129.58 53402 53883 39 641 553
1702082134.92 53403 53888 64 641 553
1702082136.5 53404 53890 13 641 629
1702082140.6 53405 53894 13 641 608
1702082147.42 53406 53900 86 641 622
1702082160.09 53407 53913 46 641 580
1702082163.59 53408 53916 87 641 605
1702082165.03 53409 53918 21 641 624
1702082165.55 53410 53918 65 641 574
1702082182.17 53411 53935 19 641 620
1702082188.22 53412 53941 15 641 623
1702082191.69 53413 53944 53 641 628
1702082193.44 53414 53946 18 641 632
1702082194.16 53415 53946 81 641 566
1702082196.05 53416 53948 61 641 627
1702082204.11 53417 53956 58 641 612
1702082223.83 53418 53976 23 641 530
1702082228.38 53419 53980 69 641 631
1702082235.11 53420 53987 33 641 602
1702082240.49 53421 53992 62 641 625
1702082241.99 53422 53994 3 641 619
1702082243.67 53423 53995 62 641 614
1702082246.65 53424 53998 51 641 502
1702082247.42 53425 53999 19 641 596
1702082250.06 53426 54001 73 641 628
1702082253.49 53427 54005 7 641 609
1702082275.26 53428 54026 77 641 604
1702082275.98 53429 54027 41 641 591
1702082279.61 53430 54030 95 641 532
1702082282.83 53431 54034 8 641 591
1702082292.07 53432 54043 24 641 619
1702082293.36 53433 54044 44 640 271
1702082296.54 53434 54047 52 641 615
1702082300.24 53435 54051 13 641 624
1702082311.38 53436 54062 19 641 557
1702082316.93 53437 54067 66 641 630
1702082327.15 53438 54077 80 641 631
1702082332.05 53439 54082 61 641 623
1702082337.6 53440 54088 7 641 624
1702082343.46 53441 54093 84 641 618
1702082349.9 53442 54100 19 641 512
1702082355.8 53443 54106 1 641 625
1702082361.24 53444 54111 37 641 628
1702082364.68 53445 54114 72 641 600
1702082370.23 53446 54120 18 641 618
1702082391.55 53447 54141 43 641 622
1702082394.24 53448 54144 3 641 624
1702082407.38 53449 54157 9 641 596
1702082419.67 53450 54169 30 641 531
1702082429.89 53451 54179 45 641 614
1702082432.35 53452 54181 81 641 624
1702082440.48 53453 54189 86 641 630
1702082442.24 53454 54191 53 641 536
1702082447.23 53455 54196 43 641 624
1702082449.26 53456 54198 37 641 542
1702082451.04 53457 54200 6 641 619
1702082452.71 53458 54201 64 641 490
1702082457.39 53459 54206 22 641 618
1702082462.44 53460 54211 19 641 631
1702082462.71 53461 54211 36 641 551
1702082467.83 53462 54216 39 641 563
1702082471.46 53463 54219 93 641 621
1702082472.03 53464 54220 40 641 508
1702082482.92 53465 54231 20 641 627
1702082494.02 53466 54242 22 641 634
1702082512.52 53467 54260 64 641 629
1702082517.3 53468 54265 34 641 538
1702082519.88 53469 54267 83 641 626
1702082537.43 53470 54285 30 641 606
1702082542.47 53471 54290 25 641 630
1702082544.59 53472 54292 28 641 624
1702082551.81 53473 54299 41 641 632
1702082564.11 53474 54311 63 641 621
1702082568.15 53475 54315 58 641 626
1702082586.48 53476 54333 83 641 560
1702082588.26 53477 54335 52 641 618
1702082590.51 53478 54337 68 641 617
1702082598.59 53479 54345 68 641 617
1702082599.03 53480 54346 3 641 567
1702082610.01 53481 54356 93 641 636
1702082615.34 53482 54362 17 641 609
1702082617.63 53483 54364 36 641 617
1702082619.69 53484 54366 33 641 618
1702082626.82 53485 54373 37 641 635
1702082632.5 53486 54378 96 641 629
1702082637.71 53487 54384 8 641 626
1702082640.12 53488 54386 40 641 626
1702082649.18 53489 54395 37 641 632
1702082655.54 53490 54401 65 641 627
1702082672.15 53491 54418 18 641 569
1702082674.26 53492 54420 19 641 626
1702082681.06 53493 54426 90 641 617
1702082691.99 53494 54437 75 641 627
1702082693.33 53495 54439 0 641 619
1702082703.8 53496 54449 39 641 615
1702082707.76 53497 54453 26 641 450
1702082708.62 53498 54454 3 641 600
1702082725.28 53499 54470 61 641 620
1702082730.08 53500 54475 32 641 629
1702082733.71 53501 54478 85 641 617
1702082734.97 53502 54480 3 641 630
1702082743.14 53503 54488 11 641 626
1702082744.56 53504 54489 44 641 631
1702082754.51 53505 54499 31 641 629
1702082770.1 53506 54514 82 641 606
1702082771.65 53507 54516 28 641 513
1702082775.13 53508 54519 67 641 624
1702082776.8 53509 54521 25 641 628
1702082777.19 53510 54521 54 641 562
1702082780.63 53511 54524 89 641 626
1702082781.53 53512 54525 69 641 537
1702082782.51 53513 54526 57 641 608
1702082786.57 53514 54530 54 641 522
1702082800.59 53515 54544 48 641 627
1702082808.38 53516 54552 19 641 627
1702082811.11 53517 54554 83 641 531
1702082817.07 53518 54560 70 641 619
1702082820.37 53519 54563 91 641 631
1702082823.55 53520 54567 0 641 616
1702082828.86 53521 54572 23 641 583
1702082832.2 53522 54575 47 641 619
1702082839.31 53523 54582 50 641 630
1702082847.57 53524 54590 67 641 626
1702082859.02 53525 54602 4 641 611
1702082878.81 53526 54621 76 641 570
1702082879.2 53527 54622 6 641 564
1702082889.7 53528 54632 48 641 538
1702082894.87 53529 54637 57 641 625
1702082897.61 53530 54640 21 641 624
1702082912.41 53531 54654 94 641 625
1702082921.32 53532 54663 76 641 601
1702082924.02 53533 54666 37 641 624
1702082942.28 53534 54684 55 641 591
1702082943.09 53535 54685 27 641 598
1702082944.49 53536 54686 57 641 614
1702082946.45 53537 54688 44 641 623
1702082946.55 53538 54688 44 640 536
1702082947.66 53539 54689 46 641 476
1702082959.92 53540 54701 64 641 624
1702082960.02 53541 54701 64 640 535
1702082960.12 53542 54701 65 640 532
1702082960.48 53543 54701 93 641 567
1702082972.68 53544 54714 4 641 632
1702082982.57 53545 54723 86 641 630
1702082988.87 53546 54730 8 641 565
1702082993.21 53547 54734 32 641 582
1702082995.21 53548 54736 22 641 627
1702082998.78 53549 54739 72 641 624
1702083007.73 53550 54748 58 641 630
1702083018.71 53551 54759 48 641 627
1702083026.07 53552 54766 76 641 612
1702083035.89 53553 54776 50 641 563
1702083037.85 53554 54778 36 641 626
1702083044.24 53555 54784 67 641 565
1702083065.73 53556 54806 9 641 631
1702083079.06 53557 54819 33 641 617
1702083083.61 53558 54823 79 641 616
1702083090.38 53559 54830 47 641 630
1702083091.44 53560 54831 44 640 336
1702083100.59 53561 54840 50 641 467
1702083108.08 53562 54847 91 641 605
1702083108.3 53563 54848 4 641 548
1702083110.87 53564 54850 52 641 626
1702083111.69 53565 54851 25 641 568
1702083121.93 53566 54861 41 641 617
1702083124.58 53567 54863 97 641 625
1702083127.22 53568 54866 52 641 500
1702083128.04 53569 54867 25 641 598
1702083137.27 53570 54876 39 641 622
1702083137.67 53571 54876 69 641 560
1702083142.36 53572 54881 29 641 611
1702083147.33 53573 54886 18 641 551
1702083151.88 53574 54890 64 641 611
1702083164.26 53575 54902 94 641 549
1702083165.94 53576 54904 53 641 627
1702083166.44 53577 54904 93 641 572
1702083172.7 53578 54911 10 641 628
1702083174.06 53579 54912 37 641 625
1702083176.94 53580 54915 15 641 543
1702083182.88 53581 54921 0 641 582
1702083191.76 53582 54929 80 641 609
1702083202.47 53583 54940 43 641 630
1702083203.43 53584 54941 29 641 607
1702083220.94 53585 54958 73 641 616
1702083221.71 53586 54959 41 641 592
1702083224.1 53587 54961 71 641 635
1702083233.91 53588 54971 43 641 627
1702083246.1 53589 54983 54 641 627
1702083258.11 53590 54995 46 641 489
1702083267.7 53591 55004 97 641 520
1702083272.84 53592 55010 2 641 607
1702083273.67 53593 55010 77 641 597
1702083296.33 53594 55033 35 641 621
1702083302.0 53595 55038 94 641 602
1702083302.36 53596 55039 20 641 561
1702083303.74 53597 55040 49 641 633
1702083309.6 53598 55046 27 641 620
1702083325.14 53599 55061 74 641 596
1702083326.48 53600 55062 98 641 608
1702083328.42 53601 55064 82 641 624
1702083329.51 53602 55065 82 641 469
1702083340.72 53603 55076 95 641 607
1702083342.87 53604 55079 1 641 627
1702083349.78 53605 55085 84 641 607
1702083364.18 53606 55100 16 641 617
1702083366.49 53607 55102 37 641 631
1702083369.93 53608 55105 73 641 617
1702083377.93 53609 55113 64 641 621
1702083389.99 53610 55125 63 641 616
1702083409.85 53611 55145 41 641 619
1702083417.64 53612 55153 11 641 626
1702083423.55 53613 55158 93 638 187
1702083427.4 53614 55162 69 641 627
1702083428.87 53615 55164 6 641 620
1702083432.97 53616 55168 9 641 589
1702083437.71 53617 55172 75 641 540
1702083440.51 53618 55175 45 641 620
1702083446.66 53619 55181 51 641 578
1702083451.51 53620 55186 27 641 622
1702083452.6 53621 55187 27 641 616
1702083454.09 53622 55188 66 641 606
1702083460.07 53623 55194 55 641 623
1702083462.54 53624 55196 93 641 622
1702083467.93 53625 55202 22 641 628
1702083468.82 53626 55203 2 641 600
1702083473.06 53627 55207 17 641 557
1702083477.2 53628 55211 22 641 593
1702083483.94 53629 55217 87 641 624
1702083497.16 53630 55231 1 641 609
1702083500.48 53631 55234 25 641 619
1702083502.87 53632 55236 55 641 625
1702083504.8 53633 55238 38 641 625
1702083505.91 53634 55239 40 641 617
1702083510.91 53635 55244 31 641 601
1702083511.64 53636 55244 95 641 392
1702083516.05 53637 55249 26 641 630
1702083519.45 53638 55252 57 641 626
1702083523.48 53639 55256 51 641 614
1702083529.31 53640 55262 25 641 624
1702083531.53 53641 55264 38 641 499
1702083534.75 53642 55267 51 641 620
1702083535.69 53643 55268 36 641 608
1702083576.07 53644 55308 69 641 625
1702083580.22 53645 55312 75 641 630
1702083599.02 53646 55331 48 641 625
1702083618.21 53647 55350 59 641 621
1702083625.21 53648 55357 50 641 625
1702083626.73 53649 55358 93 641 512
1702083628.78 53650 55360 89 641 626
1702083629.29 53651 55361 31 641 575
1702083629.82 53652 55361 75 641 581
1702083631.05 53653 55362 88 641 624
1702083654.71 53654 55386 47 641 635
1702083664.48 53655 55396 15 641 627
1702083669.91 53656 55401 50 641 520
1702083672.05 53657 55403 55 641 559
1702083672.95 53658 55404 36 641 603
1702083673.73 53659 55405 4 641 544
1702083675.2 53660 55406 43 641 627
1702083695.22 53661 55426 37 641 630
1702083698.87 53662 55429 93 641 600
1702083708.53 53663 55439 51 641 600
1702083719.75 53664 55450 65 641 624
1702083728.58 53665 55459 39 641 620
1702083732.9 53666 55463 63 641 624
1702083745.07 53667 55475 72 641 620
1702083746.8 53668 55477 35 641 615
1702083749.46 53669 55479 92 641 511
1702083751.63 53670 55481 99 641 622
1702083753.83 53671 55484 11 641 619
1702083760.59 53672 55490 77 641 629
1702083760.79 53673 55490 88 641 548
1702083760.89 53674 55490 88 640 531
1702083761.78 53675 55491 69 641 610
1702083766.53 53676 55496 35 641 631
1702083771.94 53677 55501 67 641 622
1702083772.04 53678 55501 67 640 535
1702083783.79 53679 55513 35 641 631
1702083785.67 53680 55515 13 641 628
1702083794.24 53681 55523 62 641 626
1702083801.69 53682 55530 98 641 593
1702083818.62 53683 55547 83 641 556
1702083822.93 53684 55552 6 641 618
1702083825.31 53685 55554 34 641 623
1702083825.72 53686 55554 66 641 564
1702083825.82 53687 55554 66 640 534
1702083831.01 53688 55559 78 641 622
1702083832.87 53689 55561 55 641 599
1702083839.87 53690 55568 46 641 585
1702083857.48 53691 55586 0 641 624
1702083868.63 53692 55597 7 641 603
1702083869.37 53693 55597 72 641 589
1702083876.02 53694 55604 28 641 625
1702083902.66 53695 55630 86 641 616
1702083909.58 53696 55637 70 641 619
1702083910.04 53697 55638 6 641 568
1702083910.99 53698 55638 92 641 470
1702083913.71 53699 55641 55 641 629
1702083920.45 53700 55648 20 641 604
1702083928.39 53701 55656 6 641 550
1702083978.15 53702 55705 78 641 626
1702083979.07 53703 55706 61 641 536
1702083980.18 53704 55707 63 641 616
1702083986.8 53705 55714 17 641 629
1702083988.82 53706 55716 10 641 618
1702083992.44 53707 55719 63 641 577
1702083995.96 53708 55723 6 641 632
1702083996.14 53709 55723 14 641 543
1702084002.21 53710 55729 12 641 630
1702084003.45 53711 55730 26 641 523
1702084005.14 53712 55731 86 641 628
1702084011.23 53713 55737 86 641 533
1702084016.89 53714 55743 43 641 624
1702084025.24 53715 55751 70 641 501
1702084025.97 53716 55752 33 641 556
1702084027.37 53717 55753 64 641 597
1702084027.96 53718 55754 13 641 581
1702084036.99 53719 55763 8 641 630
1702084046.74 53720 55772 75 641 635
1702084047.65 53721 55773 56 641 587
1702084055.76 53722 55781 59 641 634
1702084056.34 53723 55782 8 641 579
1702084056.95 53724 55782 59 641 582
1702084060.84 53725 55786 39 641 625
1702084064.3 53726 55789 76 641 605
1702084092.99 53727 55818 39 641 610
1702084095.42 53728 55820 73 641 632
1702084111.38 53729 55836 62 641 633
1702084113.45 53730 55838 59 641 570
1702084118.46 53731 55843 51 641 534
1702084120.95 53732 55845 92 641 632
1702084125.29 53733 55850 16 641 607
1702084127.23 53734 55852 1 641 629
1702084128.88 53735 55853 57 641 628
1702084147.76 53736 55872 37 641 626
1702084151.52 53737 55876 4 641 627
1702084154.86 53738 55879 30 641 589
1702084164.95 53739 55889 30 641 631
1702084198.01 53740 55922 31 641 625
1702084205.9 53741 55930 11 641 614
1702084219.04 53742 55943 17 641 555
1702084222.05 53743 55946 10 641 620
1702084224.38 53744 55948 33 641 612
1702084226.58 53745 55950 44 641 543
1702084240.14 53746 55963 92 641 562
1702084256.35 53747 55980 6 641 636
1702084257.8 53748 55981 42 641 621
1702084269.15 53749 55992 69 641 628
1702084281.17 53750 56004 63 641 624
1702084283.15 53751 56006 51 641 600
1702084293.95 53752 56017 24 641 602
1702084309.26 53753 56032 47 641 627
1702084314.04 53754 56037 16 641 624
1702084316.61 53755 56039 64 641 619
1702084317.91 53756 56040 84 641 595
1702084324.22 53757 56047 7 641 620
1702084335.71 53758 56058 49 641 591
1702084339.97 53759 56062 67 641 620
1702084347.72 53760 56070 33 641 622
1702084356.15 53761 56078 67 641 614
1702084356.8 53762 56079 23 641 584
1702084360.79 53763 56083 13 641 534
1702084363.62 53764 56085 87 641 627
1702084365.16 53765 56087 32 641 620
1702084365.26 53766 56087 32 640 536
1702084368.98 53767 56090 96 641 609
1702084378.38 53768 56100 27 641 617
1702084378.69 53769 56100 49 641 553
1702084380.65 53770 56102 36 641 523
1702084382.78 53771 56104 40 641 627
1702084384.48 53772 56106 1 641 581
1702084389.91 53773 56111 35 641 636
1702084393.4 53774 56114 75 641 622
1702084403.44 53775 56124 70 641 609
1702084408.44 53776 56129 61 641 614
1702084408.54 53777 56129 61 640 536
1702084412.51 53778 56133 50 641 630
1702084414.78 53779 56135 68 641 622
1702084421.03 53780 56141 84 641 631
1702084439.08 53781 56159 81 641 608
1702084444.84 53782 56165 49 641 630
1702084449.71 53783 56170 27 641 552
1702084449.81 53784 56170 27 640 534
1702084451.2 53785 56171 58 641 606
1702084456.43 53786 56176 72 641 622
1702084468.39 53787 56188 60 641 624
1702084474.38 53788 56194 50 641 617
1702084477.72 53789 56197 75 641 622
1702084481.84 53790 56201 77 641 542
1702084493.33 53791 56213 18 641 521
1702084493.43 53792 56213 18 640 534
1702084496.62 53793 56216 29 641 623
1702084496.71 53794 56216 29 640 533
1702084500.16 53795 56219 65 641 632
1702084511.82 53796 56231 23 641 587
1702084513.66 53797 56232 98 641 624
1702084519.51 53798 56238 74 641 628
1702084523.7 53799 56242 83 641 612
1702084524.74 53800 56243 79 641 614
1702084526.3 53801 56245 26 641 627
1702084536.26 53802 56255 14 641 599
1702084536.87 53803 56255 65 641 586
1702084537.35 53804 56256 3 641 572
1702084538.34 53805 56256 94 641 614
1702084543.84 53806 56262 35 641 597
1702084556.24 53807 56274 67 641 562
1702084556.67 53808 56275 1 641 565
1702084558.65 53809 56276 90 641 619
1702084564.8 53810 56282 96 641 629
1702084568.34 53811 56286 41 641 626
1702084582.94 53812 56300 94 641 618
1702084584.7 53813 56302 61 641 603
1702084598.53 53814 56316 36 641 622
1702084613.13 53815 56330 88 641 636
1702084615.09 53816 56332 74 641 624
1702084634.71 53817 56352 29 641 624
1702084635.87 53818 56353 35 641 591
1702084642.89 53819 56360 29 641 560
1702084644.11 53820 56361 42 641 606
1702084645.22 53821 56362 43 641 462
1702084651.11 53822 56368 24 641 631
1702084653.97 53823 56371 0 641 627
1702084660.4 53824 56377 34 641 625
1702084667.29 53825 56384 15 641 623
1702084667.6 53826 56384 37 641 556
1702084676.9 53827 56393 58 641 590
1702084682.87 53828 56399 47 640 291
1702084692.52 53829 56409 3 641 608
1702084692.74 53830 56409 16 641 548
1702084705.32 53831 56421 66 641 623
1702084709.19 53832 56425 44 641 522
1702084711.74 53833 56427 90 641 601
1702084717.5 53834 56433 57 641 620
1702084730.77 53835 56446 77 641 624
1702084751.76 53836 56467 68 641 632
1702084751.85 53837 56467 68 640 531
1702084754.1 53838 56469 84 641 618
1702084762.03 53839 56477 68 641 625
1702084770.09 53840 56485 65 641 617
1702084783.38 53841 56498 86 641 630
1702084786.09 53842 56501 47 641 627
1702084786.78 53843 56502 8 641 587
1702084787.45 53844 56502 66 641 588
1702084788.05 53845 56503 16 641 578
1702084789.47 53846 56504 49 641 626
1702084793.63 53847 56508 56 641 594
1702084801.23 53848 56516 8 641 619
1702084803.62 53849 56518 38 641 630
1702084809.05 53850 56523 71 641 608
1702084820.16 53851 56534 75 641 560
1702084828.33 53852 56542 84 641 466
1702084832.1 53853 56546 52 641 531
1702084845.73 53854 56560 7 641 624
1702084853.21 53855 56567 47 641 624
1702084860.18 53856 56574 36 641 621
1702084860.87 53857 56574 96 641 587
1702084861.14 53858 56575 14 641 557
1702084865.89 53859 56579 79 641 513
1702084870.27 53860 56584 9 641 560
1702084875.04 53861 56588 76 641 617
1702084876.92 53862 56590 56 641 624
1702084884.51 53863 56598 6 641 596
1702084896.58 53864 56610 5 641 508
1702084903.09 53865 56616 48 641 629
1702084903.19 53866 56616 48 640 535
1702084906.48 53867 56619 69 641 631
1702084926.67 53868 56639 81 641 554
1702084928.76 53869 56641 81 641 628
1702084933.86 53870 56646 82 641 589
1702084944.53 53871 56657 40 641 625
1702084950.53 53872 56663 31 641 625
1702084954.02 53873 56666 72 641 613
1702084969.16 53874 56681 77 641 627
1702084969.65 53875 56682 17 641 574
1702084972.45 53876 56684 88 641 627
1702084972.56 53877 56684 89 641 538
1702084979.81 53878 56692 5 641 619
1702084988.24 53879 56700 40 641 582
1702084996.62 53880 56708 69 641 551
1702085001.77 53881 56713 75 641 630
1702085049.01 53882 56760 95 641 630
1702085068.49 53883 56780 37 641 595
1702085074.0 53884 56785 79 641 382
1702085074.1 53885 56785 79 640 536
1702085077.02 53886 56788 63 641 417
1702085078.83 53887 56790 35 641 631
1702085088.74 53888 56800 18 641 520
1702085105.23 53889 56816 59 641 531
1702085105.33 53890 56816 59 640 534
1702085106.48 53891 56817 66 641 623
1702085107.93 53892 56819 2 641 626
1702085112.12 53893 56823 12 641 625
1702085135.28 53894 56846 22 641 622
1702085136.4 53895 56847 24 641 618
1702085142.59 53896 56853 35 641 627
1702085144.69 53897 56855 35 641 581
1702085152.79 53898 56863 36 641 627
1702085160.98 53899 56871 46 641 623
1702085163.58 53900 56873 98 641 625
1702085167.7 53901 56878 1 641 631
1702085176.38 53902 56886 60 641 625
1702085181.84 53903 56891 98 641 629
1702085186.23 53904 56896 28 641 627
1702085187.43 53905 56897 38 641 622
1702085190.04 53906 56899 90 641 611
1702085191.86 53907 56901 63 641 628
1702085202.21 53908 56911 90 641 550
1702085220.58 53909 56930 19 641 621
1702085226.79 53910 56936 32 641 636
1702085229.84 53911 56939 27 641 623
1702085230.96 53912 56940 30 641 617
1702085244.42 53913 56953 68 641 604
1702085244.74 53914 56953 90 641 560
1702085260.24 53915 56969 33 641 617
1702085260.38 53916 56969 38 641 541
1702085263.89 53917 56972 80 641 495
1702085286.76 53918 56995 60 641 546
1702085290.57 53919 56999 32 641 557
1702085291.25 53920 56999 91 641 527
1702085302.48 53921 57011 6 641 628
1702085315.81 53922 57024 31 641 632
1702085355.42 53923 57063 87 641 619
1702085359.83 53924 57068 19 641 620
1702085366.61 53925 57074 89 641 425
1702085368.37 53926 57076 56 641 607
1702085375.11 53927 57083 21 641 620
1702085414.82 53928 57122 87 641 623
1702085415.85 53929 57123 81 641 609
1702085416.82 53930 57124 68 641 608
1702085433.51 53931 57141 30 641 615
1702085436.88 53932 57144 58 641 602
1702085437.14 53933 57144 75 641 553
1702085443.01 53934 57150 53 641 608
1702085452.78 53935 57160 21 641 625
1702085455.06 53936 57162 40 641 627
1702085460.0 53937 57167 25 641 633
1702085492.89 53938 57200 9 641 625
1702085510.2 53939 57217 33 641 627
1702085512.98 53940 57220 2 641 625
1702085534.5 53941 57241 46 641 625
1702085546.23 53942 57253 11 641 519
1702085547.31 53943 57254 10 641 612
1702085549.0 53944 57255 70 641 502
1702085550.84 53945 57257 45 641 527
1702085551.62 53946 57258 13 641 594
1702085558.62 53947 57265 6 641 570
1702085565.4 53948 57271 76 641 585
1702085576.23 53949 57282 50 641 524
1702085581.43 53950 57287 62 641 620
1702085582.54 53951 57288 63 641 601
1702085589.6 53952 57295 60 641 629
1702085590.73 53953 57296 63 641 547
1702085591.13 53954 57296 95 641 564
1702085595.61 53955 57301 34 641 576
1702085610.27 53956 57315 92 641 630
1702085620.54 53957 57326 11 641 610
1702085624.46 53958 57329 94 641 523
1702085641.07 53959 57346 47 641 615
1702085647.47 53960 57352 78 641 596
1702085649.05 53961 57354 27 641 608
1702085674.57 53962 57379 73 641 617
1702085679.07 53963 57384 13 641 609
1702085680.75 53964 57385 72 641 626
1702085683.23 53965 57388 11 641 625
1702085683.58 53966 57388 36 641 558
1702085687.42 53967 57392 11 641 623
1702085690.39 53968 57395 0 641 623
1702085695.64 53969 57400 16 641 616
1702085697.06 53970 57401 49 641 619
1702085700.09 53971 57404 43 641 630
1702085703.01 53972 57407 26 641 597
1702085708.86 53973 57413 3 641 613
1702085710.1 53974 57414 17 641 624
1702085713.98 53975 57417 96 641 632
1702085735.76 53976 57439 67 641 618
1702085739.24 53977 57443 6 641 626
1702085748.35 53978 57452 9 641 604
1702085753.77 53979 57457 42 641 518
1702085756.14 53980 57459 69 641 630
1702085764.64 53981 57468 10 641 585
1702085764.95 53982 57468 32 641 558
1702085786.01 53983 57489 31 641 517
1702085787.67 53984 57490 88 641 620
1702085792.06 53985 57495 17 641 625
1702085794.36 53986 57497 39 641 624
1702085795.75 53987 57498 68 641 626
1702085807.18 53988 57510 3 641 631
1702085810.73 53989 57513 49 641 631
1702085810.84 53990 57513 50 641 532
1702085812.4 53991 57514 97 641 628
1702085816.24 53992 57518 72 641 625
1702085823.68 53993 57526 8 641 432
1702085828.18 53994 57530 50 641 611
1702085832.45 53995 57534 68 641 610
1702085839.84 53996 57541 98 641 536
