1701475200.73 19054 45385 8 641 571
1701475217.72 19055 45401 99 641 630
1701475222.38 19056 45406 56 641 595
1701475234.03 19057 45418 12 641 448
1701475238.39 19058 45422 39 641 539
1701475238.49 19059 45422 39 640 534
1701475245.68 19060 45429 51 641 617
1701475255.29 19061 45439 4 641 543
1701475257.04 19062 45440 69 641 606
1701475257.88 19063 45441 44 641 585
1701475260.53 19064 45444 1 641 628
1701475275.74 19065 45459 14 641 626
1701475275.84 19066 45459 14 640 537
1701475276.29 19067 45459 51 641 564
1701475283.13 19068 45466 26 641 627
1701475283.62 19069 45466 66 641 564
1701475294.71 19070 45477 66 641 620
1701475304.22 19071 45487 9 641 630
1701475310.56 19072 45493 34 641 591
1701475311.61 19073 45494 30 641 595
1701475314.68 19074 45497 28 641 599
1701475320.55 19075 45503 6 641 627
1701475322.29 19076 45504 72 641 630
1701475325.12 19077 45507 45 641 614
1701475330.02 19078 45512 26 641 628
1701475339.76 19079 45521 92 641 619
1701475343.27 19080 45525 34 641 624
1701475353.02 19081 45535 1 641 626
1701475353.42 19082 45535 32 641 518
1701475375.47 19083 45557 30 641 630
1701475379.29 19084 45561 3 641 495
1701475382.84 19085 45564 49 641 620
1701475387.97 19086 45569 53 641 423
1701475413.95 19087 45595 44 641 625
1701475429.93 19088 45611 34 641 612
1701475430.78 19089 45612 10 641 582
1701475435.07 19090 45616 30 641 595
1701475435.55 19091 45616 69 641 562
1701475438.28 19092 45619 33 641 564
1701475449.27 19093 45630 23 641 628
1701475466.39 19094 45647 27 641 620
1701475473.12 19095 45653 92 641 626
1701475479.82 19096 45660 53 641 617
1701475484.4 19097 45665 3 641 620
1701475486.6 19098 45667 14 641 631
1701475495.98 19099 45676 43 641 622
1701475496.56 19100 45676 92 641 570
1701475506.08 19101 45686 36 641 625
1701475523.17 19102 45703 38 640 332
1701475536.28 19103 45716 41 641 618
1701475542.69 19104 45722 73 641 630
1701475545.7 19105 45725 64 641 522
1701475549.54 19106 45729 39 641 502
1701475555.9 19107 45735 67 641 558
1701475571.22 19108 45750 91 641 632
1701475572.48 19109 45752 9 641 609
1701475581.0 19110 45760 52 641 631
1701475583.34 19111 45762 77 641 630
1701475594.22 19112 45773 57 641 621
1701475597.72 19113 45776 98 641 608
1701475619.39 19114 45798 58 641 627
1701475623.06 19115 45802 15 641 626
1701475626.1 19116 45805 10 641 550
1701475632.23 19117 45811 14 641 625
1701475648.69 19118 45827 52 641 582
1701475673.85 19119 45852 62 641 615
1701475674.4 19120 45853 7 641 563
1701475685.03 19121 45863 63 641 625
1701475722.43 19122 45900 98 641 626
1701475728.62 19123 45907 8 641 627
1701475757.24 19124 45935 64 641 601
1701475764.13 19125 45942 44 641 625
1701475764.58 19126 45942 80 641 562
1701475764.83 19127 45942 95 641 550
1701475776.97 19128 45955 0 641 523
1701475781.99 19129 45959 95 641 626
1701475784.21 19130 45962 8 641 625
1701475787.02 19131 45964 79 641 621
1701475788.14 19132 45965 82 641 600
1701475789.96 19133 45967 55 641 614
1701475791.51 19134 45969 1 641 521
1701475792.85 19135 45970 26 641 479
1701475797.19 19136 45974 50 641 628
1701475801.0 19137 45978 23 641 620
1701475808.85 19138 45985 99 641 594
1701475815.68 19139 45992 73 641 536
1701475815.86 19140 45992 82 641 507
1701475845.9 19141 46022 79 641 579
1701475850.78 19142 46027 58 641 628
1701475858.66 19143 46035 38 641 628
1701475859.15 19144 46035 77 641 564
1701475870.18 19145 46046 72 641 610
1701475873.96 19146 46050 41 641 340
1701475882.9 19147 46059 26 641 618
1701475884.89 19148 46061 16 641 626
1701475890.71 19149 46066 89 641 619
1701475891.72 19150 46067 81 641 594
1701475904.38 19151 46080 40 641 576
1701475918.87 19152 46094 81 641 620
1701475924.22 19153 46100 8 641 617
1701475927.79 19154 46103 56 641 582
1701475932.71 19155 46108 39 641 624
1701475934.67 19156 46110 26 641 519
1701475940.91 19157 46116 42 641 616
1701475949.95 19158 46125 37 641 628
1701475951.32 19159 46126 65 641 614
1701475952.78 19160 46128 1 641 618
1701475964.98 19161 46140 13 641 632
1701475965.08 19162 46140 13 640 534
1701475969.22 19163 46144 19 641 612
1701475979.23 19164 46154 12 641 620
1701475991.0 19165 46165 81 641 620
1701475993.73 19166 46168 44 641 607
1701476000.73 19167 46175 36 641 626
1701476012.42 19168 46186 96 641 623
1701476013.79 19169 46188 24 641 615
1701476017.64 19170 46192 0 641 517
1701476043.89 19171 46218 18 641 623
1701476048.68 19172 46222 88 641 604
1701476054.03 19173 46228 15 641 629
1701476056.2 19174 46230 23 641 579
1701476060.82 19175 46234 75 641 630
1701476066.05 19176 46239 90 641 544
1701476068.94 19177 46242 69 641 616
1701476074.97 19178 46248 63 641 632
1701476082.76 19179 46256 33 641 614
1701476084.1 19180 46257 58 641 612
1701476088.31 19181 46261 71 641 617
1701476093.76 19182 46267 7 641 629
1701476102.12 19183 46275 34 641 614
1701476104.54 19184 46277 66 641 626
1701476112.81 19185 46285 85 641 595
1701476116.44 19186 46289 39 641 628
1701476120.31 19187 46293 17 641 515
1701476125.91 19188 46298 69 641 627
1701476142.41 19189 46315 11 641 612
1701476143.59 19190 46316 20 641 532
1701476149.94 19191 46322 46 641 631
1701476155.2 19192 46327 63 641 630
1701476167.3 19193 46339 64 641 594
1701476171.48 19194 46343 73 641 612
1701476177.19 19195 46349 36 641 575
1701476177.8 19196 46349 87 641 571
1701476189.15 19197 46361 14 641 621
1701476195.41 19198 46367 31 641 613
1701476222.94 19199 46394 77 641 523
1701476223.97 19200 46395 71 641 592
1701476227.26 19201 46398 91 641 631
1701476235.08 19202 46406 64 641 626
1701476242.13 19203 46413 60 641 626
1701476249.89 19204 46421 27 641 624
1701476252.22 19205 46423 52 641 628
1701476255.69 19206 46426 90 641 593
1701476257.02 19207 46428 13 641 609
1701476258.25 19208 46429 27 641 609
1701476277.76 19209 46448 71 641 604
1701476296.99 19210 46467 86 641 597
1701476306.08 19211 46476 87 641 628
1701476320.07 19212 46490 77 641 621
1701476320.65 19213 46491 26 641 572
1701476327.48 19214 46498 0 641 572
1701476330.45 19215 46500 88 641 572
1701476336.18 19216 46506 52 641 628
1701476338.5 19217 46508 75 641 622
1701476339.22 19218 46509 38 641 579
1701476353.93 19219 46524 1 641 626
1701476361.9 19220 46531 90 641 624
1701476362.08 19221 46531 99 641 547
1701476385.28 19222 46555 12 641 630
1701476395.51 19223 46565 26 641 611
1701476398.95 19224 46568 61 641 565
1701476399.9 19225 46569 47 641 488
1701476403.59 19226 46573 7 641 624
1701476404.82 19227 46574 20 641 399
1701476407.6 19228 46576 90 641 615
1701476411.35 19229 46580 55 641 621
1701476413.71 19230 46582 82 641 623
1701476415.3 19231 46584 32 641 627
1701476421.5 19232 46590 44 641 620
1701476421.95 19233 46590 79 641 560
1701476423.25 19234 46591 99 641 613
1701476423.89 19235 46592 54 641 496
1701476428.97 19236 46597 52 641 620
1701476435.12 19237 46603 59 641 620
1701476445.59 19238 46613 97 641 627
1701476445.7 19239 46613 99 641 540
1701476454.08 19240 46622 29 641 520
1701476456.39 19241 46624 50 641 632
1701476464.81 19242 46632 84 641 616
1701476470.07 19243 46638 1 641 557
1701476480.28 19244 46648 14 641 628
1701476482.89 19245 46650 65 641 632
1701476493.65 19246 46661 33 641 627
1701476496.01 19247 46663 59 641 628
1701476497.12 19248 46664 61 641 600
1701476514.5 19249 46681 91 641 618
1701476526.14 19250 46693 47 641 621
1701476528.62 19251 46695 87 641 627
1701476532.52 19252 46699 68 641 633
1701476535.54 19253 46702 60 641 626
1701476545.89 19254 46712 87 641 613
1701476574.15 19255 46741 7 641 628
1701476578.33 19256 46745 16 641 630
1701476589.68 19257 46756 42 641 618
1701476593.36 19258 46760 1 641 622
1701476597.57 19259 46764 14 641 630
1701476598.62 19260 46765 10 641 596
1701476610.51 19261 46776 91 641 626
1701476611.45 19262 46777 75 641 593
1701476621.83 19263 46788 5 641 624
1701476622.89 19264 46789 2 641 597
1701476624.21 19265 46790 25 641 613
1701476625.18 19266 46791 12 641 592
1701476625.52 19267 46791 37 641 552
1701476625.94 19268 46791 69 641 562
1701476630.52 19269 46796 18 641 619
1701476633.93 19270 46799 51 641 624
1701476638.87 19271 46804 36 641 628
1701476640.13 19272 46805 52 641 607
1701476647.22 19273 46812 53 641 622
1701476649.69 19274 46814 90 641 630
1701476657.72 19275 46822 85 641 624
1701476663.33 19276 46828 37 641 620
1701476674.54 19277 46839 50 641 558
1701476696.37 19278 46861 26 641 629
1701476702.1 19279 46866 90 641 546
1701476703.16 19280 46867 87 641 596
1701476710.2 19281 46874 82 641 605
1701476711.66 19282 46876 19 641 620
1701476724.72 19283 46889 17 641 584
1701476724.83 19284 46889 19 641 537
1701476726.91 19285 46891 18 641 555
1701476730.78 19286 46894 96 641 615
1701476734.2 19287 46898 29 641 534
1701476734.65 19288 46898 64 641 562
1701476742.33 19289 46906 23 641 632
1701476747.7 19290 46911 51 641 614
1701476749.43 19291 46913 15 641 608
1701476752.85 19292 46916 48 641 624
