1701648032.19 47055 19192 29 641 597
1701648032.56 47056 19192 57 641 563
1701648034.1 47057 19194 2 641 608
1701648038.06 47058 19197 89 641 624
1701648038.51 47059 19198 25 641 570
1701648045.53 47060 19205 18 641 477
1701648046.98 47061 19206 53 641 624
1701648051.38 47062 19210 84 641 617
1701648067.83 47063 19227 21 641 577
1701648070.7 47064 19229 99 641 590
1701648083.22 47065 19242 43 641 623
1701648083.32 47066 19242 43 640 534
1701648086.81 47067 19245 84 641 622
1701648090.39 47068 19249 33 641 624
1701648095.36 47069 19254 22 641 608
1701648105.49 47070 19264 27 641 588
1701648107.42 47071 19266 11 641 636
1701648119.05 47072 19277 66 641 626
1701648122.88 47073 19281 39 641 577
1701648126.39 47074 19284 81 641 619
1701648148.01 47075 19306 35 641 587
1701648162.01 47076 19320 29 641 626
1701648165.79 47077 19323 98 641 624
1701648167.9 47078 19325 99 641 630
1701648181.23 47079 19339 24 641 508
1701648193.43 47080 19351 36 641 631
1701648220.88 47081 19378 75 641 601
1701648221.73 47082 19379 51 641 605
1701648225.2 47083 19382 89 641 624
1701648227.01 47084 19384 60 641 573
1701648231.16 47085 19388 66 641 630
1701648234.74 47086 19392 15 641 631
1701648234.84 47087 19392 15 640 535
1701648236.61 47088 19393 84 641 615
1701648237.88 47089 19395 1 641 619
1701648245.88 47090 19402 93 641 629
1701648249.62 47091 19406 58 641 624
1701648250.73 47092 19407 60 641 630
1701648251.39 47093 19408 17 641 537
1701648257.88 47094 19414 57 641 587
1701648258.8 47095 19415 40 641 577
1701648261.03 47096 19417 54 641 615
1701648263.64 47097 19420 6 641 620
1701648265.37 47098 19421 70 641 620
1701648285.39 47099 19441 64 641 619
1701648302.54 47100 19458 72 641 632
1701648303.6 47101 19459 69 641 614
1701648306.12 47102 19462 12 641 624
1701648318.1 47103 19474 2 641 623
1701648324.74 47104 19480 57 641 628
1701648326.83 47105 19482 56 641 629
1701648327.73 47106 19483 37 641 611
1701648339.76 47107 19495 32 641 609
1701648344.74 47108 19500 21 641 620
1701648345.99 47109 19501 37 641 606
1701648358.31 47110 19513 61 641 620
1701648360.84 47111 19516 5 641 631
1701648361.12 47112 19516 24 641 559
1701648363.89 47113 19518 91 641 618
1701648366.91 47114 19521 85 641 627
1701648369.34 47115 19524 18 641 594
1701648379.98 47116 19534 75 641 545
1701648400.36 47117 19555 5 641 631
1701648413.91 47118 19568 52 641 497
1701648417.54 47119 19572 6 641 624
1701648420.37 47120 19574 80 641 625
1701648423.76 47121 19578 11 641 629
1701648425.23 47122 19579 48 641 621
1701648434.27 47123 19588 43 641 615
1701648434.87 47124 19588 93 641 586
1701648439.44 47125 19593 42 641 619
1701648456.19 47126 19610 9 641 631
1701648465.7 47127 19619 52 641 624
1701648471.02 47128 19624 75 641 628
1701648473.47 47129 19627 11 641 624
1701648479.87 47130 19633 42 641 625
1701648494.89 47131 19648 36 641 521
1701648498.35 47132 19651 72 641 584
1701648499.51 47133 19652 80 641 631
1701648505.71 47134 19658 90 641 627
1701648523.05 47135 19676 17 641 621
1701648525.71 47136 19678 74 641 617
1701648536.85 47137 19689 80 641 615
1701648538.11 47138 19690 97 641 621
1701648541.29 47139 19694 6 641 635
1701648543.68 47140 19696 35 641 567
1701648549.8 47141 19702 38 641 629
1701648556.65 47142 19709 15 641 625
1701648560.52 47143 19712 93 641 616
1701648564.66 47144 19716 98 641 601
1701648570.62 47145 19722 85 641 618
1701648579.56 47146 19731 70 641 624
1701648582.89 47147 19734 94 641 623
1701648595.8 47148 19747 77 641 629
1701648600.43 47149 19752 32 641 556
1701648600.91 47150 19752 70 641 575
1701648604.58 47151 19756 28 641 498
1701648628.03 47152 19779 66 641 627
1701648636.06 47153 19787 60 641 597
1701648637.72 47154 19789 16 641 619
1701648639.07 47155 19790 41 641 564
1701648671.35 47156 19822 64 641 633
1701648687.01 47157 19838 22 641 630
1701648687.69 47158 19838 81 641 592
1701648687.98 47159 19839 0 641 557
1701648700.92 47160 19851 87 641 626
1701648713.19 47161 19864 6 641 588
1701648719.02 47162 19869 80 641 593
1701648725.88 47163 19876 57 641 548
1701648732.0 47164 19882 60 641 620
1701648736.72 47165 19887 24 641 627
1701648748.43 47166 19898 86 641 627
1701648750.71 47167 19901 6 641 626
1701648760.54 47168 19910 81 641 564
1701648770.89 47169 19921 8 641 612
1701648773.66 47170 19923 76 641 625
1701648777.53 47171 19927 55 641 624
1701648793.15 47172 19943 9 641 628
1701648801.76 47173 19951 62 641 623
1701648803.32 47174 19953 8 641 626
1701648803.68 47175 19953 36 641 522
1701648813.39 47176 19962 99 641 612
1701648814.65 47177 19964 16 641 625
1701648815.88 47178 19965 30 641 591
1701648831.08 47179 19980 42 641 630
1701648832.89 47180 19982 14 641 628
1701648836.03 47181 19985 19 641 622
1701648838.81 47182 19987 88 641 588
1701648841.04 47183 19990 2 641 504
1701648844.11 47184 19993 0 641 582
1701648856.38 47185 20005 18 641 603
1701648863.63 47186 20012 34 641 626
1701648869.87 47187 20018 50 641 631
1701648881.93 47188 20030 48 641 621
1701648886.95 47189 20035 41 641 618
1701648890.69 47190 20039 7 641 627
1701648890.83 47191 20039 11 641 540
1701648894.5 47192 20042 69 641 622
1701648901.38 47193 20049 49 641 628
1701648902.42 47194 20050 44 641 622
1701648904.81 47195 20052 74 641 631
1701648925.52 47196 20073 38 641 540
1701648932.42 47197 20080 19 641 623
1701648933.96 47198 20081 64 641 584
1701648934.12 47199 20081 70 641 543
1701648941.92 47200 20089 42 641 598
1701648950.96 47201 20098 38 641 621
1701648952.29 47202 20099 61 641 620
1701648959.76 47203 20107 0 641 521
1701648962.13 47204 20109 28 641 523
1701648969.43 47205 20116 49 641 621
1701648976.31 47206 20123 29 641 628
1701648981.08 47207 20127 97 641 601
1701648988.0 47208 20134 80 641 631
1701648988.93 47209 20135 64 641 613
1701648989.79 47210 20136 40 641 609
1701648997.82 47211 20144 35 641 615
1701648999.31 47212 20145 75 641 529
1701649003.68 47213 20150 3 641 619
1701649010.34 47214 20156 60 641 535
1701649018.91 47215 20165 9 641 592
1701649030.46 47216 20176 56 641 633
1701649039.89 47217 20185 90 641 614
1701649043.95 47218 20189 87 641 622
1701649045.72 47219 20191 55 641 592
1701649049.72 47220 20195 46 641 630
1701649051.51 47221 20197 16 641 630
1701649053.82 47222 20199 38 641 625
1701649057.92 47223 20203 39 641 621
1701649073.61 47224 20219 1 641 626
1701649095.84 47225 20241 16 641 628
1701649105.22 47226 20250 46 641 630
1701649105.89 47227 20251 4 641 592
1701649110.01 47228 20255 8 641 628
1701649120.59 47229 20265 58 641 622
1701649124.02 47230 20268 92 641 627
1701649140.2 47231 20285 3 641 622
1701649141.55 47232 20286 29 641 600
1701649143.72 47233 20288 37 641 628
1701649146.13 47234 20290 69 641 626
1701649160.46 47235 20304 94 641 590
1701649161.68 47236 20306 7 641 625
1701649173.5 47237 20317 82 641 626
1701649177.63 47238 20321 86 641 618
1701649181.39 47239 20325 53 641 633
1701649181.78 47240 20325 83 641 569
1701649184.8 47241 20328 76 641 627
1701649190.01 47242 20333 87 641 630
1701649199.7 47243 20343 48 641 612
1701649201.3 47244 20344 99 641 599
1701649224.23 47245 20367 86 641 624
1701649224.42 47246 20367 95 641 546
1701649227.14 47247 20370 58 641 629
1701649227.99 47248 20371 34 641 605
1701649231.46 47249 20374 73 641 627
1701649242.54 47250 20385 72 641 630
1701649256.23 47251 20399 33 641 627
1701649257.63 47252 20400 63 641 622
1701649261.86 47253 20404 78 641 597
1701649266.49 47254 20409 32 641 624
1701649269.42 47255 20412 16 641 525
1701649282.54 47256 20425 21 641 629
1701649283.79 47257 20426 36 641 633
1701649287.02 47258 20429 50 641 596
1701649297.98 47259 20440 38 641 623
1701649310.53 47260 20452 85 641 530
1701649310.7 47261 20452 93 641 543
1701649316.7 47262 20458 84 641 580
1701649319.4 47263 20461 45 641 625
1701649324.51 47264 20466 48 641 622
1701649326.99 47265 20468 86 641 629
1701649330.17 47266 20471 95 641 560
1701649333.23 47267 20474 92 641 518
1701649339.19 47268 20480 79 641 619
1701649341.83 47269 20483 34 641 630
1701649347.12 47270 20488 54 641 606
1701649355.04 47271 20496 37 641 618
1701649358.62 47272 20499 86 641 625
1701649361.14 47273 20502 29 641 627
1701649367.5 47274 20508 56 641 632
1701649373.43 47275 20514 41 641 620
1701649380.75 47276 20521 64 641 617
1701649404.73 47277 20545 56 641 598
1701649408.7 47278 20549 44 641 496
1701649409.66 47279 20550 30 641 562
1701649418.31 47280 20558 87 641 401
1701649420.12 47281 20560 59 641 629
1701649428.99 47282 20569 38 641 633
1701649429.48 47283 20569 77 641 574
1701649429.62 47284 20569 81 641 541
1701649439.68 47285 20579 79 641 598
1701649439.81 47286 20579 82 641 542
1701649462.79 47287 20602 73 641 585
1701649464.19 47288 20604 5 641 628
1701649469.07 47289 20608 84 641 624
1701649472.61 47290 20612 29 641 629
1701649478.4 47291 20618 0 641 627
1701649478.5 47292 20618 0 640 535
1701649479.04 47293 20618 46 641 583
1701649490.46 47294 20629 80 641 633
1701649491.81 47295 20631 5 641 626
1701649492.51 47296 20631 66 641 595
1701649505.28 47297 20644 36 641 623
1701649505.55 47298 20644 54 641 551
1701649518.83 47299 20657 74 641 627
1701649519.24 47300 20658 6 641 570
1701649522.05 47301 20660 78 641 629
1701649528.93 47302 20667 57 641 615
1701649531.79 47303 20670 34 641 631
1701649532.36 47304 20670 82 641 584
1701649538.22 47305 20676 58 641 625
1701649541.16 47306 20679 43 641 627
1701649541.98 47307 20680 16 641 582
1701649550.96 47308 20689 5 641 628
1701649551.72 47309 20689 72 641 597
1701649556.63 47310 20694 54 641 592
1701649558.02 47311 20695 84 641 580
1701649561.25 47312 20698 98 641 626
1701649562.97 47313 20700 60 641 627
1701649567.4 47314 20704 95 641 632
1701649585.62 47315 20723 9 641 627
1701649593.57 47316 20730 95 641 580
1701649594.47 47317 20731 76 641 588
1701649598.53 47318 20735 73 641 622
1701649598.74 47319 20735 85 641 550
1701649611.53 47320 20748 55 641 628
1701649621.73 47321 20758 66 641 632
1701649625.87 47322 20762 71 641 627
1701649627.59 47323 20764 34 641 529
1701649629.73 47324 20766 38 641 623
1701649631.07 47325 20767 63 641 605
1701649639.84 47326 20776 31 641 613
1701649646.55 47327 20782 94 641 458
1701649662.95 47328 20799 27 641 617
1701649663.51 47329 20799 73 641 581
1701649664.06 47330 20800 18 641 579
1701649666.94 47331 20802 98 641 630
1701649672.71 47332 20808 65 641 628
1701649673.14 47333 20808 99 641 569
1701649677.68 47334 20813 44 641 629
1701649686.54 47335 20822 22 641 625
1701649689.93 47336 20825 52 641 503
1701649690.44 47337 20825 93 641 576
1701649706.03 47338 20841 44 641 625
1701649707.16 47339 20842 48 641 587
1701649712.29 47340 20847 52 641 596
1701649716.82 47341 20851 97 641 620
1701649717.65 47342 20852 70 641 537
1701649746.62 47343 20881 61 641 613
1701649748.61 47344 20883 50 641 405
1701649758.68 47345 20893 49 641 577
1701649769.89 47346 20904 62 641 621
1701649773.21 47347 20907 85 641 632
1701649779.31 47348 20913 86 641 632
1701649780.36 47349 20914 82 641 587
1701649807.33 47350 20941 72 641 627
1701649807.48 47351 20941 77 641 540
1701649814.24 47352 20948 45 641 630
1701649816.26 47353 20950 37 641 624
1701649819.67 47354 20953 70 641 566
1701649822.63 47355 20956 57 641 543
1701649825.85 47356 20959 69 641 622
1701649828.73 47357 20962 48 641 553
1701649832.26 47358 20965 92 641 618
1701649840.11 47359 20973 68 641 627
1701649841.75 47360 20975 23 641 560
1701649848.2 47361 20981 59 641 627
1701649851.97 47362 20985 27 641 632
1701649852.24 47363 20985 45 641 556
1701649857.7 47364 20990 81 641 627
1701649857.83 47365 20990 85 641 543
1701649865.58 47366 20998 51 641 627
1701649868.95 47367 21001 78 641 624
1701649873.11 47368 21005 85 641 630
1701649874.46 47369 21007 11 641 601
1701649876.27 47370 21008 82 641 544
1701649884.47 47371 21016 94 641 624
1701649888.18 47372 21020 56 641 624
1701649901.67 47373 21033 96 641 627
1701649905.26 47374 21037 47 641 624
1701649913.25 47375 21045 38 641 588
1701649916.18 47376 21048 21 641 625
1701649936.36 47377 21068 32 641 586
1701649941.38 47378 21073 25 641 616
1701649941.64 47379 21073 41 641 555
1701649948.72 47380 21080 41 641 563
1701649951.72 47381 21083 32 641 581
1701649960.44 47382 21091 96 641 624
1701649960.81 47383 21092 24 641 527
1701649961.32 47384 21092 66 641 579
1701649961.69 47385 21092 93 641 568
1701649964.07 47386 21095 22 641 535
1701649981.72 47387 21112 79 641 625
1701649983.74 47388 21114 72 641 620
1701649986.24 47389 21117 12 641 560
1701649989.54 47390 21120 34 641 600
1701650005.11 47391 21135 83 641 538
1701650016.5 47392 21147 13 641 447
1701650024.08 47393 21154 62 641 630
1701650035.89 47394 21166 35 641 623
1701650036.29 47395 21166 66 641 570
1701650038.33 47396 21168 61 641 631
1701650047.45 47397 21177 64 641 620
1701650047.81 47398 21177 90 641 562
1701650052.42 47399 21182 42 641 621
1701650053.39 47400 21183 30 641 583
1701650057.87 47401 21187 69 641 513
1701650059.04 47402 21188 77 641 614
1701650062.6 47403 21192 24 641 628
1701650067.27 47404 21196 82 641 582
1701650072.29 47405 21201 75 641 611
1701650074.34 47406 21203 71 641 635
1701650076.05 47407 21205 32 641 470
1701650081.78 47408 21210 97 641 633
1701650095.93 47409 21225 4 641 627
1701650097.19 47410 21226 21 641 568
1701650097.9 47411 21226 82 641 596
1701650098.0 47412 21226 82 640 534
1701650099.14 47413 21227 88 641 613
1701650099.71 47414 21228 35 641 582
1701650101.19 47415 21229 74 641 623
1701650117.4 47416 21245 88 641 565
1701650123.78 47417 21252 17 641 627
1701650127.7 47418 21256 0 641 572
1701650130.72 47419 21258 94 641 606
1701650156.18 47420 21284 34 641 630
1701650159.79 47421 21287 86 641 632
1701650166.11 47422 21294 9 641 620
1701650167.55 47423 21295 44 641 625
1701650171.95 47424 21299 74 641 625
1701650195.44 47425 21323 17 641 622
1701650205.12 47426 21332 77 641 611
1701650207.63 47427 21335 18 641 581
1701650208.63 47428 21336 9 641 619
1701650214.47 47429 21341 85 641 610
1701650216.16 47430 21343 44 641 614
1701650216.56 47431 21343 75 641 567
1701650218.15 47432 21345 24 641 613
1701650218.25 47433 21345 24 640 533
1701650219.18 47434 21346 9 641 618
1701650255.8 47435 21382 66 641 609
1701650258.44 47436 21385 21 641 628
1701650259.03 47437 21385 70 641 583
1701650272.9 47438 21399 50 641 620
1701650279.26 47439 21405 77 641 537
1701650290.0 47440 21416 42 641 620
1701650309.28 47441 21435 62 641 577
1701650326.23 47442 21452 50 641 628
1701650332.98 47443 21459 16 641 619
1701650340.55 47444 21466 65 641 620
1701650352.53 47445 21478 54 641 504
1701650353.69 47446 21479 61 641 496
1701650371.33 47447 21497 17 641 528
1701650374.01 47448 21499 77 641 628
1701650382.23 47449 21507 90 641 626
1701650386.15 47450 21511 74 641 530
1701650387.91 47451 21513 40 641 634
1701650395.12 47452 21520 52 641 628
1701650398.95 47453 21524 27 641 629
1701650402.55 47454 21527 77 641 628
1701650417.4 47455 21542 54 641 567
1701650421.6 47456 21546 65 641 549
1701650424.87 47457 21549 82 641 552
1701650429.25 47458 21554 11 641 611
1701650431.37 47459 21556 13 641 624
1701650432.47 47460 21557 14 641 587
1701650434.85 47461 21559 43 641 627
1701650439.44 47462 21563 93 641 630
1701650442.95 47463 21567 35 641 575
1701650448.9 47464 21573 22 641 630
1701650461.17 47465 21585 41 641 627
1701650463.5 47466 21587 65 641 628
1701650464.64 47467 21588 70 641 598
1701650464.88 47468 21588 85 641 554
1701650465.26 47469 21589 14 641 566
1701650471.19 47470 21594 98 641 629
1701650473.53 47471 21597 22 641 621
1701650474.01 47472 21597 61 641 574
1701650475.83 47473 21599 34 641 619
1701650480.21 47474 21603 63 641 626
1701650481.3 47475 21604 63 641 622
1701650488.38 47476 21611 62 641 582
1701650499.57 47477 21622 72 641 549
1701650506.9 47478 21629 97 641 631
1701650507.55 47479 21630 52 641 586
1701650512.51 47480 21635 39 641 622
1701650520.76 47481 21643 56 641 626
1701650537.06 47482 21659 79 641 551
1701650542.01 47483 21664 65 641 630
1701650544.54 47484 21667 9 641 541
1701650548.33 47485 21670 80 641 625
1701650550.71 47486 21673 9 641 582
1701650553.44 47487 21675 73 641 615
1701650557.23 47488 21679 44 641 618
1701650558.07 47489 21680 18 641 604
1701650559.69 47490 21681 71 641 627
1701650567.66 47491 21689 60 641 629
1701650573.03 47492 21694 88 641 604
1701650574.55 47493 21696 30 641 632
1701650575.69 47494 21697 35 641 628
1701650579.83 47495 21701 40 641 630
1701650581.91 47496 21703 38 641 612
1701650589.06 47497 21710 45 641 623
1701650589.21 47498 21710 50 641 540
1701650590.42 47499 21711 61 641 608
1701650591.35 47500 21712 45 641 613
1701650592.49 47501 21713 50 641 592
1701650597.2 47502 21718 11 641 625
1701650599.07 47503 21719 88 641 381
1701650611.51 47504 21732 24 641 583
1701650623.95 47505 21744 60 641 624
1701650625.03 47506 21745 59 641 623
1701650626.58 47507 21747 5 641 636
1701650634.17 47508 21754 55 641 604
1701650635.05 47509 21755 34 641 607
1701650636.44 47510 21756 64 641 621
1701650637.38 47511 21757 49 641 615
1701650650.75 47512 21770 78 641 626
1701650652.62 47513 21772 56 641 630
1701650655.3 47514 21775 15 641 621
1701650667.02 47515 21786 78 641 606
1701650668.05 47516 21787 72 641 619
1701650669.87 47517 21789 45 641 571
1701650673.32 47518 21792 81 641 624
1701650673.42 47519 21792 81 640 535
1701650677.6 47520 21796 91 641 564
1701650678.18 47521 21797 40 641 544
1701650699.29 47522 21818 43 641 607
1701650706.38 47523 21825 43 641 630
1701650716.06 47524 21835 3 641 621
1701650721.46 47525 21840 34 641 599
1701650721.87 47526 21840 65 641 567
1701650722.77 47527 21841 46 641 611
1701650725.33 47528 21843 92 641 609
1701650727.48 47529 21845 97 641 627
1701650731.08 47530 21849 49 641 621
1701650742.2 47531 21860 53 641 619
1701650750.41 47532 21868 65 641 634
1701650752.14 47533 21870 28 641 624
1701650771.27 47534 21889 34 641 622
1701650772.86 47535 21890 84 641 632
1701650837.88 47536 21955 84 641 619
1701650846.24 47537 21964 11 641 518
1701650846.34 47538 21964 11 640 536
1701650848.76 47539 21966 45 641 628
1701650851.38 47540 21968 99 641 623
1701650861.86 47541 21979 39 641 627
1701650865.65 47542 21983 9 641 624
1701650873.25 47543 21990 61 641 627
1701650884.56 47544 22001 84 641 625
1701650898.71 47545 22015 90 641 630
1701650916.22 47546 22033 35 641 466
1701650924.0 47547 22041 5 641 616
1701650927.46 47548 22044 42 641 632
1701650933.07 47549 22049 94 641 617
1701650934.14 47550 22050 91 641 622
1701650935.84 47551 22052 52 641 617
1701650939.93 47552 22056 52 641 575
1701650948.96 47553 22065 46 641 620
1701650951.5 47554 22067 91 641 595
1701650952.08 47555 22068 40 641 583
1701650954.51 47556 22070 74 641 626
1701650964.32 47557 22080 46 641 619
1701650967.61 47558 22083 66 641 627
1701650977.98 47559 22093 94 641 633
1701650989.93 47560 22105 81 641 626
1701650992.25 47561 22108 5 641 629
1701651000.51 47562 22116 22 641 626
1701651013.77 47563 22129 41 641 627
1701651014.13 47564 22129 67 641 561
1701651020.5 47565 22135 95 641 627
1701651023.39 47566 22138 76 641 624
1701651036.0 47567 22151 29 641 625
1701651037.13 47568 22152 32 641 628
1701651037.58 47569 22152 68 641 573
1701651053.59 47570 22168 61 641 627
1701651059.31 47571 22174 25 641 619
1701651062.3 47572 22177 15 641 623
1701651067.21 47573 22181 97 641 623
1701651094.86 47574 22209 56 641 620
1701651097.32 47575 22211 93 641 623
1701651116.07 47576 22230 60 641 627
1701651127.58 47577 22242 3 641 632
1701651138.34 47578 22252 71 641 625
1701651143.01 47579 22257 30 641 625
1701651143.78 47580 22257 98 641 560
1701651149.35 47581 22263 46 641 621
1701651149.95 47582 22263 97 641 583
1701651155.42 47583 22269 35 641 622
1701651156.17 47584 22270 0 641 564
1701651166.65 47585 22280 40 641 634
1701651173.33 47586 22287 0 641 523
1701651176.33 47587 22289 91 641 584
1701651177.18 47588 22290 67 641 606
1701651177.51 47589 22290 90 641 561
1701651189.92 47590 22303 23 641 396
1701651198.34 47591 22311 57 641 620
1701651212.89 47592 22326 4 641 624
1701651217.61 47593 22330 67 641 627
1701651218.32 47594 22331 29 641 517
1701651220.55 47595 22333 43 641 630
1701651220.65 47596 22333 43 640 538
1701651226.79 47597 22339 49 641 627
1701651242.49 47598 22355 11 641 614
1701651245.27 47599 22357 81 641 632
1701651245.84 47600 22358 28 641 578
1701651248.7 47601 22361 5 641 599
1701651258.59 47602 22370 86 641 624
1701651265.29 47603 22377 48 641 631
1701651267.23 47604 22379 33 641 601
1701651277.27 47605 22389 28 641 633
1701651279.64 47606 22391 55 641 632
1701651284.2 47607 22396 2 641 591
1701651287.11 47608 22398 85 641 615
1701651291.37 47609 22403 1 641 628
1701651294.91 47610 22406 46 641 628
1701651295.41 47611 22406 88 641 574
1701651298.61 47612 22409 99 641 600
1701651298.71 47613 22409 99 640 535
1701651308.38 47614 22419 58 641 627
1701651310.36 47615 22421 46 641 627
1701651310.72 47616 22421 73 641 567
1701651313.67 47617 22424 59 641 622
1701651317.17 47618 22427 99 641 628
1701651326.53 47619 22437 27 641 598
1701651329.08 47620 22439 73 641 582
1701651330.96 47621 22441 52 641 609
1701651331.32 47622 22441 79 641 565
1701651336.14 47623 22446 51 641 593
1701651338.33 47624 22448 61 641 618
1701651339.8 47625 22449 99 641 629
1701651340.3 47626 22450 40 641 575
1701651352.62 47627 22462 64 641 628
1701651371.52 47628 22481 46 641 628
1701651383.39 47629 22493 25 641 624
1701651392.2 47630 22501 98 641 627
1701651398.9 47631 22508 59 641 624
1701651404.76 47632 22514 36 641 627
1701651405.54 47633 22515 5 641 602
1701651407.14 47634 22516 56 641 631
1701651410.86 47635 22520 20 641 633
1701651419.73 47636 22528 98 641 598
1701651419.91 47637 22529 7 641 549
1701651425.24 47638 22534 30 641 628
1701651431.71 47639 22540 69 641 578
1701651432.16 47640 22541 5 641 573
1701651433.81 47641 22542 61 641 629
1701651471.92 47642 22580 66 641 573
1701651475.58 47643 22584 23 641 624
1701651478.28 47644 22586 83 641 604
1701651481.2 47645 22589 66 641 627
1701651490.5 47646 22598 87 641 632
1701651492.69 47647 22600 97 641 630
1701651496.24 47648 22604 43 641 455
1701651529.34 47649 22637 47 641 618
1701651534.45 47650 22642 49 641 627
1701651537.27 47651 22645 22 641 601
1701651537.78 47652 22645 63 641 575
1701651552.98 47653 22660 75 641 599
1701651557.51 47654 22665 20 641 628
1701651564.82 47655 22672 42 641 515
1701651573.21 47656 22680 72 641 629
1701651574.11 47657 22681 53 641 576
1701651576.41 47658 22683 74 641 581
1701651577.47 47659 22684 71 641 623
1701651578.7 47660 22685 85 641 622
1701651583.38 47661 22690 44 641 624
1701651594.01 47662 22700 99 641 620
1701651595.32 47663 22702 21 641 597
1701651605.49 47664 22712 30 641 577
1701651618.04 47665 22724 77 641 612
1701651637.03 47666 22743 68 641 596
1701651642.05 47667 22748 61 641 622
1701651642.91 47668 22749 38 641 608
1701651643.54 47669 22749 91 641 589
1701651644.95 47670 22751 23 641 620
1701651650.82 47671 22757 1 641 510
1701651655.93 47672 22762 3 641 566
1701651663.44 47673 22769 46 641 579
1701651698.31 47674 22804 27 641 623
1701651700.95 47675 22806 82 641 599
1701651704.58 47676 22810 36 641 633
1701651706.79 47677 22812 48 641 578
1701651720.81 47678 22826 43 641 629
1701651728.35 47679 22833 88 641 627
1701651729.2 47680 22834 63 641 605
1701651730.85 47681 22836 19 641 629
1701651736.62 47682 22841 88 641 586
1701651737.31 47683 22842 47 641 591
1701651738.55 47684 22843 62 641 594
1701651740.2 47685 22845 17 641 580
1701651740.53 47686 22845 41 641 562
1701651746.74 47687 22851 54 641 626
1701651753.14 47688 22857 85 641 538
1701651764.34 47689 22868 97 641 560
1701651768.69 47690 22873 23 641 628
1701651768.8 47691 22873 24 641 537
1701651778.82 47692 22883 18 641 607
1701651789.03 47693 22893 31 641 604
1701651791.79 47694 22895 98 641 631
1701651792.06 47695 22896 16 641 556
1701651802.12 47696 22906 14 641 631
1701651811.78 47697 22915 71 641 632
1701651814.0 47698 22917 83 641 624
1701651816.73 47699 22920 47 641 613
1701651816.83 47700 22920 47 640 534
1701651821.14 47701 22924 70 641 622
1701651828.22 47702 22931 70 641 595
1701651829.35 47703 22932 73 641 584
1701651835.56 47704 22938 85 641 624
1701651838.16 47705 22941 36 641 625
1701651854.43 47706 22957 55 641 632
1701651857.26 47707 22960 29 641 624
1701651861.86 47708 22964 80 641 490
1701651865.84 47709 22968 69 641 630
1701651866.44 47710 22969 20 641 585
1701651870.99 47711 22973 66 641 616
1701651883.5 47712 22986 9 641 629
1701651897.72 47713 23000 24 641 624
1701651898.75 47714 23001 18 641 620
1701651902.76 47715 23005 10 641 506
1701651904.45 47716 23006 70 641 583
1701651906.52 47717 23008 67 641 517
1701651909.46 47718 23011 52 641 630
1701651915.26 47719 23017 23 641 624
1701651929.01 47720 23030 90 641 630
1701651930.26 47721 23032 6 641 609
1701651939.91 47722 23041 62 641 603
1701651954.4 47723 23056 3 641 611
1701651958.39 47724 23059 94 641 629
1701651964.71 47725 23066 18 641 590
1701651970.76 47726 23072 14 641 629
1701651975.33 47727 23076 62 641 523
1701651978.33 47728 23079 52 641 625
1701651978.49 47729 23079 59 641 544
1701651979.8 47730 23080 81 641 621
1701651981.76 47731 23082 67 641 629
1701652027.17 47732 23128 4 641 627
1701652033.67 47733 23134 45 641 627
1701652036.48 47734 23137 17 641 626
1701652038.29 47735 23138 89 641 611
1701652046.59 47736 23147 11 641 634
1701652050.25 47737 23150 68 641 628
1701652052.94 47738 23153 28 641 601
1701652054.47 47739 23154 72 641 556
1701652055.32 47740 23155 47 641 606
1701652062.37 47741 23162 44 641 556
1701652063.54 47742 23163 51 641 632
1701652064.65 47743 23164 53 641 628
1701652076.56 47744 23176 36 641 405
1701652077.79 47745 23177 50 641 563
1701652081.36 47746 23180 98 641 628
1701652100.31 47747 23199 86 641 576
1701652109.7 47748 23209 17 641 626
1701652118.88 47749 23218 26 641 612
1701652123.65 47750 23222 94 641 522
1701652127.94 47751 23227 14 641 627
1701652128.82 47752 23227 93 641 609
1701652140.1 47753 23239 12 641 629
1701652144.11 47754 23243 5 641 608
1701652147.47 47755 23246 32 641 511
1701652152.32 47756 23251 8 641 483
1701652154.59 47757 23253 25 641 540
1701652157.28 47758 23255 85 641 620
1701652160.07 47759 23258 55 641 525
1701652163.13 47760 23261 52 641 608
1701652166.11 47761 23264 40 641 628
1701652166.63 47762 23264 83 641 513
1701652182.97 47763 23281 9 641 612
1701652183.57 47764 23281 60 641 583
1701652186.47 47765 23284 41 641 618
1701652187.63 47766 23285 48 641 632
1701652205.09 47767 23302 86 641 605
1701652208.46 47768 23306 14 641 624
1701652209.89 47769 23307 47 641 624
1701652215.79 47770 23313 28 641 600
1701652217.72 47771 23315 12 641 583
1701652219.48 47772 23316 79 641 632
1701652219.99 47773 23317 21 641 579
1701652229.61 47774 23326 75 641 632
1701652233.76 47775 23330 81 641 624
1701652260.09 47776 23357 8 641 621
1701652261.03 47777 23357 93 641 612
1701652262.53 47778 23359 34 641 632
1701652262.63 47779 23359 34 640 536
1701652290.26 47780 23386 92 641 589
1701652296.09 47781 23392 66 641 615
1701652296.52 47782 23393 0 641 570
1701652299.61 47783 23396 1 641 630
1701652316.3 47784 23412 62 641 589
1701652317.0 47785 23413 23 641 594
1701652327.26 47786 23423 41 641 625
1701652336.92 47787 23432 98 641 624
1701652358.62 47788 23454 61 641 573
1701652372.31 47789 23468 22 641 627
1701652379.62 47790 23475 45 641 576
1701652381.51 47791 23477 24 641 588
1701652382.33 47792 23477 97 641 606
1701652384.92 47793 23480 46 641 617
1701652391.31 47794 23486 76 641 628
1701652395.91 47795 23491 27 641 626
1701652396.13 47796 23491 39 641 549
1701652398.49 47797 23493 66 641 623
1701652400.88 47798 23495 96 641 624
1701652413.92 47799 23508 92 641 630
1701652427.14 47800 23522 6 641 620
1701652433.91 47801 23528 74 641 624
1701652435.63 47802 23530 36 641 625
1701652441.52 47803 23536 18 641 627
1701652445.72 47804 23540 29 641 571
1701652452.16 47805 23546 64 641 620
1701652464.7 47806 23559 11 641 632
1701652471.63 47807 23565 95 641 519
1701652496.26 47808 23590 51 641 625
1701652501.97 47809 23596 13 641 621
1701652505.49 47810 23599 56 641 632
1701652506.83 47811 23600 81 641 537
1701652527.1 47812 23621 1 641 633
1701652534.53 47813 23628 35 641 588
1701652537.32 47814 23631 5 641 621
1701652553.17 47815 23646 82 641 572
1701652559.67 47816 23653 23 641 625
1701652568.88 47817 23662 36 641 608
1701652578.73 47818 23672 12 641 617
1701652593.77 47819 23687 9 641 629
1701652603.82 47820 23697 6 641 604
1701652616.98 47821 23710 15 641 626
1701652625.86 47822 23718 94 641 620
1701652628.22 47823 23721 21 641 562
1701652664.21 47824 23757 14 641 574
1701652666.05 47825 23758 89 641 625
1701652670.82 47826 23763 57 641 630
1701652672.39 47827 23765 5 641 580
1701652674.64 47828 23767 21 641 627
1701652677.24 47829 23769 72 641 612
1701652678.55 47830 23770 94 641 615
1701652683.05 47831 23775 35 641 623
1701652685.92 47832 23778 12 641 636
1701652692.64 47833 23784 75 641 628
1701652695.61 47834 23787 63 641 620
1701652699.61 47835 23791 54 641 563
1701652704.35 47836 23796 19 641 629
1701652704.45 47837 23796 19 640 533
1701652717.04 47838 23808 71 641 601
1701652718.83 47839 23810 41 641 627
1701652725.42 47840 23816 91 641 350
1701652727.49 47841 23818 89 641 622
1701652734.81 47842 23826 13 641 621
1701652737.35 47843 23828 57 641 628
1701652749.31 47844 23840 46 641 628
1701652761.52 47845 23852 59 641 628
1701652766.77 47846 23857 75 641 537
1701652773.38 47847 23864 27 641 604
1701652777.23 47848 23868 3 641 632
1701652778.77 47849 23869 48 641 626
1701652787.81 47850 23878 43 641 626
1701652793.75 47851 23884 29 641 608
1701652793.96 47852 23884 40 641 549
1701652794.25 47853 23884 59 641 558
1701652802.57 47854 23892 83 641 628
1701652807.01 47855 23897 18 641 526
1701652811.67 47856 23901 75 641 627
1701652813.84 47857 23903 83 641 602
1701652818.1 47858 23908 0 641 626
1701652818.35 47859 23908 15 641 554
1701652819.09 47860 23908 79 641 600
1701652820.04 47861 23909 66 641 618
1701652820.19 47862 23909 71 641 540
1701652821.09 47863 23910 52 641 616
1701652824.86 47864 23914 20 641 577
1701652838.97 47865 23928 24 641 632
1701652842.78 47866 23931 96 641 554
1701652847.71 47867 23936 80 641 630
1701652855.93 47868 23944 94 641 613
1701652856.99 47869 23945 90 641 623
1701652865.22 47870 23954 5 641 603
1701652868.34 47871 23957 8 641 634
1701652877.46 47872 23966 12 641 524
1701652885.13 47873 23973 70 641 608
1701652890.95 47874 23979 43 641 631
1701652896.0 47875 23984 39 641 589
1701652899.58 47876 23987 88 641 616
1701652903.5 47877 23991 71 641 602
1701652905.6 47878 23993 72 641 630
1701652908.33 47879 23996 36 641 595
1701652921.11 47880 24009 7 641 632
1701652926.35 47881 24014 22 641 624
1701652928.8 47882 24016 58 641 624
1701652929.86 47883 24017 55 641 589
1701652943.36 47884 24030 96 641 631
1701652945.26 47885 24032 77 641 624
1701652951.32 47886 24038 74 641 629
1701652952.29 47887 24039 62 641 614
1701652952.93 47888 24040 16 641 588
1701652965.66 47889 24052 81 641 623
1701652969.24 47890 24056 29 641 629
1701652970.44 47891 24057 40 641 632
1701652970.69 47892 24057 56 641 551
1701652971.56 47893 24058 33 641 478
1701652980.45 47894 24067 14 641 633
1701652988.8 47895 24075 40 641 632
1701652997.14 47896 24083 66 641 475
1701652998.93 47897 24085 36 641 595
1701653001.79 47898 24088 13 641 621
1701653009.69 47899 24095 94 641 622
1701653014.19 47900 24100 35 641 628
1701653018.52 47901 24104 59 641 630
1701653021.2 47902 24107 18 641 616
1701653024.11 47903 24110 0 641 629
1701653024.32 47904 24110 12 641 550
1701653028.35 47905 24114 6 641 504
1701653033.13 47906 24118 75 641 620
1701653043.52 47907 24129 6 641 515
1701653047.01 47908 24132 46 641 631
1701653047.19 47909 24132 56 641 550
1701653054.93 47910 24140 21 641 630
1701653073.4 47911 24158 60 641 561
1701653076.87 47912 24161 98 641 632
1701653077.32 47913 24162 33 641 571
1701653080.57 47914 24165 50 641 616
1701653092.72 47915 24177 57 641 620
1701653094.84 47916 24179 60 641 482
1701653098.49 47917 24183 16 641 622
1701653118.18 47918 24202 78 641 631
1701653127.2 47919 24211 71 641 625
1701653127.32 47920 24211 74 641 492
1701653135.68 47921 24220 1 641 625
1701653136.83 47922 24221 7 641 603
1701653139.4 47923 24223 55 641 613
1701653141.23 47924 24225 29 641 628
1701653150.98 47925 24234 95 641 629
1701653152.33 47926 24236 21 641 510
1701653152.87 47927 24236 67 641 579
1701653157.96 47928 24241 66 641 632
1701653158.46 47929 24242 8 641 496
1701653163.25 47930 24246 79 641 632
1701653163.35 47931 24246 79 640 536
1701653165.63 47932 24248 98 641 628
1701653178.4 47933 24261 67 641 336
1701653183.9 47934 24267 8 641 627
1701653191.11 47935 24274 21 641 623
1701653194.49 47936 24277 50 641 628
1701653213.12 47937 24296 6 641 630
1701653214.84 47938 24297 69 641 563
1701653214.99 47939 24297 74 641 544
1701653220.91 47940 24303 58 641 628
1701653231.47 47941 24314 6 641 525
1701653235.9 47942 24318 40 641 600
1701653239.97 47943 24322 37 641 604
1701653242.47 47944 24324 78 641 630
1701653243.35 47945 24325 57 641 608
1701653256.24 47946 24338 38 641 631
1701653261.25 47947 24343 30 641 624
1701653262.61 47948 24344 56 641 599
1701653266.06 47949 24347 92 641 623
1701653286.98 47950 24368 77 641 506
1701653288.16 47951 24369 86 641 575
1701653293.22 47952 24374 82 641 627
