1701993604.36 40021 32050 88 641 570
1701993617.06 40022 32063 50 641 621
1701993619.43 40023 32065 78 641 579
1701993627.22 40024 32073 49 641 515
1701993627.6 40025 32073 77 641 564
1701993629.55 40026 32075 63 641 619
1701993629.89 40027 32075 87 641 557
1701993642.47 40028 32088 36 641 632
1701993656.15 40029 32101 97 641 628
1701993673.43 40030 32119 17 641 593
1701993680.81 40031 32126 46 641 622
1701993684.55 40032 32130 11 641 624
1701993688.6 40033 32134 7 641 630
1701993702.62 40034 32148 1 641 622
1701993706.75 40035 32152 5 641 591
1701993708.75 40036 32153 96 641 627
1701993713.66 40037 32158 78 641 626
1701993714.79 40038 32159 82 641 619
1701993720.29 40039 32165 23 641 631
1701993720.97 40040 32165 82 641 585
1701993735.78 40041 32180 55 641 626
1701993736.93 40042 32181 61 641 537
1701993749.35 40043 32193 95 641 557
1701993756.23 40044 32200 74 641 633
1701993764.33 40045 32208 76 641 620
1701993765.8 40046 32210 14 641 614
1701993767.66 40047 32211 91 641 618
1701993776.47 40048 32220 64 641 612
1701993781.94 40049 32226 2 641 629
1701993785.06 40050 32229 5 641 579
1701993785.99 40051 32229 89 641 605
1701993786.27 40052 32230 8 641 554
1701993787.68 40053 32231 40 641 623
1701993790.99 40054 32234 62 641 542
1701993793.9 40055 32237 43 641 628
1701993797.99 40056 32241 45 641 630
1701993805.01 40057 32248 38 641 423
1701993808.01 40058 32251 29 641 516
1701993809.41 40059 32252 60 641 611
1701993814.59 40060 32257 69 641 628
1701993852.03 40061 32295 8 641 502
1701993855.99 40062 32298 95 641 624
1701993861.57 40063 32304 44 641 629
1701993861.89 40064 32304 67 641 556
1701993862.01 40065 32304 69 641 537
1701993864.59 40066 32307 17 641 616
1701993867.56 40067 32310 7 641 621
1701993871.48 40068 32313 90 641 626
1701993871.58 40069 32313 90 640 533
1701993873.81 40070 32316 5 641 626
1701993880.94 40071 32323 10 641 518
1701993883.62 40072 32325 69 641 618
1701993889.45 40073 32331 43 641 627
1701993893.46 40074 32335 36 641 624
1701993906.85 40075 32348 67 641 628
1701993907.83 40076 32349 56 641 611
1701993921.27 40077 32362 91 641 626
1701993923.83 40078 32365 38 641 616
1701993941.9 40079 32383 37 641 621
1701993946.52 40080 32387 90 641 632
1701993948.0 40081 32389 29 641 610
1701993948.98 40082 32390 18 641 607
1701993951.79 40083 32392 90 641 528
1701993952.99 40084 32394 0 641 538
1701993955.62 40085 32396 54 641 630
1701993957.83 40086 32398 66 641 624
1701993958.23 40087 32398 96 641 564
1701993965.71 40088 32406 35 641 634
1701993978.49 40089 32419 5 641 586
1701993990.12 40090 32430 61 641 624
1701994011.85 40091 32452 27 641 626
1701994012.97 40092 32453 30 641 620
1701994015.91 40093 32456 15 641 630
1701994019.81 40094 32459 96 641 567
1701994027.86 40095 32467 93 641 628
1701994029.28 40096 32469 25 641 607
1701994037.51 40097 32477 40 641 630
1701994037.61 40098 32477 40 640 536
1701994039.08 40099 32478 79 641 572
1701994042.46 40100 32482 7 641 628
1701994063.36 40101 32502 91 641 604
1701994067.03 40102 32506 49 641 631
1701994069.31 40103 32508 67 641 625
1701994070.84 40104 32510 11 641 620
1701994078.51 40105 32517 70 641 572
1701994078.95 40106 32518 4 641 567
1701994080.32 40107 32519 33 641 624
1701994092.57 40108 32531 50 641 633
1701994095.87 40109 32534 71 641 627
1701994095.97 40110 32534 71 640 534
1701994101.47 40111 32540 13 641 634
1701994111.1 40112 32549 68 641 504
1701994113.46 40113 32551 95 641 624
1701994128.33 40114 32566 74 641 620
1701994132.18 40115 32570 51 641 636
1701994145.68 40116 32583 93 641 623
1701994160.24 40117 32598 41 641 614
1701994167.46 40118 32605 54 641 625
1701994168.32 40119 32606 31 641 600
1701994172.52 40120 32610 42 641 624
1701994175.95 40121 32613 76 641 616
1701994177.3 40122 32615 1 641 634
1701994187.24 40123 32624 88 641 622
1701994189.59 40124 32627 13 641 620
1701994194.3 40125 32631 76 641 622
1701994201.38 40126 32638 75 641 603
1701994207.72 40127 32645 0 641 615
1701994216.96 40128 32654 17 641 620
1701994217.82 40129 32654 94 641 583
1701994218.71 40130 32655 74 641 536
1701994224.93 40131 32661 87 641 586
1701994231.47 40132 32668 32 641 613
1701994237.02 40133 32673 78 641 624
1701994242.25 40134 32678 93 641 589
1701994246.72 40135 32683 31 641 518
1701994249.69 40136 32686 19 641 613
1701994253.1 40137 32689 51 641 623
1701994254.19 40138 32690 50 641 618
1701994254.29 40139 32690 50 640 535
1701994259.67 40140 32695 80 641 562
1701994260.77 40141 32696 81 641 617
1701994266.48 40142 32702 44 641 625
1701994277.82 40143 32713 69 641 596
1701994280.01 40144 32715 79 641 625
1701994283.19 40145 32718 88 641 615
1701994310.32 40146 32745 95 641 626
1701994326.24 40147 32761 79 641 632
1701994328.86 40148 32764 31 641 628
1701994336.63 40149 32772 0 641 628
1701994338.04 40150 32773 32 641 619
1701994344.53 40151 32779 72 641 622
1701994351.79 40152 32786 89 641 516
1701994352.35 40153 32787 36 641 574
1701994356.93 40154 32791 86 641 627
1701994365.46 40155 32800 30 641 616
1701994371.13 40156 32805 88 641 620
1701994374.08 40157 32808 74 641 622
1701994375.87 40158 32810 43 640 299
1701994383.58 40159 32818 6 641 606
1701994390.29 40160 32824 68 641 632
1701994393.23 40161 32827 54 641 624
1701994401.37 40162 32835 59 641 624
1701994405.04 40163 32839 17 641 622
1701994439.0 40164 32873 7 641 630
1701994450.95 40165 32884 94 641 624
1701994455.2 40166 32889 10 641 629
1701994459.79 40167 32893 60 641 622
1701994481.54 40168 32915 28 641 595
1701994482.56 40169 32916 20 641 611
1701994487.46 40170 32921 2 641 614
1701994496.85 40171 32930 33 641 619
1701994503.53 40172 32936 92 641 490
1701994508.46 40173 32941 77 640 323
1701994510.66 40174 32943 87 641 596
1701994511.8 40175 32944 91 641 621
1701994537.74 40176 32970 79 641 627
1701994541.06 40177 32974 2 641 623
1701994543.36 40178 32976 23 641 532
1701994549.45 40179 32982 23 641 617
1701994555.45 40180 32988 14 641 625
1701994569.16 40181 33001 77 641 619
1701994585.81 40182 33018 34 641 627
1701994585.91 40183 33018 34 640 531
1701994586.62 40184 33018 96 641 570
1701994591.4 40185 33023 65 641 627
1701994601.41 40186 33033 58 641 521
1701994604.3 40187 33036 38 641 627
1701994605.78 40188 33037 76 641 596
1701994608.18 40189 33040 7 641 631
1701994612.75 40190 33044 55 641 624
1701994615.44 40191 33047 14 641 620
1701994636.52 40192 33068 15 641 629
1701994639.97 40193 33071 51 641 467
1701994652.87 40194 33084 33 641 633
1701994653.0 40195 33084 36 641 539
1701994657.6 40196 33088 87 641 592
1701994670.86 40197 33102 4 641 434
1701994674.83 40198 33105 93 641 595
1701994700.77 40199 33131 80 641 628
1701994708.39 40200 33139 34 641 607
1701994713.57 40201 33144 43 641 617
1701994713.93 40202 33144 69 641 560
1701994715.49 40203 33146 16 641 519
1701994718.74 40204 33149 32 641 587
1701994733.04 40205 33163 53 641 627
1701994733.41 40206 33163 81 641 559
1701994735.33 40207 33165 64 641 627
1701994737.1 40208 33167 32 641 624
1701994745.98 40209 33176 11 641 370
1701994751.88 40210 33181 93 641 592
1701994765.66 40211 33195 62 641 626
1701994765.76 40212 33195 62 640 534
1701994769.73 40213 33199 51 641 620
1701994771.96 40214 33201 65 641 628
1701994784.92 40215 33214 53 641 615
1701994797.5 40216 33227 3 641 623
1701994812.83 40217 33242 29 641 620
1701994819.49 40218 33248 86 641 628
1701994828.36 40219 33257 64 641 619
1701994841.27 40220 33270 47 641 623
1701994847.1 40221 33276 21 641 624
1701994848.15 40222 33277 17 641 614
1701994850.39 40223 33279 32 641 579
1701994851.51 40224 33280 34 641 587
1701994856.63 40225 33285 37 641 625
1701994863.3 40226 33291 95 641 628
1701994863.4 40227 33291 95 640 536
1701994865.82 40228 33294 29 641 520
1701994866.1 40229 33294 47 641 554
1701994890.28 40230 33318 59 641 628
1701994892.56 40231 33320 78 641 615
1701994894.29 40232 33322 41 641 628
1701994897.96 40233 33325 99 641 618
1701994898.49 40234 33326 43 641 508
1701994899.12 40235 33326 96 641 584
1701994902.94 40236 33330 69 641 589
1701994911.72 40237 33339 38 641 626
1701994920.62 40238 33348 19 641 530
1701994925.42 40239 33352 91 641 615
1701994926.16 40240 33353 56 641 591
1701994938.96 40241 33366 28 641 631
1701994951.51 40242 33378 75 641 628
1701994951.68 40243 33378 82 641 545
1701994956.58 40244 33383 64 641 623
1701994958.76 40245 33385 73 641 619
1701994961.1 40246 33387 98 641 626
1701994962.41 40247 33389 19 641 614
1701994971.81 40248 33398 50 641 625
1701994981.63 40249 33408 24 641 635
1701994992.99 40250 33419 52 641 625
1701994994.76 40251 33421 20 641 632
1701994996.49 40252 33422 84 641 616
1701995017.69 40253 33443 96 641 627
1701995022.6 40254 33448 79 641 628
1701995030.75 40255 33456 85 641 619
1701995048.54 40256 33474 56 641 615
1701995060.32 40257 33486 26 641 627
1701995071.99 40258 33497 84 641 605
1701995075.47 40259 33501 24 641 627
1701995099.51 40260 33525 21 641 580
1701995102.13 40261 33527 74 641 631
1701995104.43 40262 33529 94 641 607
1701995105.42 40263 33530 84 641 610
1701995105.75 40264 33531 7 641 555
1701995121.34 40265 33546 59 641 579
1701995122.7 40266 33547 86 641 616
1701995123.08 40267 33548 15 641 561
1701995126.66 40268 33551 64 641 631
1701995136.86 40269 33561 75 641 614
1701995137.08 40270 33561 88 641 462
1701995139.34 40271 33564 5 641 613
1701995139.59 40272 33564 21 641 551
1701995144.25 40273 33568 79 641 509
1701995144.46 40274 33568 91 641 551
1701995146.95 40275 33571 30 641 632
1701995151.96 40276 33576 22 641 627
1701995164.55 40277 33588 73 641 628
1701995165.04 40278 33589 13 641 572
1701995169.74 40279 33593 73 641 623
1701995171.41 40280 33595 30 641 627
1701995171.95 40281 33595 76 641 579
1701995173.58 40282 33597 30 641 612
1701995181.1 40283 33604 73 641 518
1701995189.9 40284 33613 44 641 635
1701995194.91 40285 33618 37 641 624
1701995199.09 40286 33622 46 641 627
1701995204.21 40287 33627 49 641 551
1701995212.08 40288 33635 28 641 600
1701995213.96 40289 33637 7 641 631
1701995216.38 40290 33639 41 641 620
1701995222.99 40291 33645 93 641 593
1701995223.88 40292 33646 73 641 604
1701995231.95 40293 33654 72 641 605
1701995246.48 40294 33669 17 641 627
1701995251.56 40295 33674 16 641 630
1701995257.95 40296 33680 46 641 627
1701995263.19 40297 33685 61 641 626
1701995267.71 40298 33690 5 641 627
1701995271.24 40299 33693 48 641 615
1701995272.45 40300 33694 60 641 626
1701995276.82 40301 33698 88 641 608
1701995280.33 40302 33702 29 641 633
1701995294.15 40303 33716 4 641 629
1701995302.99 40304 33724 79 641 624
1701995309.99 40305 33731 71 641 588
1701995314.11 40306 33735 74 641 559
1701995330.07 40307 33751 62 641 619
1701995337.78 40308 33759 24 641 611
1701995355.93 40309 33777 32 641 632
1701995358.36 40310 33779 66 641 630
1701995366.71 40311 33787 93 641 631
1701995373.06 40312 33794 19 641 575
1701995381.44 40313 33802 48 641 621
1701995384.89 40314 33805 84 641 546
1701995394.24 40315 33815 11 641 628
1701995396.61 40316 33817 39 641 621
1701995406.43 40317 33827 13 641 593
1701995412.32 40318 33832 93 641 627
1701995414.44 40319 33834 96 641 624
1701995418.19 40320 33838 61 641 528
1701995428.45 40321 33848 79 641 622
1701995437.6 40322 33857 85 641 590
1701995442.14 40323 33862 30 641 543
1701995459.0 40324 33879 8 641 611
1701995468.41 40325 33888 41 641 610
1701995471.75 40326 33891 66 641 623
1701995484.51 40327 33904 34 641 619
1701995508.82 40328 33928 58 641 620
1701995509.53 40329 33929 19 641 586
1701995510.56 40330 33930 13 641 615
1701995513.23 40331 33932 70 641 524
1701995528.59 40332 33947 98 641 629
1701995536.11 40333 33955 42 641 628
1701995541.5 40334 33960 73 641 626
1701995545.85 40335 33964 99 641 616
1701995549.86 40336 33968 91 641 628
1701995550.94 40337 33969 90 641 575
1701995553.8 40338 33972 67 641 626
1701995554.37 40339 33973 15 641 577
1701995567.0 40340 33985 70 641 629
1701995574.21 40341 33992 82 641 563
1701995581.01 40342 33999 53 641 632
1701995592.66 40343 34011 10 641 586
1701995593.65 40344 34011 99 641 605
1701995600.74 40345 34019 0 641 633
1701995603.21 40346 34021 38 641 592
1701995611.5 40347 34029 58 641 605
1701995619.69 40348 34037 69 641 628
1701995633.71 40349 34051 63 641 625
1701995644.3 40350 34062 14 641 584
1701995644.62 40351 34062 36 641 556
1701995650.01 40352 34067 66 641 457
1701995650.42 40353 34067 98 639 179
1701995657.69 40354 34075 16 641 622
1701995662.79 40355 34080 18 641 624
1701995671.44 40356 34088 75 641 619
1701995673.42 40357 34090 63 641 632
1701995675.93 40358 34093 6 641 617
1701995689.28 40359 34106 33 641 608
1701995692.94 40360 34109 90 641 620
1701995698.65 40361 34115 52 641 627
1701995707.41 40362 34124 20 641 624
1701995707.76 40363 34124 46 641 559
1701995730.4 40364 34147 3 641 630
1701995732.14 40365 34148 68 641 614
1701995733.91 40366 34150 36 641 615
1701995736.08 40367 34152 44 641 622
1701995736.92 40368 34153 19 641 486
1701995739.05 40369 34155 22 641 622
1701995742.98 40370 34159 6 641 611
1701995745.52 40371 34161 51 641 623
1701995749.0 40372 34164 90 641 595
1701995751.64 40373 34167 45 641 603
1701995764.45 40374 34180 18 641 622
1701995778.03 40375 34193 68 641 622
1701995784.08 40376 34199 64 641 514
