1701734407.86 62260 38705 39 641 609
1701734430.22 62261 38727 67 641 625
1701734437.11 62262 38734 48 641 621
1701734438.35 62263 38735 63 641 598
1701734460.33 62264 38757 54 641 581
1701734460.84 62265 38757 95 641 562
1701734461.98 62266 38759 0 641 595
1701734462.28 62267 38759 21 641 552
1701734466.21 62268 38763 5 641 626
1701734467.07 62269 38763 82 641 578
1701734488.6 62270 38785 28 641 622
1701734489.96 62271 38786 55 641 603
1701734496.14 62272 38792 64 641 623
1701734496.36 62273 38792 76 641 546
1701734500.44 62274 38796 75 641 624
1701734503.53 62275 38799 76 641 627
1701734508.69 62276 38804 82 641 621
1701734516.63 62277 38812 68 641 627
1701734517.5 62278 38813 46 641 583
1701734523.24 62279 38819 11 641 600
1701734530.25 62280 38826 4 641 627
1701734534.54 62281 38830 24 641 627
1701734545.25 62282 38840 87 641 593
1701734546.78 62283 38842 31 641 612
1701734549.76 62284 38845 19 641 630
1701734552.83 62285 38848 17 641 623
1701734553.68 62286 38848 93 641 577
1701734559.2 62287 38854 37 641 627
1701734565.25 62288 38860 33 641 620
1701734569.93 62289 38864 92 641 627
1701734570.47 62290 38865 36 641 561
1701734573.24 62291 38868 6 641 628
1701734588.43 62292 38883 17 641 600
1701734589.38 62293 38884 2 641 584
1701734592.28 62294 38886 83 641 577
1701734605.17 62295 38899 64 641 584
1701734609.59 62296 38903 96 641 620
1701734612.18 62297 38906 47 641 597
1701734618.01 62298 38912 21 641 628
1701734627.49 62299 38921 61 641 629
1701734631.67 62300 38925 70 641 622
1701734632.47 62301 38926 40 641 577
1701734636.37 62302 38930 21 641 621
1701734637.69 62303 38931 44 641 601
1701734638.91 62304 38932 57 641 600
1701734666.39 62305 38959 98 641 622
1701734666.55 62306 38960 5 641 545
1701734668.45 62307 38961 86 641 627
1701734672.12 62308 38965 44 641 614
1701734677.38 62309 38970 61 641 627
1701734679.6 62310 38972 74 641 615
1701734682.45 62311 38975 50 641 620
1701734688.11 62312 38981 7 641 597
1701734690.52 62313 38983 39 641 630
1701734706.5 62314 38999 30 641 533
1701734709.64 62315 39002 35 641 565
1701734712.88 62316 39005 50 641 589
1701734715.91 62317 39008 44 641 620
1701734719.59 62318 39012 3 641 614
1701734724.78 62319 39017 13 641 620
1701734727.2 62320 39019 45 641 627
1701734730.08 62321 39022 25 641 613
1701734743.38 62322 39035 47 641 628
1701734746.98 62323 39038 99 641 630
1701734773.33 62324 39065 27 641 632
1701734779.5 62325 39071 35 641 620
1701734781.47 62326 39073 23 641 623
1701734804.8 62327 39096 49 641 602
1701734817.96 62328 39109 57 641 621
1701734828.95 62329 39120 48 641 621
1701734838.43 62330 39129 87 641 623
1701734846.81 62331 39138 17 641 621
1701734849.37 62332 39140 63 641 624
1701734851.26 62333 39142 43 641 629
1701734855.05 62334 39146 12 641 605
1701734856.31 62335 39147 30 641 600
1701734859.92 62336 39150 83 641 627
1701734873.49 62337 39164 32 641 626
1701734873.63 62338 39164 36 641 538
1701734873.92 62339 39164 56 641 551
1701734875.02 62340 39165 56 641 596
1701734882.09 62341 39172 54 641 620
1701734884.46 62342 39174 82 641 629
1701734892.88 62343 39183 15 641 594
1701734893.15 62344 39183 33 641 551
1701734898.49 62345 39188 58 641 612
1701734901.77 62346 39191 77 641 625
1701734912.83 62347 39202 75 641 626
1701734920.47 62348 39210 30 641 629
1701734945.1 62349 39234 87 641 625
1701734954.65 62350 39244 33 641 627
1701734956.51 62351 39246 10 641 625
1701734963.68 62352 39253 19 641 556
1701734970.85 62353 39260 27 641 608
1701734979.07 62354 39268 40 641 624
1701734986.34 62355 39275 59 641 622
1701734988.81 62356 39277 96 641 615
1701735001.89 62357 39290 96 641 628
1701735004.16 62358 39293 14 641 628
1701735007.03 62359 39295 93 641 616
1701735007.87 62360 39296 67 641 576
1701735011.4 62361 39300 12 641 625
1701735012.4 62362 39301 2 641 585
1701735015.43 62363 39303 96 641 630
1701735024.83 62364 39313 28 641 544
1701735025.38 62365 39313 73 641 564
1701735036.1 62366 39324 37 641 620
1701735044.49 62367 39332 67 641 604
1701735044.64 62368 39332 73 641 542
1701735045.46 62369 39333 46 641 578
1701735051.22 62370 39339 13 641 600
1701735057.26 62371 39345 8 641 626
1701735061.93 62372 39349 67 641 612
1701735072.51 62373 39360 17 641 614
1701735079.78 62374 39367 35 641 622
1701735090.28 62375 39377 77 641 503
1701735090.55 62376 39377 94 641 549
1701735100.75 62377 39388 6 641 632
1701735104.23 62378 39391 45 640 408
1701735109.54 62379 39396 67 641 625
1701735112.65 62380 39399 68 641 627
1701735115.01 62381 39401 95 641 623
1701735116.48 62382 39403 33 641 605
1701735128.37 62383 39415 14 641 587
1701735138.09 62384 39424 78 641 628
1701735150.5 62385 39437 11 641 623
1701735155.17 62386 39441 69 641 627
1701735155.88 62387 39442 30 641 569
1701735162.57 62388 39448 90 641 569
1701735179.24 62389 39465 49 641 598
1701735189.51 62390 39475 68 641 596
1701735191.29 62391 39477 37 641 622
1701735192.97 62392 39478 96 641 615
1701735200.92 62393 39486 82 641 600
1701735204.66 62394 39490 47 641 620
1701735207.27 62395 39492 99 641 627
1701735211.46 62396 39497 9 641 622
1701735213.32 62397 39498 86 641 566
1701735221.75 62398 39507 20 641 574
1701735227.34 62399 39512 71 641 623
1701735229.49 62400 39514 77 641 629
1701735238.09 62401 39523 28 641 621
1701735244.13 62402 39529 23 641 620
1701735253.08 62403 39538 10 641 622
1701735255.5 62404 39540 42 641 630
1701735263.64 62405 39548 48 641 631
1701735268.56 62406 39553 31 641 626
1701735276.55 62407 39561 22 641 631
1701735278.59 62408 39563 17 641 611
1701735279.38 62409 39563 87 641 572
1701735280.82 62410 39565 21 641 606
1701735282.09 62411 39566 39 641 598
1701735296.56 62412 39580 78 641 628
1701735307.29 62413 39591 43 641 626
1701735311.99 62414 39596 4 641 502
1701735319.87 62415 39603 84 641 630
1701735327.83 62416 39611 72 641 627
1701735329.21 62417 39613 1 641 598
1701735330.7 62418 39614 41 641 608
1701735334.5 62419 39618 13 641 631
1701735335.78 62420 39619 31 641 600
1701735337.32 62421 39620 76 641 612
1701735339.15 62422 39622 49 641 624
1701735351.46 62423 39634 72 641 633
1701735351.88 62424 39635 5 641 554
1701735360.68 62425 39643 76 641 627
1701735363.81 62426 39646 81 641 619
1701735369.38 62427 39652 29 641 630
1701735373.87 62428 39656 68 641 617
1701735379.41 62429 39662 14 641 550
1701735385.08 62430 39667 72 641 620
1701735392.7 62431 39675 25 641 623
1701735395.93 62432 39678 39 641 629
1701735396.03 62433 39678 39 640 535
1701735397.09 62434 39679 37 641 590
1701735415.97 62435 39698 18 641 619
1701735421.94 62436 39704 6 641 602
1701735429.71 62437 39711 74 641 620
1701735431.43 62438 39713 38 641 615
1701735434.74 62439 39716 60 641 629
1701735435.68 62440 39717 44 641 579
1701735452.55 62441 39734 23 641 617
1701735456.13 62442 39737 72 641 614
1701735469.86 62443 39751 37 641 633
1701735474.12 62444 39755 54 641 627
1701735477.04 62445 39758 36 641 627
1701735477.14 62446 39758 36 640 538
1701735479.72 62447 39760 86 641 595
1701735481.33 62448 39762 38 641 616
1701735486.06 62449 39767 2 641 618
1701735490.93 62450 39771 81 641 624
1701735496.34 62451 39777 13 641 628
1701735500.23 62452 39780 92 641 579
1701735505.04 62453 39785 64 641 626
1701735505.57 62454 39786 7 641 562
1701735515.15 62455 39795 57 641 588
1701735524.22 62456 39804 56 641 624
1701735526.09 62457 39806 34 641 623
1701735536.28 62458 39816 45 641 528
1701735536.47 62459 39816 55 641 544
1701735539.75 62460 39819 73 641 627
1701735548.49 62461 39828 39 641 626
1701735551.36 62462 39831 18 641 580
1701735553.63 62463 39833 36 641 621
1701735559.23 62464 39838 87 641 616
1701735569.78 62465 39849 34 641 526
1701735574.99 62466 39854 45 641 628
1701735584.49 62467 39863 87 641 630
1701735584.59 62468 39863 88 641 535
1701735589.55 62469 39868 75 641 612
1701735596.2 62470 39875 31 641 572
1701735601.83 62471 39880 86 641 486
1701735603.91 62472 39882 84 641 633
1701735610.68 62473 39889 53 641 589
1701735611.66 62474 39890 41 641 584
1701735613.98 62475 39892 64 641 607
1701735627.79 62476 39906 37 641 616
1701735630.03 62477 39908 53 641 615
1701735631.82 62478 39910 23 641 598
1701735634.1 62479 39912 41 641 621
1701735637.9 62480 39916 11 641 623
1701735640.53 62481 39918 65 641 598
1701735653.76 62482 39931 80 641 624
1701735657.02 62483 39934 97 641 628
1701735657.41 62484 39935 27 641 557
1701735661.91 62485 39939 68 641 627
1701735668.21 62486 39945 90 641 620
1701735670.39 62487 39947 98 641 596
1701735677.4 62488 39954 90 641 537
1701735681.06 62489 39958 47 641 619
1701735704.64 62490 39981 98 641 630
1701735706.74 62491 39984 0 641 580
1701735721.73 62492 39998 91 641 627
1701735723.21 62493 40000 30 641 606
1701735732.09 62494 40009 10 641 626
1701735735.5 62495 40012 42 641 616
1701735740.23 62496 40017 6 641 615
1701735740.63 62497 40017 38 641 557
1701735760.18 62498 40036 86 641 593
1701735780.39 62499 40057 0 641 616
1701735782.13 62500 40058 65 641 617
1701735784.57 62501 40061 0 641 565
1701735785.14 62502 40061 47 641 564
1701735790.41 62503 40066 65 641 615
1701735792.48 62504 40068 64 641 480
1701735800.41 62505 40076 48 641 624
1701735800.51 62506 40076 48 640 536
1701735800.61 62507 40076 49 640 537
1701735809.87 62508 40085 67 641 618
1701735815.79 62509 40091 50 641 590
1701735824.12 62510 40099 74 641 630
1701735828.77 62511 40104 30 641 624
1701735839.1 62512 40114 54 641 610
1701735854.09 62513 40129 46 641 620
1701735856.88 62514 40132 16 641 634
1701735863.33 62515 40138 52 641 624
1701735864.91 62516 40140 1 641 610
1701735868.63 62517 40143 64 641 607
1701735869.09 62518 40144 1 641 555
1701735882.19 62519 40157 3 641 618
1701735883.27 62520 40158 2 641 586
1701735887.57 62521 40162 23 641 614
1701735889.15 62522 40163 72 641 609
1701735894.94 62523 40169 42 641 628
1701735895.16 62524 40169 54 641 544
1701735897.88 62525 40172 17 641 431
1701735897.98 62526 40172 17 640 534
1701735929.21 62527 40203 35 641 539
1701735941.0 62528 40215 5 641 513
1701735944.33 62529 40218 30 641 633
1701735962.42 62530 40236 31 641 624
1701735963.76 62531 40237 56 641 597
1701735965.11 62532 40238 82 641 603
1701735971.4 62533 40245 2 641 628
1701735977.07 62534 40250 61 641 619
1701735980.0 62535 40253 45 641 627
1701735980.29 62536 40253 64 641 547
1701735988.72 62537 40261 98 641 607
1701735994.49 62538 40267 66 641 630
1701736011.65 62539 40284 75 641 612
1701736020.04 62540 40293 6 641 623
1701736021.96 62541 40294 88 641 605
1701736023.31 62542 40296 14 641 600
1701736028.55 62543 40301 29 641 581
1701736031.33 62544 40303 98 641 625
1701736035.15 62545 40307 71 641 630
1701736043.11 62546 40315 59 641 604
1701736044.55 62547 40316 94 641 604
1701736050.66 62548 40322 96 641 524
1701736061.31 62549 40333 53 641 550
1701736073.92 62550 40346 6 641 531
1701736077.13 62551 40349 18 641 623
1701736083.46 62552 40355 42 641 629
1701736091.46 62553 40363 34 641 619
1701736092.41 62554 40364 20 641 528
1701736099.54 62555 40371 24 641 512
1701736106.83 62556 40378 44 641 596
1701736107.73 62557 40379 24 641 579
1701736110.48 62558 40381 90 641 500
1701736111.13 62559 40382 45 641 568
1701736116.93 62560 40388 16 641 457
1701736122.59 62561 40393 74 641 637
1701736133.11 62562 40404 17 641 617
1701736136.11 62563 40407 8 641 608
1701736136.2 62564 40407 8 640 531
1701736143.03 62565 40413 84 641 630
1701736151.43 62566 40422 15 641 610
1701736153.3 62567 40423 92 641 607
1701736165.34 62568 40435 88 641 611
1701736168.71 62569 40439 15 641 625
1701736175.36 62570 40445 71 641 622
1701736177.63 62571 40447 89 641 617
1701736189.76 62572 40459 94 641 549
1701736193.24 62573 40463 33 641 627
1701736203.69 62574 40473 70 641 604
1701736209.27 62575 40479 18 641 624
1701736225.13 62576 40494 97 641 594
1701736229.25 62577 40499 0 641 622
1701736238.43 62578 40508 10 641 631
1701736240.49 62579 40510 7 641 627
1701736241.46 62580 40510 95 641 583
1701736244.28 62581 40513 67 641 505
1701736247.0 62582 40516 31 641 432
1701736251.83 62583 40521 5 641 574
1701736256.14 62584 40525 28 641 618
1701736280.64 62585 40549 71 641 620
1701736291.74 62586 40560 73 641 410
1701736294.4 62587 40563 29 641 624
1701736302.57 62588 40571 38 641 631
1701736308.19 62589 40576 90 641 627
1701736316.0 62590 40584 63 641 617
1701736336.97 62591 40605 53 641 607
1701736348.11 62592 40616 58 641 632
1701736354.07 62593 40622 45 641 595
1701736355.86 62594 40624 15 641 612
1701736358.78 62595 40626 98 641 626
1701736359.14 62596 40627 25 641 555
1701736359.89 62597 40627 91 641 574
1701736362.88 62598 40630 81 641 617
1701736371.84 62599 40639 68 641 623
1701736376.98 62600 40644 73 641 616
1701736385.81 62601 40653 48 641 530
1701736397.61 62602 40665 19 641 620
1701736400.79 62603 40668 29 641 625
1701736400.88 62604 40668 29 640 536
1701736403.45 62605 40670 78 641 626
1701736406.63 62606 40673 86 641 591
1701736406.73 62607 40673 86 640 537
1701736408.72 62608 40675 77 641 615
1701736410.94 62609 40677 90 641 621
1701736424.42 62610 40691 30 641 636
1701736424.52 62611 40691 30 640 533
1701736426.54 62612 40693 24 641 631
1701736427.63 62613 40694 24 641 534
1701736429.65 62614 40696 16 641 598
1701736436.39 62615 40702 82 641 628
1701736442.29 62616 40708 63 641 547
1701736446.72 62617 40712 96 641 629
1701736467.12 62618 40733 29 641 607
1701736468.37 62619 40734 45 641 578
1701736470.54 62620 40736 53 641 608
1701736480.16 62621 40746 7 641 603
1701736485.31 62622 40751 13 641 615
1701736489.98 62623 40755 71 641 625
1701736490.89 62624 40756 53 641 579
1701736499.43 62625 40764 99 641 616
1701736513.9 62626 40779 38 641 626
1701736523.52 62627 40788 91 641 632
1701736553.27 62628 40818 61 641 463
1701736555.76 62629 40821 1 641 619
1701736558.7 62630 40823 85 641 526
1701736559.51 62631 40824 58 641 576
1701736565.15 62632 40830 14 641 621
1701736568.32 62633 40833 21 641 619
1701736570.27 62634 40835 7 641 625
1701736574.7 62635 40839 40 641 627
1701736578.8 62636 40843 42 641 632
1701736580.53 62637 40845 6 641 542
1701736586.83 62638 40851 27 641 534
1701736587.37 62639 40851 72 641 560
1701736590.62 62640 40854 88 641 614
1701736594.27 62641 40858 44 641 635
1701736597.35 62642 40861 42 641 627
1701736597.94 62643 40861 91 641 563
1701736603.47 62644 40867 36 641 593
1701736611.39 62645 40875 19 641 623
1701736612.84 62646 40876 54 641 454
1701736632.19 62647 40895 83 641 634
1701736633.56 62648 40897 10 641 589
1701736639.76 62649 40903 21 641 614
1701736641.1 62650 40904 47 641 594
1701736647.22 62651 40910 50 641 630
1701736657.4 62652 40920 59 641 576
1701736659.19 62653 40922 29 641 617
1701736667.5 62654 40930 52 641 628
1701736669.34 62655 40932 26 641 615
1701736676.39 62656 40939 22 641 613
1701736681.96 62657 40944 72 641 622
1701736685.7 62658 40948 37 641 600
1701736689.05 62659 40951 63 641 568
1701736695.9 62660 40958 39 641 580
1701736702.74 62661 40965 15 641 624
1701736702.98 62662 40965 30 641 547
1701736707.31 62663 40969 53 641 602
1701736710.56 62664 40972 69 641 611
1701736713.53 62665 40975 56 641 629
1701736726.59 62666 40988 54 641 616
1701736734.07 62667 40995 93 641 627
1701736734.73 62668 40996 50 641 567
1701736735.19 62669 40996 86 641 559
1701736736.42 62670 40998 0 641 595
1701736745.93 62671 41007 43 641 611
1701736753.29 62672 41014 70 641 623
1701736758.1 62673 41019 42 641 566
1701736763.17 62674 41024 40 641 627
1701736767.44 62675 41028 58 641 621
1701736778.97 62676 41040 3 641 625
1701736780.04 62677 41041 1 641 587
1701736782.4 62678 41043 28 641 628
1701736801.01 62679 41061 82 641 614
1701736812.75 62680 41073 48 641 557
1701736813.51 62681 41074 14 641 488
1701736816.1 62682 41076 64 641 628
1701736822.91 62683 41083 36 641 622
1701736825.27 62684 41085 64 641 600
1701736826.58 62685 41086 86 641 601
1701736830.56 62686 41090 74 641 588
1701736833.81 62687 41093 90 641 625
1701736841.92 62688 41101 93 641 527
1701736843.98 62689 41103 90 641 606
1701736852.18 62690 41112 1 641 622
1701736865.45 62691 41125 21 641 622
1701736873.71 62692 41133 38 641 583
1701736874.12 62693 41133 69 641 555
1701736889.3 62694 41148 80 641 635
1701736895.99 62695 41155 40 641 558
1701736899.56 62696 41158 88 641 624
1701736907.39 62697 41166 62 641 625
1701736911.89 62698 41171 3 641 625
1701736915.9 62699 41174 95 641 625
1701736938.34 62700 41197 32 641 627
1701736941.44 62701 41200 33 641 625
1701736942.06 62702 41200 86 641 567
1701736950.16 62703 41208 87 641 623
1701736952.79 62704 41211 41 641 620
1701736957.67 62705 41216 19 641 628
1701736959.23 62706 41217 66 641 544
1701736981.25 62707 41239 62 641 614
1701736988.15 62708 41246 43 641 629
1701736996.58 62709 41254 78 641 564
1701737004.85 62710 41262 96 641 619
1701737009.83 62711 41267 85 641 627
1701737012.7 62712 41270 63 641 548
1701737015.31 62713 41273 15 641 608
1701737018.73 62714 41276 47 641 617
1701737022.12 62715 41279 77 641 623
1701737023.07 62716 41280 63 641 579
1701737029.48 62717 41286 96 641 624
1701737030.22 62718 41287 61 641 572
1701737034.49 62719 41291 78 641 623
1701737042.21 62720 41299 42 641 621
1701737065.2 62721 41322 35 641 568
1701737066.03 62722 41323 8 641 578
1701737069.14 62723 41326 11 641 627
1701737069.25 62724 41326 13 641 542
1701737069.94 62725 41326 72 641 569
1701737071.52 62726 41328 21 641 596
1701737073.22 62727 41329 81 641 612
1701737076.33 62728 41332 83 641 629
1701737076.53 62729 41332 94 641 542
1701737090.85 62730 41347 18 641 582
1701737094.38 62731 41350 62 641 532
1701737098.89 62732 41355 4 641 624
1701737100.21 62733 41356 27 641 583
1701737101.24 62734 41357 21 641 585
1701737110.84 62735 41366 73 641 628
1701737111.03 62736 41366 83 641 542
1701737113.06 62737 41368 77 641 614
1701737113.84 62738 41369 46 641 575
1701737119.2 62739 41374 73 641 630
1701737120.65 62740 41376 8 641 604
1701737128.33 62741 41383 68 641 625
1701737131.73 62742 41386 98 641 630
1701737144.53 62743 41399 70 641 623
1701737150.64 62744 41405 72 641 604
1701737151.14 62745 41406 13 641 558
1701737157.87 62746 41412 77 641 614
1701737163.73 62747 41418 55 641 617
1701737181.59 62748 41436 33 641 604
1701737187.66 62749 41442 31 641 629
1701737204.56 62750 41459 14 641 630
1701737205.79 62751 41460 27 641 595
1701737209.68 62752 41464 9 641 617
1701737213.54 62753 41467 85 641 610
1701737215.35 62754 41469 57 641 618
1701737216.89 62755 41471 2 641 608
1701737219.21 62756 41473 25 641 610
1701737236.86 62757 41490 82 641 631
1701737242.94 62758 41496 81 641 604
1701737244.89 62759 41498 67 641 625
1701737245.96 62760 41499 65 641 584
1701737246.75 62761 41500 34 641 571
1701737248.73 62762 41502 23 641 626
1701737261.81 62763 41515 23 641 558
1701737272.78 62764 41526 12 641 617
1701737275.04 62765 41528 28 641 618
1701737276.24 62766 41529 39 641 593
1701737279.38 62767 41532 44 641 570
1701737279.81 62768 41532 77 641 554
1701737280.74 62769 41533 61 641 583
1701737296.12 62770 41548 91 641 624
1701737306.09 62771 41558 80 641 630
1701737307.9 62772 41560 52 641 613
1701737309.43 62773 41561 95 641 609
1701737318.78 62774 41571 22 641 590
1701737324.5 62775 41576 85 641 587
1701737334.39 62776 41586 66 641 631
1701737337.86 62777 41590 3 641 619
1701737342.46 62778 41594 54 641 627
1701737343.29 62779 41595 28 641 576
1701737359.81 62780 41611 72 641 625
1701737359.96 62781 41611 78 641 543
1701737360.63 62782 41612 35 641 570
1701737361.18 62783 41612 81 641 567
1701737362.93 62784 41614 46 641 600
1701737368.45 62785 41619 89 641 628
1701737369.6 62786 41620 95 641 508
1701737397.02 62787 41648 30 641 624
1701737400.69 62788 41651 88 641 629
1701737405.52 62789 41656 62 641 621
1701737406.15 62790 41657 15 641 560
1701737407.5 62791 41658 41 641 598
1701737413.31 62792 41664 14 641 612
1701737414.78 62793 41665 51 641 601
1701737420.63 62794 41671 27 641 625
1701737422.05 62795 41672 59 641 601
1701737424.95 62796 41675 41 641 627
1701737428.92 62797 41679 29 641 442
1701737435.47 62798 41685 76 641 615
1701737448.58 62799 41698 79 641 615
1701737452.39 62800 41702 51 641 620
1701737453.52 62801 41703 55 641 588
1701737458.74 62802 41708 68 641 624
1701737461.59 62803 41711 43 641 599
1701737467.16 62804 41716 91 641 567
1701737470.47 62805 41720 13 641 625
1701737478.67 62806 41728 25 641 606
1701737480.27 62807 41729 75 641 612
1701737483.09 62808 41732 48 641 626
1701737485.78 62809 41735 8 641 629
1701737488.68 62810 41737 89 641 565
1701737498.37 62811 41747 49 641 622
1701737499.47 62812 41748 50 641 590
1701737516.44 62813 41765 39 641 622
1701737526.25 62814 41775 12 641 599
1701737532.05 62815 41780 84 641 628
1701737532.16 62816 41780 84 640 533
1701737534.0 62817 41782 61 641 626
1701737534.85 62818 41783 36 641 578
1701737549.69 62819 41798 13 641 623
1701737554.8 62820 41803 15 641 629
1701737567.95 62821 41816 22 641 627
1701737577.66 62822 41825 86 641 629
1701737579.01 62823 41827 12 641 600
1701737590.66 62824 41838 69 641 612
1701737599.48 62825 41847 42 641 625
1701737600.73 62826 41848 57 641 592
1701737626.01 62827 41873 79 641 621
1701737629.95 62828 41877 64 641 627
1701737641.31 62829 41888 92 641 627
1701737657.69 62830 41905 22 641 611
1701737667.72 62831 41915 17 641 632
1701737682.54 62832 41929 91 641 614
1701737696.35 62833 41943 64 641 630
1701737704.75 62834 41951 96 641 622
1701737707.75 62835 41954 86 641 624
1701737709.86 62836 41956 88 641 607
1701737710.03 62837 41956 95 641 544
1701737717.22 62838 41964 6 641 622
1701737724.17 62839 41970 93 641 626
1701737728.15 62840 41974 81 641 625
1701737747.18 62841 41993 77 641 628
1701737760.21 62842 42006 72 641 609
1701737763.88 62843 42010 29 641 572
1701737764.12 62844 42010 43 641 547
1701737772.92 62845 42019 15 641 613
1701737774.17 62846 42020 31 641 594
1701737784.53 62847 42030 58 641 615
1701737789.67 62848 42035 63 641 630
1701737793.27 62849 42039 14 641 633
1701737799.94 62850 42045 73 641 611
1701737800.28 62851 42045 97 641 551
1701737801.4 62852 42046 99 641 587
1701737830.89 62853 42076 42 641 620
1701737835.02 62854 42080 46 641 620
1701737842.23 62855 42087 58 641 585
1701737845.83 62856 42091 10 641 624
1701737852.32 62857 42097 50 641 629
1701737852.51 62858 42097 59 641 543
1701737863.35 62859 42108 35 641 533
1701737874.6 62860 42119 51 641 623
1701737878.52 62861 42123 35 641 629
1701737881.11 62862 42125 85 641 533
1701737886.56 62863 42131 21 641 587
1701737886.93 62864 42131 48 641 485
1701737887.37 62865 42131 83 641 558
1701737908.04 62866 42152 44 641 601
1701737921.57 62867 42165 89 641 619
1701737924.39 62868 42168 62 641 622
1701737927.93 62869 42172 6 641 613
1701737928.02 62870 42172 6 640 535
1701737930.58 62871 42174 54 641 472
1701737934.49 62872 42178 36 641 476
1701737947.89 62873 42191 68 641 629
1701737954.73 62874 42198 43 641 624
1701737964.21 62875 42207 84 641 608
1701737967.97 62876 42211 51 641 617
1701737972.29 62877 42215 74 641 616
1701737984.48 62878 42227 85 641 624
1701737986.7 62879 42229 98 641 634
1701738001.88 62880 42245 8 641 601
1701738005.81 62881 42248 92 641 596
1701738010.49 62882 42253 51 641 593
1701738017.77 62883 42260 70 641 366
1701738026.57 62884 42269 41 641 616
1701738033.63 62885 42276 38 641 616
1701738036.35 62886 42279 1 641 627
1701738037.96 62887 42280 52 641 568
1701738042.64 62888 42285 12 641 627
1701738044.35 62889 42286 74 641 612
1701738054.72 62890 42297 2 641 620
1701738060.4 62891 42302 62 641 499
1701738063.6 62892 42305 73 641 623
1701738065.94 62893 42307 98 641 625
1701738066.23 62894 42308 17 641 552
1701738070.1 62895 42311 95 641 614
1701738087.3 62896 42329 8 641 627
1701738101.44 62897 42343 14 641 622
1701738103.36 62898 42344 97 641 621
1701738106.43 62899 42347 94 641 623
1701738107.31 62900 42348 73 641 576
1701738108.43 62901 42349 75 641 528
1701738109.32 62902 42350 55 641 581
1701738113.45 62903 42354 59 641 623
1701738115.98 62904 42357 3 641 610
1701738117.21 62905 42358 16 641 594
1701738125.67 62906 42366 53 641 629
1701738127.09 62907 42367 86 641 603
1701738131.53 62908 42372 20 641 518
1701738151.69 62909 42392 30 641 624
1701738157.73 62910 42398 26 641 626
1701738166.46 62911 42406 91 641 513
1701738166.56 62912 42406 91 640 534
1701738167.38 62913 42407 64 641 576
1701738167.48 62914 42407 64 640 531
1701738168.88 62915 42408 96 641 555
1701738171.53 62916 42411 51 641 517
1701738172.39 62917 42412 29 641 577
1701738182.56 62918 42422 37 641 525
1701738186.96 62919 42426 68 641 624
1701738190.86 62920 42430 50 641 625
1701738193.95 62921 42433 49 641 515
1701738198.67 62922 42438 13 641 535
1701738209.28 62923 42448 65 641 591
1701738219.49 62924 42458 78 641 626
1701738229.7 62925 42468 90 641 631
1701738238.77 62926 42477 89 641 621
1701738239.94 62927 42478 97 641 593
1701738240.14 62928 42479 7 641 546
1701738248.28 62929 42487 13 641 628
1701738253.79 62930 42492 55 641 592
1701738260.49 62931 42499 16 641 614
1701738264.39 62932 42502 96 641 500
1701738265.42 62933 42503 90 641 585
1701738266.02 62934 42504 41 641 563
1701738274.41 62935 42512 71 641 625
1701738276.65 62936 42514 86 641 609
1701738276.88 62937 42514 99 641 496
1701738282.39 62938 42520 42 641 630
1701738286.22 62939 42524 16 641 626
1701738286.58 62940 42524 43 641 553
1701738291.88 62941 42529 64 641 636
1701738298.4 62942 42536 8 641 625
1701738299.96 62943 42537 55 641 608
1701738305.42 62944 42542 91 641 615
1701738306.13 62945 42543 53 641 569
1701738320.42 62946 42557 74 641 604
1701738335.87 62947 42573 12 641 608
1701738336.65 62948 42573 80 641 529
1701738340.2 62949 42577 25 641 613
1701738341.77 62950 42578 73 641 565
1701738342.08 62951 42578 95 641 551
1701738343.55 62952 42580 33 641 602
1701738344.24 62953 42580 93 641 569
1701738354.25 62954 42590 85 641 577
1701738370.56 62955 42607 8 641 621
1701738378.59 62956 42615 3 641 618
1701738378.92 62957 42615 27 641 552
1701738384.46 62958 42620 72 641 617
1701738388.05 62959 42624 22 641 625
1701738391.08 62960 42627 15 641 625
1701738396.33 62961 42632 31 641 630
1701738397.5 62962 42633 39 641 588
1701738398.57 62963 42634 36 641 548
1701738400.67 62964 42636 37 641 624
1701738404.26 62965 42639 87 641 624
1701738404.36 62966 42639 87 640 534
1701738412.38 62967 42647 81 641 566
1701738436.61 62968 42671 97 641 629
1701738438.96 62969 42674 23 641 525
1701738441.73 62970 42676 91 641 567
1701738445.75 62971 42680 84 641 626
1701738447.1 62972 42682 10 641 601
1701738458.58 62973 42693 49 641 589
1701738462.07 62974 42696 89 641 613
1701738464.79 62975 42699 52 641 628
1701738470.85 62976 42705 50 641 600
1701738482.21 62977 42716 77 641 627
1701738487.86 62978 42722 34 641 626
1701738494.7 62979 42729 9 641 631
1701738495.72 62980 42730 2 641 583
1701738504.51 62981 42738 73 641 621
1701738512.59 62982 42746 73 641 613
1701738520.14 62983 42754 20 641 570
1701738520.24 62984 42754 20 640 532
1701738526.07 62985 42759 95 641 606
1701738529.27 62986 42763 6 641 600
1701738530.97 62987 42764 67 641 613
1701738537.08 62988 42770 70 641 625
1701738539.81 62989 42773 34 641 610
1701738544.89 62990 42778 33 641 585
1701738544.99 62991 42778 33 640 534
1701738558.71 62992 42791 98 641 614
1701738571.99 62993 42805 17 641 479
1701738573.1 62994 42806 19 641 591
1701738573.45 62995 42806 45 641 550
1701738576.01 62996 42808 92 641 624
1701738580.67 62997 42813 48 641 586
1701738581.76 62998 42814 47 641 588
1701738582.07 62999 42814 69 641 552
1701738583.26 63000 42815 79 641 592
1701738587.23 63001 42819 67 641 620
1701738590.52 63002 42822 87 641 575
1701738592.31 63003 42824 56 641 602
1701738603.03 63004 42835 21 641 510
1701738608.14 63005 42840 23 641 606
1701738612.14 63006 42844 13 641 635
1701738615.81 63007 42847 71 641 599
1701738627.39 63008 42859 21 641 619
1701738634.27 63009 42866 1 641 617
1701738638.26 63010 42869 91 641 609
1701738643.1 63011 42874 66 641 616
1701738653.19 63012 42884 67 641 626
1701738654.1 63013 42885 49 641 579
1701738673.09 63014 42904 40 641 617
1701738681.01 63015 42912 24 641 627
1701738688.93 63016 42920 7 641 464
1701738693.66 63017 42924 72 641 524
1701738695.43 63018 42926 39 641 618
1701738696.18 63019 42927 5 641 573
1701738704.95 63020 42935 74 641 585
1701738707.93 63021 42938 63 641 628
1701738710.65 63022 42941 26 641 621
1701738714.07 63023 42944 59 641 537
1701738722.57 63024 42953 1 641 616
1701738724.18 63025 42954 53 641 612
1701738725.7 63026 42955 96 641 611
1701738730.12 63027 42960 29 641 575
1701738732.22 63028 42962 30 641 634
1701738735.71 63029 42965 70 641 623
1701738741.56 63030 42971 46 641 619
1701738747.46 63031 42977 27 641 629
1701738758.85 63032 42988 57 641 625
1701738774.53 63033 43004 18 641 631
1701738781.32 63034 43010 88 641 560
1701738784.19 63035 43013 66 641 616
1701738788.44 63036 43017 82 641 590
1701738790.59 63037 43019 88 641 622
1701738794.86 63038 43024 7 641 614
1701738804.1 63039 43033 22 641 587
1701738806.38 63040 43035 41 641 611
1701738814.07 63041 43043 2 641 516
1701738819.35 63042 43048 22 641 549
1701738830.26 63043 43059 4 641 629
1701738830.45 63044 43059 14 641 543
1701738840.09 63045 43068 70 641 455
1701738845.3 63046 43073 82 641 423
1701738845.59 63047 43074 2 641 548
1701738855.56 63048 43083 90 641 623
1701738856.35 63049 43084 59 641 574
1701738869.12 63050 43097 28 641 628
1701738885.78 63051 43113 86 641 617
1701738887.02 63052 43115 1 641 594
1701738892.89 63053 43120 79 641 625
1701738896.86 63054 43124 68 641 551
1701738902.1 63055 43129 82 641 631
1701738904.08 63056 43131 71 641 603
1701738909.6 63057 43137 14 641 594
1701738913.11 63058 43140 56 641 556
1701738918.83 63059 43146 19 641 634
1701738922.97 63060 43150 24 641 615
1701738940.57 63061 43167 77 641 625
1701738941.29 63062 43168 39 641 569
1701738946.53 63063 43173 54 641 630
1701738954.32 63064 43181 25 641 515
1701738957.91 63065 43184 74 641 625
1701738960.03 63066 43186 76 641 618
1701738961.2 63067 43187 84 641 592
1701738962.25 63068 43188 80 641 570
1701738975.76 63069 43202 23 641 558
1701738977.08 63070 43203 46 641 597
1701738990.86 63071 43217 16 641 603
1701739006.94 63072 43233 17 641 617
1701739008.18 63073 43234 32 641 548
1701739008.28 63074 43234 32 640 534
1701739013.89 63075 43239 85 641 622
1701739019.77 63076 43245 64 641 629
1701739036.59 63077 43262 38 641 632
1701739037.08 63078 43262 78 641 559
1701739037.59 63079 43263 19 641 565
1701739038.52 63080 43264 4 641 589
1701739040.31 63081 43265 73 641 607
1701739041.85 63082 43267 17 641 590
1701739043.16 63083 43268 40 641 601
1701739047.81 63084 43272 96 641 623
1701739048.9 63085 43273 95 641 521
1701739051.32 63086 43276 28 641 625
1701739052.16 63087 43277 3 641 579
1701739057.66 63088 43282 44 641 617
1701739058.98 63089 43283 67 641 599
1701739061.67 63090 43286 28 641 629
1701739071.59 63091 43296 11 641 612
1701739071.96 63092 43296 39 641 555
1701739073.11 63093 43297 45 641 598
1701739077.12 63094 43301 37 641 622
1701739086.12 63095 43310 29 641 577
1701739087.47 63096 43311 55 641 598
1701739089.78 63097 43313 77 641 611
1701739090.38 63098 43314 28 641 564
1701739097.14 63099 43320 95 641 626
1701739101.31 63100 43325 3 641 619
1701739101.5 63101 43325 14 641 543
1701739102.76 63102 43326 30 641 599
1701739106.02 63103 43329 47 641 630
1701739114.75 63104 43338 11 641 624
1701739126.87 63105 43350 15 641 621
1701739130.65 63106 43353 84 641 623
1701739136.43 63107 43359 53 641 522
1701739144.08 63108 43367 10 641 620
1701739146.88 63109 43369 81 641 630
1701739151.24 63110 43374 8 641 623
1701739154.59 63111 43377 34 641 626
1701739174.14 63112 43396 82 641 519
1701739201.33 63113 43423 95 641 628
1701739202.12 63114 43424 64 641 574
1701739203.34 63115 43425 77 641 594
1701739204.66 63116 43427 0 641 598
1701739207.04 63117 43429 29 641 500
1701739211.45 63118 43433 60 641 625
1701739213.54 63119 43435 61 641 500
1701739217.28 63120 43439 25 641 629
1701739218.66 63121 43440 54 641 601
1701739240.59 63122 43462 40 641 604
1701739248.39 63123 43470 11 641 631
1701739248.49 63124 43470 11 640 532
1701739251.78 63125 43473 32 641 488
1701739252.56 63126 43474 1 641 570
1701739252.82 63127 43474 18 641 545
1701739264.05 63128 43485 32 641 621
1701739282.62 63129 43503 82 641 631
1701739288.57 63130 43509 69 641 615
1701739291.53 63131 43512 56 641 625
1701739293.28 63132 43514 21 641 620
1701739296.72 63133 43517 56 641 585
1701739299.09 63134 43519 84 641 624
1701739299.91 63135 43520 57 641 575
1701739313.84 63136 43534 42 641 604
1701739320.2 63137 43540 69 641 468
1701739320.82 63138 43541 22 641 566
1701739330.01 63139 43550 32 641 626
1701739332.78 63140 43553 0 641 613
1701739344.45 63141 43564 59 641 475
1701739346.18 63142 43566 23 641 588
1701739350.08 63143 43570 4 641 605
1701739359.87 63144 43579 76 641 628
1701739360.95 63145 43580 75 641 588
1701739364.91 63146 43584 62 641 620
1701739365.37 63147 43584 98 641 557
1701739372.37 63148 43591 89 641 518
1701739372.71 63149 43592 14 641 551
1701739374.52 63150 43593 86 641 455
1701739377.4 63151 43596 65 641 620
1701739386.23 63152 43605 40 641 526
1701739388.49 63153 43607 56 641 615
1701739390.68 63154 43609 66 641 606
1701739390.78 63155 43609 66 640 534
1701739392.2 63156 43611 0 641 572
1701739395.35 63157 43614 7 641 609
1701739411.22 63158 43629 86 641 498
1701739417.31 63159 43635 87 641 628
1701739422.9 63160 43641 37 641 621
1701739442.05 63161 43660 45 641 614
1701739446.46 63162 43664 76 641 624
1701739448.96 63163 43667 18 641 622
1701739458.16 63164 43676 30 641 630
1701739463.02 63165 43681 7 641 629
1701739473.66 63166 43691 64 641 628
1701739477.9 63167 43695 79 641 620
1701739479.93 63168 43697 72 641 584
1701739481.64 63169 43699 34 641 579
1701739483.27 63170 43700 87 641 612
1701739484.29 63171 43701 80 641 582
1701739520.57 63172 43738 3 641 617
1701739533.92 63173 43751 30 641 621
1701739549.08 63174 43766 38 641 619
1701739555.12 63175 43772 33 641 629
1701739558.39 63176 43775 51 641 620
1701739559.11 63177 43776 13 641 568
1701739565.47 63178 43782 40 641 531
1701739565.57 63179 43782 40 640 536
1701739569.89 63180 43786 64 641 619
1701739576.2 63181 43792 87 640 342
1701739578.4 63182 43794 98 641 593
1701739579.65 63183 43796 13 641 594
1701739581.62 63184 43798 2 641 622
1701739582.73 63185 43799 3 641 530
1701739587.09 63186 43803 31 641 624
1701739592.54 63187 43808 66 641 602
1701739595.09 63188 43811 12 641 623
1701739600.16 63189 43816 10 641 628
1701739601.56 63190 43817 41 641 600
1701739602.62 63191 43818 38 641 583
1701739602.91 63192 43818 57 641 547
1701739638.57 63193 43854 18 641 612
1701739638.84 63194 43854 36 641 548
1701739638.94 63195 43854 36 640 535
1701739639.87 63196 43855 20 641 586
1701739644.89 63197 43860 14 641 626
1701739647.58 63198 43862 74 641 593
1701739650.83 63199 43865 89 641 627
1701739656.42 63200 43871 39 641 455
1701739658.15 63201 43873 3 641 543
1701739663.65 63202 43878 44 641 625
1701739664.72 63203 43879 41 641 548
1701739673.01 63204 43887 62 641 626
1701739678.95 63205 43893 47 641 620
1701739682.85 63206 43897 28 641 626
1701739691.75 63207 43906 9 641 585
1701739694.69 63208 43908 95 641 635
1701739703.23 63209 43917 41 641 617
1701739717.92 63210 43932 2 641 611
1701739718.64 63211 43932 65 641 572
1701739723.89 63212 43937 81 641 604
1701739725.91 63213 43939 73 641 627
1701739726.01 63214 43939 74 640 530
1701739745.14 63215 43958 81 641 635
1701739745.52 63216 43959 10 641 555
1701739748.33 63217 43961 81 641 414
1701739759.72 63218 43973 12 641 514
1701739773.78 63219 43987 11 641 630
1701739773.88 63220 43987 11 640 533
1701739791.04 63221 44004 20 641 536
1701739799.78 63222 44012 86 641 628
1701739813.14 63223 44026 14 641 560
1701739819.04 63224 44031 95 641 627
1701739822.38 63225 44035 20 641 605
1701739825.89 63226 44038 62 641 631
1701739829.76 63227 44042 40 641 627
1701739833.28 63228 44045 83 641 540
1701739838.1 63229 44050 57 641 547
1701739839.29 63230 44051 67 641 595
1701739839.39 63231 44051 67 640 536
1701739843.1 63232 44055 30 641 630
1701739846.97 63233 44059 8 641 616
1701739858.37 63234 44070 39 641 627
1701739863.35 63235 44075 29 641 622
1701739870.94 63236 44082 79 641 627
1701739872.71 63237 44084 47 641 608
1701739883.74 63238 44095 41 641 620
1701739892.26 63239 44103 86 641 620
1701739894.11 63240 44105 62 641 622
1701739897.25 63241 44108 66 641 626
1701739909.8 63242 44121 14 641 624
1701739909.9 63243 44121 14 640 537
1701739921.37 63244 44132 53 641 616
1701739923.13 63245 44134 20 641 616
1701739932.28 63246 44143 27 641 633
1701739936.24 63247 44147 14 641 546
1701739937.21 63248 44148 1 641 583
1701739938.18 63249 44148 89 641 511
1701739941.35 63250 44151 97 641 621
1701739942.76 63251 44153 29 641 601
1701739943.75 63252 44154 18 641 584
1701739950.19 63253 44160 54 641 624
1701739958.63 63254 44168 89 641 583
1701739960.35 63255 44170 52 641 618
1701739960.98 63256 44171 6 641 567
1701739966.82 63257 44176 82 641 611
1701739967.69 63258 44177 59 641 577
1701739970.58 63259 44180 39 641 633
1701739976.7 63260 44186 42 641 628
1701739980.72 63261 44190 35 641 628
1701739981.69 63262 44191 23 641 583
1701739986.22 63263 44195 67 641 628
1701739986.32 63264 44195 67 640 535
1701739991.39 63265 44200 67 641 582
1701739997.81 63266 44207 1 641 615
1701739999.92 63267 44209 3 641 630
1701740000.22 63268 44209 24 641 549
1701740008.99 63269 44217 92 641 627
1701740010.49 63270 44219 32 641 513
1701740025.34 63271 44234 9 641 610
1701740026.58 63272 44235 25 641 593
1701740028.17 63273 44236 74 641 608
1701740028.47 63274 44236 95 641 550
1701740034.52 63275 44242 90 641 494
1701740038.7 63276 44247 0 641 619
1701740039.04 63277 44247 25 641 554
1701740044.37 63278 44252 49 641 627
1701740045.43 63279 44253 46 641 586
1701740058.58 63280 44266 53 641 627
1701740069.15 63281 44277 1 641 624
1701740071.06 63282 44278 83 641 622
1701740072.28 63283 44279 95 641 594
1701740084.09 63284 44291 68 641 627
1701740088.01 63285 44295 50 641 627
1701740091.82 63286 44299 22 641 625
1701740096.96 63287 44304 27 641 614
1701740097.94 63288 44305 16 641 523
1701740099.62 63289 44306 74 641 613
1701740100.97 63290 44308 0 641 600
1701740109.14 63291 44316 10 641 616
1701740121.7 63292 44328 58 641 482
1701740123.77 63293 44330 56 641 609
1701740125.16 63294 44331 85 641 543
1701740126.47 63295 44333 7 641 598
1701740126.67 63296 44333 18 641 541
1701740126.93 63297 44333 35 641 548
1701740130.14 63298 44336 46 641 624
1701740130.24 63299 44336 47 640 535
1701740153.7 63300 44359 88 641 626
1701740154.07 63301 44360 16 641 553
1701740155.85 63302 44361 85 641 598
1701740166.3 63303 44372 22 641 627
1701740171.38 63304 44377 21 641 623
1701740171.48 63305 44377 21 640 532
1701740173.26 63306 44378 91 641 585
1701740173.84 63307 44379 40 641 562
1701740175.89 63308 44381 36 641 621
1701740176.6 63309 44381 97 641 552
1701740183.31 63310 44388 59 641 612
1701740184.19 63311 44389 38 641 576
1701740186.55 63312 44391 65 641 612
1701740188.68 63313 44393 68 641 630
1701740192.46 63314 44397 38 641 619
1701740199.77 63315 44404 61 641 615
1701740201.73 63316 44406 47 641 626
1701740215.63 63317 44420 30 641 616
1701740218.28 63318 44422 86 641 620
1701740219.21 63319 44423 70 641 419
1701740224.66 63320 44429 6 641 627
1701740235.39 63321 44439 71 641 626
1701740239.21 63322 44443 43 641 624
1701740240.23 63323 44444 36 641 510
1701740249.52 63324 44453 57 641 605
1701740254.53 63325 44458 49 641 624
1701740260.7 63326 44464 57 641 519
1701740269.08 63327 44472 87 641 621
1701740274.1 63328 44477 80 641 473
1701740274.47 63329 44478 7 641 496
1701740277.98 63330 44481 49 641 628
1701740281.4 63331 44484 82 641 542
1701740283.6 63332 44486 92 641 621
1701740292.49 63333 44495 73 641 623
1701740304.16 63334 44507 32 641 615
1701740315.73 63335 44518 80 641 628
1701740316.27 63336 44519 26 641 560
1701740323.91 63337 44526 81 641 633
1701740326.83 63338 44529 63 641 628
1701740327.13 63339 44529 84 641 546
1701740336.4 63340 44539 3 641 601
1701740336.67 63341 44539 20 641 546
1701740339.03 63342 44541 47 641 615
1701740346.2 63343 44548 55 641 621
1701740361.65 63344 44563 92 641 569
1701740381.07 63345 44583 27 641 624
1701740384.39 63346 44586 49 641 627
1701740385.66 63347 44587 68 641 590
1701740387.73 63348 44589 65 641 336
1701740393.28 63349 44595 11 641 624
1701740406.1 63350 44607 85 641 630
1701740407.03 63351 44608 69 641 583
1701740414.42 63352 44615 99 641 633
1701740415.37 63353 44616 85 641 432
1701740416.8 63354 44618 19 641 606
1701740417.73 63355 44619 4 641 584
1701740432.89 63356 44634 12 641 570
1701740433.63 63357 44634 76 641 569
1701740439.65 63358 44640 70 641 633
1701740440.02 63359 44640 98 641 553
1701740449.0 63360 44649 87 641 627
1701740450.14 63361 44650 92 641 589
1701740452.17 63362 44652 86 641 510
1701740455.59 63363 44656 19 641 568
1701740459.83 63364 44660 34 641 593
1701740469.39 63365 44669 81 641 611
1701740471.14 63366 44671 47 641 580
1701740479.02 63367 44679 26 641 628
1701740480.88 63368 44681 4 641 621
1701740485.81 63369 44685 88 641 619
1701740486.31 63370 44686 28 641 563
1701740494.0 63371 44693 88 641 625
1701740496.27 63372 44696 8 641 592
1701740501.07 63373 44700 79 641 579
1701740505.14 63374 44704 77 641 516
1701740516.47 63375 44716 1 641 527
1701740517.52 63376 44716 97 641 584
1701740521.05 63377 44720 41 641 627
1701740524.68 63378 44723 95 641 600
1701740527.16 63379 44726 33 641 607
1701740539.22 63380 44738 32 641 627
1701740547.29 63381 44746 30 641 609
1701740548.99 63382 44747 90 641 534
1701740552.19 63383 44751 2 641 625
1701740552.38 63384 44751 11 641 543
1701740569.55 63385 44768 21 641 597
1701740575.89 63386 44774 46 641 619
1701740588.14 63387 44786 63 641 630
1701740590.0 63388 44788 40 641 620
1701740593.31 63389 44791 62 641 633
1701740598.86 63390 44797 8 641 621
1701740607.14 63391 44805 28 641 579
1701740614.12 63392 44812 17 641 628
1701740621.53 63393 44819 50 641 626
1701740621.85 63394 44819 73 641 551
1701740625.9 63395 44823 69 641 622
1701740643.22 63396 44840 93 641 615
1701740643.76 63397 44841 38 641 487
1701740643.95 63398 44841 48 641 541
1701740645.86 63399 44843 30 641 569
1701740647.38 63400 44844 73 641 610
1701740648.81 63401 44846 6 641 602
1701740658.87 63402 44856 4 641 629
1701740659.4 63403 44856 48 641 560
1701740667.49 63404 44864 48 641 631
1701740667.65 63405 44864 55 641 494
1701740675.32 63406 44872 13 641 624
1701740680.62 63407 44877 34 641 402
1701740690.94 63408 44887 57 641 624
1701740696.1 63409 44892 64 641 622
1701740706.23 63410 44902 69 641 488
1701740706.33 63411 44902 69 640 531
1701740709.76 63412 44906 4 641 626
1701740715.4 63413 44911 59 641 615
1701740716.01 63414 44912 10 641 565
1701740725.83 63415 44921 84 641 629
1701740726.72 63416 44922 64 641 581
1701740741.56 63417 44937 40 641 631
1701740746.43 63418 44942 18 641 627
1701740746.99 63419 44942 65 641 564
1701740748.98 63420 44944 55 641 622
1701740749.08 63421 44944 55 640 533
1701740759.02 63422 44954 41 641 605
1701740760.98 63423 44956 28 641 626
1701740762.87 63424 44958 7 641 623
1701740765.64 63425 44960 75 641 604
1701740773.43 63426 44968 45 641 527
1701740776.88 63427 44971 82 641 559
1701740790.05 63428 44984 91 641 625
1701740792.02 63429 44986 78 641 626
1701740794.52 63430 44989 19 641 620
1701740796.82 63431 44991 40 641 630
1701740807.33 63432 45001 82 641 617
1701740814.08 63433 45008 48 641 625
1701740817.4 63434 45011 71 641 624
1701740830.04 63435 45024 27 641 604
1701740830.27 63436 45024 41 641 545
1701740839.24 63437 45033 29 641 618
1701740845.45 63438 45039 41 641 620
1701740858.41 63439 45052 29 641 620
1701740860.76 63440 45054 55 641 617
1701740861.82 63441 45055 51 641 588
1701740864.31 63442 45057 91 641 627
1701740864.98 63443 45058 48 641 568
1701740870.18 63444 45063 59 641 627
1701740880.04 63445 45073 37 641 547
1701740885.94 63446 45079 18 641 590
1701740905.12 63447 45098 30 641 529
1701740910.75 63448 45103 84 641 627
1701740910.89 63449 45103 88 641 536
1701740921.1 63450 45114 1 641 624
1701740921.7 63451 45114 52 641 563
1701740933.38 63452 45126 12 641 629
1701740937.0 63453 45129 64 641 604
1701740947.89 63454 45140 45 641 620
1701740953.36 63455 45145 84 641 629
1701740976.8 63456 45169 21 641 628
1701740977.97 63457 45170 29 641 595
1701740983.17 63458 45175 39 641 612
1701740990.09 63459 45182 23 641 598
1701740992.19 63460 45184 24 641 633
1701741002.68 63461 45194 65 641 621
1701741010.15 63462 45202 4 641 632
1701741011.11 63463 45202 90 641 582
1701741028.61 63464 45220 32 641 420
1701741036.62 63465 45228 25 641 624
1701741066.57 63466 45258 14 641 622
1701741066.91 63467 45258 38 641 551
1701741072.99 63468 45264 38 641 618
1701741073.77 63469 45265 7 641 501
1701741086.36 63470 45277 58 641 620
1701741090.82 63471 45281 94 641 557
1701741091.18 63472 45282 21 641 554
1701741093.16 63473 45284 10 641 629
1701741096.07 63474 45286 92 641 616
1701741114.17 63475 45304 95 641 377
1701741115.34 63476 45306 2 641 592
1701741123.25 63477 45313 85 641 626
1701741130.8 63478 45321 31 641 532
1701741136.51 63479 45326 94 641 633
1701741137.02 63480 45327 35 641 561
1701741160.13 63481 45350 40 641 521
1701741171.06 63482 45361 24 641 624
1701741172.24 63483 45362 33 641 593
1701741173.66 63484 45363 65 641 606
1701741174.59 63485 45364 49 641 583
1701741179.22 63486 45369 2 641 627
1701741182.72 63487 45372 44 641 624
1701741187.06 63488 45376 69 641 581
1701741196.46 63489 45386 1 641 616
1701741200.84 63490 45390 30 641 627
1701741201.27 63491 45390 64 641 553
1701741202.41 63492 45391 68 641 591
1701741228.02 63493 45417 22 641 624
1701741228.25 63494 45417 35 641 546
1701741237.36 63495 45426 37 641 535
1701741238.85 63496 45427 77 641 605
1701741250.47 63497 45439 30 641 627
1701741252.25 63498 45440 99 641 579
1701741259.23 63499 45447 88 641 377
1701741280.91 63500 45469 50 641 623
1701741295.14 63501 45483 65 641 627
1701741307.94 63502 45496 37 641 616
1701741308.14 63503 45496 48 641 543
1701741313.81 63504 45502 6 641 634
1701741321.82 63505 45509 99 641 597
1701741332.05 63506 45520 14 641 534
1701741339.35 63507 45527 35 641 619
1701741343.1 63508 45531 1 641 622
1701741348.52 63509 45536 35 641 625
1701741349.26 63510 45536 99 641 570
1701741352.75 63511 45540 38 641 623
1701741353.13 63512 45540 67 641 551
1701741371.22 63513 45558 68 641 632
1701741381.15 63514 45568 52 641 539
1701741381.45 63515 45568 73 641 553
1701741387.98 63516 45575 17 641 611
1701741390.13 63517 45577 23 641 627
1701741392.19 63518 45579 19 641 596
1701741393.85 63519 45580 75 641 616
1701741396.22 63520 45583 3 641 617
1701741398.19 63521 45584 91 641 481
1701741401.27 63522 45587 90 641 588
1701741401.97 63523 45588 50 641 573
1701741402.4 63524 45588 84 641 493
1701741417.38 63525 45603 75 641 623
1701741418.24 63526 45604 52 641 579
1701741422.06 63527 45608 24 641 614
1701741432.55 63528 45618 65 641 624
1701741432.84 63529 45618 85 641 552
1701741435.04 63530 45620 96 641 474
1701741440.28 63531 45626 11 641 546
1701741458.15 63532 45643 91 641 625
1701741458.25 63533 45643 91 640 534
1701741462.71 63534 45648 29 641 623
1701741471.03 63535 45656 52 641 625
1701741476.4 63536 45661 80 641 625
1701741481.3 63537 45666 61 641 606
1701741482.34 63538 45667 55 641 582
1701741482.82 63539 45667 94 641 560
1701741482.94 63540 45667 97 641 538
1701741501.01 63541 45685 96 641 630
1701741503.75 63542 45688 62 641 628
1701741507.55 63543 45692 33 641 630
1701741508.6 63544 45693 28 641 530
1701741515.94 63545 45700 54 641 625
1701741517.92 63546 45702 42 641 588
1701741520.65 63547 45705 6 641 632
1701741520.86 63548 45705 17 641 544
1701741537.72 63549 45721 96 641 616
1701741540.42 63550 45724 57 641 628
1701741540.82 63551 45724 88 641 483
1701741542.95 63552 45726 91 641 625
1701741544.86 63553 45728 73 641 592
1701741549.37 63554 45733 15 641 628
1701741551.95 63555 45735 64 641 596
1701741557.85 63556 45741 46 641 564
1701741559.28 63557 45742 80 641 603
1701741559.38 63558 45742 80 640 537
1701741571.22 63559 45754 57 641 397
1701741583.08 63560 45766 35 641 627
1701741589.81 63561 45772 98 641 616
1701741591.08 63562 45774 16 641 539
1701741597.07 63563 45780 7 641 628
1701741600.25 63564 45783 16 641 482
1701741601.83 63565 45784 64 641 613
1701741612.44 63566 45795 16 641 627
1701741612.78 63567 45795 41 641 495
1701741613.2 63568 45795 74 641 527
1701741640.1 63569 45822 58 641 626
1701741646.31 63570 45828 70 641 628
1701741657.61 63571 45839 92 641 624
1701741675.44 63572 45857 67 641 630
1701741676.83 63573 45858 96 641 541
1701741684.64 63574 45866 70 641 629
1701741685.66 63575 45867 62 641 585
1701741700.35 63576 45882 23 641 614
1701741703.48 63577 45885 27 641 624
1701741709.48 63578 45891 18 641 592
1701741713.53 63579 45895 14 641 623
1701741719.87 63580 45901 39 641 625
1701741728.45 63581 45909 88 641 600
1701741734.04 63582 45915 39 641 618
1701741734.14 63583 45915 39 640 536
1701741734.98 63584 45916 14 641 580
1701741738.06 63585 45919 13 641 630
1701741738.35 63586 45919 33 641 548
1701741743.64 63587 45924 53 641 616
1701741743.93 63588 45924 72 641 548
1701741744.67 63589 45925 37 641 575
1701741782.93 63590 45963 58 641 504
1701741786.14 63591 45966 70 641 627
1701741794.94 63592 45975 41 641 505
1701741797.05 63593 45977 43 641 590
1701741804.94 63594 45985 24 641 626
1701741806.46 63595 45986 66 641 611
1701741806.83 63596 45986 94 641 553
1701741811.48 63597 45991 50 641 586
1701741813.25 63598 45993 17 641 520
1701741815.32 63599 45995 15 641 612
1701741827.14 63600 46006 89 641 628
1701741831.21 63601 46010 87 641 626
1701741836.89 63602 46016 46 641 602
1701741837.48 63603 46016 96 641 567
1701741839.98 63604 46019 37 641 628
1701741849.41 63605 46028 72 641 620
1701741868.52 63606 46047 76 641 624
1701741874.95 63607 46054 10 641 514
1701741879.05 63608 46058 12 641 622
1701741885.17 63609 46064 15 641 599
1701741889.69 63610 46068 59 641 628
1701741891.44 63611 46070 25 641 619
1701741902.24 63612 46080 97 641 624
1701741905.28 63613 46083 92 641 625
1701741907.78 63614 46086 32 641 623
1701741909.4 63615 46087 84 641 548
1701741912.87 63616 46091 23 641 627
1701741917.42 63617 46095 69 641 629
1701741922.92 63618 46101 11 641 622
1701741932.43 63619 46110 53 641 623
1701741933.6 63620 46111 60 641 591
1701741937.76 63621 46115 67 641 545
1701741944.83 63622 46122 65 641 620
1701741945.3 63623 46123 3 641 558
1701741963.1 63624 46140 75 641 620
1701741971.86 63625 46149 42 641 632
1701741977.85 63626 46155 33 641 626
1701741978.94 63627 46156 33 641 589
1701741979.34 63628 46156 63 641 556
1701741981.57 63629 46158 76 641 511
1701741985.71 63630 46162 81 641 540
1701741988.87 63631 46165 88 641 615
1701742019.55 63632 46196 49 641 591
1701742022.21 63633 46199 7 641 615
1701742032.51 63634 46209 28 641 579
1701742035.94 63635 46212 63 641 605
1701742053.94 63636 46230 55 641 627
1701742058.94 63637 46235 47 641 629
1701742059.82 63638 46236 25 641 511
1701742073.71 63639 46250 6 641 507
1701742086.95 63640 46263 22 641 624
1701742094.97 63641 46271 15 641 596
1701742095.23 63642 46271 32 641 551
1701742096.38 63643 46272 38 641 593
1701742100.18 63644 46276 9 641 624
1701742117.67 63645 46293 51 641 630
1701742131.11 63646 46306 87 641 599
1701742147.0 63647 46322 68 641 570
1701742147.46 63648 46323 4 641 556
1701742162.05 63649 46337 56 641 625
1701742167.07 63650 46342 49 641 620
1701742169.05 63651 46344 38 641 629
1701742172.06 63652 46347 29 641 622
1701742174.22 63653 46349 36 641 620
1701742200.78 63654 46375 86 641 618
1701742228.1 63655 46403 12 641 616
1701742231.03 63656 46405 95 641 628
1701742239.29 63657 46414 13 641 403
1701742244.8 63658 46419 55 641 628
1701742247.81 63659 46422 47 641 616
1701742250.77 63660 46425 34 641 630
1701742253.74 63661 46428 22 641 496
1701742257.14 63662 46431 52 641 615
1701742262.31 63663 46436 61 641 609
1701742277.65 63664 46451 87 641 624
1701742287.38 63665 46461 51 641 624
1701742294.42 63666 46468 47 641 622
1701742294.56 63667 46468 52 641 538
1701742301.1 63668 46474 97 641 609
1701742304.64 63669 46478 42 641 501
1701742306.43 63670 46480 12 641 626
1701742306.6 63671 46480 20 641 541
1701742309.95 63672 46483 45 641 631
1701742310.06 63673 46483 45 640 534
1701742310.7 63674 46484 3 641 572
1701742316.74 63675 46489 98 641 595
1701742321.34 63676 46494 48 641 523
1701742326.99 63677 46500 5 641 623
1701742335.51 63678 46508 50 641 618
1701742342.32 63679 46515 22 641 499
1701742351.57 63680 46524 39 641 632
1701742355.3 63681 46528 3 641 627
1701742360.41 63682 46533 5 641 525
1701742360.85 63683 46533 40 641 557
1701742362.0 63684 46534 46 641 598
1701742367.95 63685 46540 32 641 633
1701742397.22 63686 46569 53 641 623
1701742410.09 63687 46582 31 641 605
1701742426.39 63688 46598 54 641 631
1701742436.68 63689 46608 75 641 620
1701742437.93 63690 46609 90 641 598
1701742440.96 63691 46612 83 641 624
1701742441.72 63692 46613 50 641 571
1701742441.92 63693 46613 60 641 545
1701742442.49 63694 46614 8 641 568
1701742447.04 63695 46618 54 641 620
1701742451.25 63696 46622 67 641 617
1701742455.69 63697 46627 2 641 632
1701742459.13 63698 46630 37 641 621
1701742471.18 63699 46642 35 641 625
1701742496.33 63700 46667 43 641 619
1701742497.22 63701 46668 23 641 577
1701742500.61 63702 46671 52 641 620
1701742500.75 63703 46671 57 641 540
1701742503.72 63704 46674 45 641 620
1701742506.94 63705 46677 58 641 598
1701742538.75 63706 46709 32 641 499
1701742545.66 63707 46716 14 641 563
1701742556.27 63708 46726 68 641 504
1701742570.36 63709 46740 69 641 617
1701742573.49 63710 46743 73 641 526
1701742574.76 63711 46744 91 641 595
1701742577.12 63712 46747 18 641 622
1701742579.12 63713 46749 9 641 592
1701742586.16 63714 46756 5 641 610
1701742596.37 63715 46766 17 641 612
1701742596.85 63716 46766 56 641 560
1701742601.41 63717 46771 3 641 621
1701742606.85 63718 46776 38 641 551
1701742614.33 63719 46783 77 641 622
1701742629.66 63720 46799 2 641 629
1701742630.11 63721 46799 38 641 556
1701742636.2 63722 46805 39 641 620
1701742641.44 63723 46810 53 641 629
1701742647.26 63724 46816 26 641 625
1701742647.69 63725 46816 59 641 516
1701742656.9 63726 46825 73 641 629
1701742676.21 63727 46844 97 641 627
1701742689.22 63728 46857 91 641 468
1701742690.39 63729 46858 98 641 527
1701742697.49 63730 46866 0 641 621
1701742697.59 63731 46866 0 640 534
1701742713.76 63732 46882 11 641 602
1701742719.93 63733 46888 19 641 630
1701742723.61 63734 46891 78 641 614
1701742727.82 63735 46895 90 641 630
1701742731.83 63736 46899 82 641 623
1701742736.64 63737 46904 54 641 626
1701742737.56 63738 46905 37 641 576
1701742748.09 63739 46915 82 641 555
1701742751.48 63740 46919 13 641 628
1701742762.09 63741 46929 66 641 612
1701742762.61 63742 46930 8 641 560
1701742762.7 63743 46930 8 640 533
1701742765.81 63744 46933 11 641 618
1701742773.02 63745 46940 23 641 332
1701742777.92 63746 46945 4 641 617
1701742779.87 63747 46946 90 641 623
1701742781.28 63748 46948 22 641 598
1701742783.95 63749 46950 79 641 620
1701742787.64 63750 46954 39 641 535
1701742792.67 63751 46959 33 641 623
1701742793.33 63752 46959 89 641 564
1701742815.84 63753 46982 35 641 623
1701742816.19 63754 46982 60 641 549
1701742818.34 63755 46984 66 641 606
1701742822.34 63756 46988 56 641 624
1701742832.3 63757 46998 44 641 605
1701742839.25 63758 47005 30 641 548
1701742839.84 63759 47005 80 641 565
1701742840.52 63760 47006 38 641 571
1701742854.08 63761 47019 87 641 627
1701742877.69 63762 47043 41 641 631
1701742879.01 63763 47044 64 641 597
1701742886.76 63764 47052 30 641 593
1701742892.25 63765 47057 70 641 619
1701742894.05 63766 47059 41 640 286
1701742898.66 63767 47063 93 641 623
1701742901.69 63768 47066 87 641 625
1701742905.54 63769 47070 63 641 511
1701742907.96 63770 47072 95 641 613
1701742916.12 63771 47081 3 641 623
1701742919.82 63772 47084 64 641 622
1701742920.26 63773 47084 99 641 556
1701742926.09 63774 47090 72 641 624
1701742927.82 63775 47092 36 641 579
1701742932.39 63776 47096 84 641 629
1701742942.3 63777 47106 67 641 626
1701742948.32 63778 47112 60 641 627
1701742950.85 63779 47115 3 641 625
1701742953.86 63780 47117 96 641 529
1701742954.84 63781 47118 85 641 580
1701742962.48 63782 47126 40 641 605
1701742966.28 63783 47130 11 641 624
1701742979.15 63784 47142 90 641 627
1701742979.46 63785 47143 11 641 550
1701742983.49 63786 47147 5 641 630
1701743000.6 63787 47164 9 641 630
1701743000.79 63788 47164 19 641 540
1701743002.4 63789 47165 71 641 613
1701743005.25 63790 47168 47 641 618
1701743011.68 63791 47174 81 641 513
1701743014.16 63792 47177 21 641 619
1701743025.91 63793 47188 87 641 617
1701743026.03 63794 47188 89 641 538
1701743029.74 63795 47192 51 641 602
1701743032.88 63796 47195 57 641 622
1701743033.35 63797 47195 95 641 556
1701743034.06 63798 47196 56 641 568
1701743034.41 63799 47196 82 641 551
1701743036.61 63800 47198 92 641 612
1701743043.46 63801 47205 68 641 632
1701743052.63 63802 47214 77 641 627
1701743063.4 63803 47225 46 641 627
1701743067.19 63804 47229 16 641 627
1701743067.58 63805 47229 46 641 548
1701743069.38 63806 47231 17 641 595
1701743074.33 63807 47236 4 641 630
1701743078.91 63808 47240 53 641 629
1701743083.7 63809 47245 23 641 627
1701743088.94 63810 47250 38 641 632
1701743095.97 63811 47257 33 641 620
1701743101.59 63812 47262 86 641 623
1701743104.22 63813 47265 39 641 593
1701743104.83 63814 47265 91 641 564
1701743106.7 63815 47267 68 641 621
1701743120.75 63816 47281 66 641 631
1701743125.06 63817 47285 88 641 621
1701743129.24 63818 47289 97 641 618
1701743130.31 63819 47290 95 641 586
1701743135.59 63820 47296 14 641 611
1701743141.58 63821 47302 4 641 623
1701743147.24 63822 47307 62 641 625
1701743161.65 63823 47321 95 641 624
1701743169.16 63824 47329 37 641 522
1701743170.92 63825 47331 4 641 616
1701743184.39 63826 47344 42 641 624
1701743184.48 63827 47344 42 640 534
1701743198.06 63828 47357 93 641 617
1701743199.67 63829 47359 44 641 608
1701743205.67 63830 47365 36 641 624
1701743209.86 63831 47369 46 641 625
1701743217.18 63832 47376 69 641 616
1701743224.22 63833 47383 64 641 627
1701743231.77 63834 47391 11 641 627
1701743232.35 63835 47391 59 641 561
1701743235.82 63836 47394 98 641 626
1701743237.06 63837 47396 12 641 594
1701743241.44 63838 47400 41 641 629
1701743244.74 63839 47403 62 641 632
1701743245.97 63840 47404 76 641 592
1701743257.32 63841 47416 4 641 510
1701743261.88 63842 47420 51 641 590
1701743272.07 63843 47430 61 641 629
1701743273.34 63844 47431 79 641 594
1701743274.34 63845 47432 70 641 580
1701743277.8 63846 47436 7 641 575
1701743289.89 63847 47448 9 641 622
1701743322.49 63848 47480 63 641 501
1701743328.55 63849 47486 60 641 624
1701743345.38 63850 47503 35 641 607
1701743355.5 63851 47513 39 641 634
1701743364.06 63852 47521 86 641 621
