1702252812.98 16624 25513 57 641 628
1702252817.83 16625 25518 33 641 632
1702252821.38 16626 25521 79 641 625
1702252828.68 16627 25529 1 636 140
1702252829.85 16628 25530 9 641 611
1702252837.55 16629 25537 72 641 525
1702252841.68 16630 25541 75 641 620
1702252850.53 16631 25550 52 641 620
1702252882.92 16632 25582 85 641 620
1702252890.39 16633 25590 23 641 632
1702252893.9 16634 25593 65 641 618
1702252900.84 16635 25600 50 641 627
1702252923.22 16636 25622 81 641 633
1702252930.25 16637 25629 76 641 618
1702252938.25 16638 25637 67 641 621
1702252938.61 16639 25637 93 641 564
1702252941.65 16640 25640 89 641 630
1702252947.28 16641 25646 43 641 627
1702252949.55 16642 25648 61 641 579
1702252954.31 16643 25653 28 641 549
1702252958.47 16644 25657 34 641 618
1702252974.81 16645 25673 61 641 630
1702252980.61 16646 25679 32 641 617
1702252987.18 16647 25685 80 641 487
1702252993.97 16648 25692 50 641 631
1702252996.54 16649 25694 98 641 631
1702253008.87 16650 25707 23 641 620
1702253009.56 16651 25707 83 641 600
1702253009.98 16652 25708 16 641 574
1702253014.2 16653 25712 29 641 628
1702253022.72 16654 25720 73 641 516
1702253023.24 16655 25721 15 641 580
1702253032.5 16656 25730 33 641 621
1702253032.65 16657 25730 38 641 543
1702253035.19 16658 25732 83 641 597
1702253051.83 16659 25749 38 641 612
1702253055.06 16660 25752 54 641 594
1702253055.7 16661 25753 9 641 594
1702253063.59 16662 25760 89 641 625
1702253070.43 16663 25767 64 641 603
1702253080.55 16664 25777 68 641 622
1702253083.63 16665 25780 68 641 627
1702253083.88 16666 25780 83 641 555
1702253090.08 16667 25786 94 641 551
1702253094.85 16668 25791 62 641 594
1702253103.24 16669 25799 92 641 615
1702253126.74 16670 25823 35 641 631
1702253128.09 16671 25824 62 641 509
1702253130.28 16672 25826 72 641 634
1702253134.89 16673 25831 24 641 602
1702253140.32 16674 25836 58 641 621
1702253146.22 16675 25842 40 641 607
1702253151.03 16676 25847 12 641 526
1702253156.9 16677 25852 91 641 631
1702253158.75 16678 25854 66 641 626
1702253173.55 16679 25869 38 641 627
1702253189.74 16680 25885 49 641 628
1702253195.04 16681 25890 70 641 584
1702253205.81 16682 25901 39 641 619
1702253220.3 16683 25915 80 641 635
1702253220.54 16684 25915 94 641 553
1702253226.82 16685 25922 14 641 623
1702253227.27 16686 25922 50 641 578
1702253233.61 16687 25928 75 641 627
1702253234.44 16688 25929 49 641 609
1702253237.64 16689 25932 60 641 628
1702253239.33 16690 25934 20 641 625
1702253244.66 16691 25939 44 641 621
1702253247.82 16692 25942 51 641 438
1702253248.82 16693 25943 42 641 623
1702253251.11 16694 25945 62 641 631
1702253254.01 16695 25948 42 641 505
1702253257.85 16696 25952 18 641 631
1702253260.32 16697 25954 56 641 586
1702253260.83 16698 25954 97 641 523
1702253262.05 16699 25956 10 641 589
1702253274.73 16700 25968 70 641 623
1702253292.3 16701 25986 20 641 625
1702253319.68 16702 26013 51 641 627
1702253320.34 16703 26014 9 641 595
1702253320.98 16704 26014 63 641 594
1702253322.62 16705 26016 18 641 609
1702253328.09 16706 26021 57 641 556
1702253332.02 16707 26025 41 641 623
1702253335.27 16708 26028 57 641 624
1702253340.62 16709 26033 82 641 621
1702253341.91 16710 26035 2 641 524
1702253354.05 16711 26047 8 641 614
1702253364.48 16712 26057 44 641 611
1702253373.44 16713 26066 31 641 611
1702253382.79 16714 26075 58 641 627
1702253390.08 16715 26082 78 641 606
1702253391.96 16716 26084 56 641 626
1702253401.04 16717 26093 56 641 622
1702253406.7 16718 26099 14 641 560
1702253410.2 16719 26102 55 641 597
1702253414.04 16720 26106 30 641 620
1702253414.15 16721 26106 32 641 536
1702253415.59 16722 26107 67 641 624
1702253423.17 16723 26115 17 641 504
1702253424.29 16724 26116 19 641 610
1702253437.34 16725 26129 16 641 634
1702253439.41 16726 26131 14 641 629
1702253440.58 16727 26132 21 641 626
1702253442.75 16728 26134 29 641 569
1702253451.08 16729 26142 54 641 627
1702253463.18 16730 26154 56 641 620
1702253463.28 16731 26154 56 640 531
1702253474.59 16732 26165 80 641 628
1702253475.76 16733 26166 88 641 625
1702253479.64 16734 26170 67 641 627
1702253479.74 16735 26170 67 640 533
1702253485.7 16736 26176 55 641 630
1702253488.36 16737 26179 12 641 633
1702253490.37 16738 26181 3 641 624
1702253502.1 16739 26192 68 641 617
1702253505.36 16740 26195 85 641 631
1702253508.33 16741 26198 73 641 537
1702253515.71 16742 26206 3 641 626
1702253518.1 16743 26208 33 641 612
1702253522.72 16744 26212 86 641 619
1702253526.0 16745 26216 5 641 581
1702253532.27 16746 26222 23 641 622
1702253532.37 16747 26222 23 640 534
1702253532.94 16748 26222 72 641 592
1702253535.88 16749 26225 57 641 628
1702253538.3 16750 26227 89 641 609
1702253539.03 16751 26228 53 641 603
1702253541.39 16752 26230 80 641 624
1702253546.84 16753 26236 17 641 620
1702253562.89 16754 26252 14 641 630
1702253570.05 16755 26259 21 641 611
1702253570.15 16756 26259 21 640 537
1702253576.47 16757 26265 45 641 598
1702253580.33 16758 26269 21 641 626
1702253581.32 16759 26270 11 641 624
1702253593.55 16760 26282 25 641 559
1702253608.4 16761 26297 2 641 629
1702253614.74 16762 26303 28 641 612
1702253631.48 16763 26319 94 641 484
1702253635.88 16764 26324 24 641 617
1702253638.07 16765 26326 34 641 630
1702253641.95 16766 26330 13 641 596
1702253647.09 16767 26335 18 641 625
1702253648.06 16768 26336 6 641 624
1702253667.47 16769 26355 39 641 623
1702253678.57 16770 26366 41 641 628
1702253681.93 16771 26369 67 641 622
1702253684.16 16772 26371 82 641 627
1702253690.4 16773 26377 97 641 628
1702253690.61 16774 26378 8 641 549
1702253691.09 16775 26378 47 641 524
1702253696.7 16776 26383 99 641 624
1702253700.91 16777 26388 11 641 628
1702253703.9 16778 26391 2 641 619
1702253706.67 16779 26393 70 641 626
1702253717.02 16780 26403 97 641 609
1702253722.33 16781 26409 19 641 621
1702253727.53 16782 26414 30 641 587
1702253729.07 16783 26415 74 641 627
1702253730.12 16784 26416 70 641 633
1702253733.4 16785 26419 89 641 627
1702253739.99 16786 26426 40 641 631
1702253740.8 16787 26427 11 641 610
1702253748.43 16788 26434 66 641 499
1702253748.8 16789 26434 93 641 566
1702253755.56 16790 26441 60 641 537
1702253756.21 16791 26442 17 641 597
1702253760.7 16792 26446 56 641 630
1702253771.43 16793 26457 21 641 628
1702253774.71 16794 26460 40 641 621
1702253778.78 16795 26464 38 641 622
1702253789.44 16796 26474 95 641 624
1702253795.38 16797 26480 80 641 620
1702253797.04 16798 26482 37 641 553
1702253798.84 16799 26484 8 641 625
1702253800.82 16800 26485 97 641 519
1702253813.76 16801 26498 83 641 612
1702253815.49 16802 26500 47 641 627
1702253821.08 16803 26505 97 641 610
1702253822.23 16804 26507 2 641 501
1702253825.91 16805 26510 62 641 610
1702253829.67 16806 26514 29 641 563
1702253833.41 16807 26517 94 641 601
1702253837.9 16808 26522 34 641 624
1702253838.48 16809 26522 82 641 586
1702253856.51 16810 26540 78 641 628
1702253861.35 16811 26545 53 641 628
1702253863.43 16812 26547 52 641 622
1702253868.91 16813 26552 92 641 636
1702253880.53 16814 26564 46 641 590
1702253884.67 16815 26568 51 641 610
1702253887.63 16816 26571 38 641 567
1702253891.33 16817 26574 99 641 632
1702253891.51 16818 26575 8 641 546
1702253897.74 16819 26581 22 641 625
1702253900.52 16820 26583 90 641 574
1702253903.36 16821 26586 65 641 630
1702253904.69 16822 26587 89 641 629
1702253905.85 16823 26588 96 641 604
1702253907.19 16824 26590 20 641 515
1702253912.69 16825 26595 62 641 630
1702253935.7 16826 26618 56 641 625
1702253937.19 16827 26619 96 641 629
1702253942.34 16828 26625 3 641 598
1702253942.85 16829 26625 44 641 581
1702253967.29 16830 26649 81 641 593
1702253974.77 16831 26657 20 641 619
1702253978.18 16832 26660 52 641 630
1702253989.53 16833 26671 79 641 631
1702253996.25 16834 26678 42 641 620
1702253999.64 16835 26681 72 641 627
1702254012.17 16836 26694 16 641 617
1702254017.77 16837 26699 68 641 628
1702254030.61 16838 26712 43 641 619
1702254038.87 16839 26720 61 641 636
1702254040.04 16840 26721 68 641 598
1702254040.14 16841 26721 68 640 536
1702254042.66 16842 26724 12 641 631
1702254042.76 16843 26724 12 640 534
1702254051.05 16844 26732 34 641 630
1702254053.9 16845 26735 9 641 625
1702254055.06 16846 26736 17 641 599
1702254055.21 16847 26736 22 641 542
1702254072.69 16848 26753 62 641 597
1702254074.22 16849 26755 6 641 542
1702254075.03 16850 26755 78 641 609
1702254076.09 16851 26756 75 641 589
1702254082.85 16852 26763 43 641 518
1702254083.14 16853 26763 63 641 558
1702254088.71 16854 26769 11 641 631
1702254091.72 16855 26772 3 641 628
1702254093.79 16856 26774 2 641 624
1702254097.98 16857 26778 12 641 630
1702254098.92 16858 26778 97 641 625
1702254104.66 16859 26784 62 641 621
1702254112.54 16860 26792 41 641 629
1702254112.97 16861 26792 75 641 574
1702254113.69 16862 26793 38 641 603
1702254114.11 16863 26793 71 641 575
1702254115.6 16864 26795 11 641 623
1702254115.87 16865 26795 28 641 493
1702254123.49 16866 26802 82 641 616
1702254134.16 16867 26813 41 641 617
1702254135.71 16868 26814 87 641 576
1702254135.89 16869 26814 96 641 548
1702254140.39 16870 26819 37 641 624
1702254147.86 16871 26826 76 641 629
1702254158.87 16872 26837 68 641 627
1702254159.7 16873 26838 42 641 549
1702254159.8 16874 26838 42 640 535
1702254165.96 16875 26844 50 641 614
1702254179.86 16876 26858 32 641 627
1702254183.21 16877 26861 57 641 615
1702254197.87 16878 26876 16 641 589
1702254206.95 16879 26885 16 641 568
1702254207.26 16880 26885 38 641 560
1702254208.82 16881 26886 85 641 620
1702254221.28 16882 26899 22 641 597
1702254223.06 16883 26900 91 641 520
1702254241.35 16884 26919 12 641 629
1702254260.55 16885 26938 24 641 624
1702254267.26 16886 26944 87 641 622
1702254290.46 16887 26968 0 641 630
1702254292.6 16888 26970 6 641 625
1702254293.66 16889 26971 3 641 630
1702254296.63 16890 26973 91 641 622
1702254301.56 16891 26978 75 641 627
1702254310.73 16892 26987 84 641 625
1702254328.16 16893 27005 19 641 624
1702254336.57 16894 27013 52 641 581
1702254342.69 16895 27019 55 641 632
1702254348.46 16896 27025 24 641 557
1702254370.81 16897 27047 52 641 622
1702254382.39 16898 27059 2 641 622
1702254384.37 16899 27060 91 641 577
1702254414.36 16900 27090 84 641 623
1702254425.65 16901 27102 5 641 526
1702254426.59 16902 27102 90 641 619
1702254440.98 16903 27117 21 641 616
1702254442.94 16904 27119 8 641 626
1702254446.88 16905 27122 93 641 626
1702254446.98 16906 27122 93 640 532
1702254450.79 16907 27126 66 641 624
1702254451.62 16908 27127 40 641 438
1702254454.86 16909 27130 56 641 627
1702254458.74 16910 27134 35 641 595
1702254466.7 16911 27142 22 641 621
1702254473.44 16912 27148 87 641 631
1702254479.48 16913 27154 83 641 573
1702254484.22 16914 27159 48 641 622
1702254490.65 16915 27165 81 641 622
1702254494.03 16916 27169 11 641 626
1702254494.28 16917 27169 26 641 474
1702254506.13 16918 27181 3 641 615
1702254514.56 16919 27189 38 641 627
1702254530.81 16920 27205 55 641 528
1702254544.35 16921 27219 1 641 612
1702254557.14 16922 27231 73 641 608
1702254569.96 16923 27244 47 641 619
1702254571.12 16924 27245 54 641 509
1702254572.58 16925 27246 90 641 518
1702254573.66 16926 27247 89 641 598
1702254574.71 16927 27248 84 641 596
1702254588.63 16928 27262 68 641 558
1702254594.64 16929 27268 60 641 620
1702254599.35 16930 27273 23 641 620
1702254600.39 16931 27274 18 641 599
1702254602.89 16932 27276 58 641 624
1702254606.82 16933 27280 42 641 623
1702254612.57 16934 27286 9 641 618
1702254615.75 16935 27289 18 641 626
1702254620.66 16936 27293 99 641 627
1702254621.73 16937 27294 97 641 632
1702254624.98 16938 27298 13 641 630
1702254631.26 16939 27304 32 641 627
1702254646.15 16940 27319 13 641 599
1702254657.38 16941 27330 28 641 625
1702254657.51 16942 27330 31 641 538
1702254658.13 16943 27330 84 641 595
1702254660.6 16944 27333 22 641 622
1702254665.21 16945 27337 73 641 352
1702254679.3 16946 27351 75 641 614
1702254680.81 16947 27353 17 641 624
1702254688.37 16948 27360 63 641 554
1702254692.39 16949 27364 58 641 621
1702254702.29 16950 27374 39 641 629
1702254706.86 16951 27378 87 641 600
1702254708.4 16952 27380 31 641 603
1702254718.65 16953 27390 48 641 631
1702254726.44 16954 27398 19 641 628
1702254729.82 16955 27401 48 641 618
1702254738.73 16956 27410 30 641 624
1702254743.31 16957 27414 79 641 624
1702254748.38 16958 27419 77 641 629
1702254749.64 16959 27420 94 641 620
1702254755.94 16960 27427 15 641 631
1702254762.94 16961 27434 7 641 594
1702254768.24 16962 27439 28 641 556
1702254776.22 16963 27447 17 641 622
1702254778.43 16964 27449 29 641 554
1702254780.01 16965 27450 78 641 609
1702254782.45 16966 27453 13 641 512
1702254783.22 16967 27453 80 641 604
1702254783.32 16968 27453 80 640 532
1702254792.62 16969 27463 3 641 626
1702254809.02 16970 27479 36 641 621
1702254815.9 16971 27486 15 641 621
1702254820.44 16972 27490 60 641 630
1702254825.91 16973 27495 99 641 581
1702254839.39 16974 27509 39 641 619
1702254843.84 16975 27513 75 641 619
1702254844.1 16976 27513 91 641 557
1702254847.59 16977 27517 32 641 628
1702254848.05 16978 27517 69 641 510
1702254854.3 16979 27523 85 641 624
1702254855.53 16980 27524 99 641 626
1702254861.3 16981 27530 67 641 625
1702254866.78 16982 27536 6 641 632
1702254868.41 16983 27537 59 641 616
1702254868.7 16984 27537 79 641 558
1702254886.71 16985 27555 73 641 636
1702254890.67 16986 27559 59 641 600
1702254897.59 16987 27566 42 641 545
1702254901.68 16988 27570 42 641 624
1702254908.67 16989 27577 33 641 622
1702254921.78 16990 27590 36 641 547
1702254927.53 16991 27596 3 641 512
1702254968.38 16992 27636 83 641 630
1702254969.25 16993 27637 60 641 611
1702254969.51 16994 27637 76 641 554
1702254981.86 16995 27650 4 641 620
1702254991.01 16996 27659 10 641 524
1702254991.81 16997 27659 81 641 608
1702254992.76 16998 27660 67 641 624
1702255002.64 16999 27670 46 641 519
1702255003.88 17000 27671 61 641 606
1702255005.52 17001 27673 16 641 584
1702255007.5 17002 27675 6 641 621
1702255009.48 17003 27676 95 641 624
1702255015.64 17004 27683 2 641 628
1702255016.46 17005 27683 75 641 612
1702255017.89 17006 27685 8 641 603
1702255027.55 17007 27694 66 641 622
1702255033.94 17008 27700 97 641 625
1702255038.81 17009 27705 75 641 604
1702255046.96 17010 27713 82 641 579
1702255053.99 17011 27720 76 641 626
1702255061.49 17012 27728 17 641 586
1702255063.25 17013 27729 84 641 616
1702255065.51 17014 27732 1 641 623
1702255067.54 17015 27733 95 641 631
1702255071.85 17016 27738 17 641 513
1702255073.47 17017 27739 69 641 629
1702255083.87 17018 27750 2 641 601
1702255105.94 17019 27772 3 641 628
1702255106.49 17020 27772 49 641 584
1702255107.0 17021 27772 91 641 585
1702255107.68 17022 27773 49 641 600
1702255115.26 17023 27780 98 641 619
1702255120.67 17024 27786 31 641 587
1702255122.98 17025 27788 53 641 622
1702255141.29 17026 27806 76 641 599
1702255157.67 17027 27823 6 641 621
1702255166.6 17028 27831 91 641 623
1702255183.38 17029 27848 61 641 633
1702255207.46 17030 27872 62 641 628
1702255215.05 17031 27880 12 641 620
1702255221.07 17032 27886 5 641 541
1702255221.26 17033 27886 15 641 550
1702255248.45 17034 27913 28 641 632
1702255252.65 17035 27917 38 641 617
1702255264.27 17036 27928 92 641 608
1702255268.24 17037 27932 80 641 583
1702255272.35 17038 27936 82 641 628
1702255272.58 17039 27936 96 641 357
1702255274.91 17040 27939 20 641 627
1702255281.38 17041 27945 58 641 620
1702255284.3 17042 27948 41 641 459
1702255286.42 17043 27950 43 641 610
1702255288.16 17044 27952 9 641 624
1702255288.66 17045 27952 50 641 578
1702255299.85 17046 27963 60 641 430
1702255301.43 17047 27965 9 641 582
1702255301.76 17048 27965 33 641 562
1702255319.69 17049 27983 18 641 617
1702255330.21 17050 27993 62 641 620
1702255330.84 17051 27994 15 641 591
1702255337.79 17052 28001 2 641 621
1702255344.71 17053 28007 85 641 523
1702255346.34 17054 28009 39 641 613
1702255372.55 17055 28035 54 641 452
1702255372.77 17056 28035 67 641 552
1702255373.36 17057 28036 16 641 591
1702255383.7 17058 28046 43 641 616
1702255392.46 17059 28055 10 641 564
1702255398.8 17060 28061 35 641 628
1702255399.51 17061 28061 97 641 599
1702255403.49 17062 28065 85 641 616
1702255408.48 17063 28070 76 641 544
1702255421.44 17064 28083 64 641 622
1702255421.62 17065 28083 73 641 544
1702255424.55 17066 28086 57 641 632
1702255430.85 17067 28092 79 641 630
1702255433.69 17068 28095 53 641 623
1702255434.04 17069 28095 79 641 563
1702255442.61 17070 28104 28 641 483
1702255455.22 17071 28116 81 641 623
1702255456.09 17072 28117 59 641 594
1702255459.89 17073 28121 30 641 629
1702255463.73 17074 28125 6 641 624
1702255465.39 17075 28126 63 641 628
1702255472.67 17076 28133 82 641 565
1702255476.24 17077 28137 30 641 624
1702255481.2 17078 28142 18 641 607
1702255482.66 17079 28143 54 641 616
1702255483.01 17080 28143 79 641 563
1702255486.73 17081 28147 43 641 619
1702255490.51 17082 28151 12 641 624
1702255497.27 17083 28157 79 641 629
1702255502.29 17084 28162 72 641 585
1702255505.47 17085 28165 81 641 633
1702255509.34 17086 28169 59 641 612
1702255510.35 17087 28170 51 641 627
1702255511.87 17088 28171 94 641 630
1702255514.94 17089 28174 91 641 622
1702255516.84 17090 28176 72 641 635
1702255518.6 17091 28178 38 641 622
1702255528.4 17092 28188 10 641 630
1702255530.79 17093 28190 40 641 619
1702255535.75 17094 28195 27 641 463
1702255543.19 17095 28202 62 641 586
1702255546.36 17096 28205 70 641 604
1702255552.81 17097 28212 6 641 624
1702255553.48 17098 28212 64 641 599
1702255556.95 17099 28216 2 641 432
1702255562.66 17100 28221 64 641 624
1702255563.28 17101 28222 17 641 591
1702255563.38 17102 28222 17 640 531
1702255564.11 17103 28222 82 641 607
1702255571.56 17104 28230 18 641 524
1702255580.69 17105 28239 23 641 622
1702255581.09 17106 28239 53 641 570
1702255582.2 17107 28240 55 641 624
1702255588.67 17108 28246 94 641 574
1702255591.78 17109 28249 96 641 637
1702255607.88 17110 28265 98 641 620
1702255617.55 17111 28275 56 641 633
1702255617.65 17112 28275 56 640 533
1702255623.99 17113 28281 83 641 610
1702255630.71 17114 28288 46 640 302
1702255634.21 17115 28291 87 641 629
1702255636.75 17116 28294 32 641 431
1702255647.4 17117 28304 89 641 629
1702255652.97 17118 28310 36 641 628
1702255655.63 17119 28312 94 641 538
1702255661.67 17120 28318 89 641 623
1702255662.48 17121 28319 61 641 610
1702255663.07 17122 28320 11 641 588
1702255669.47 17123 28326 41 641 625
1702255672.35 17124 28329 21 641 617
1702255678.0 17125 28334 76 641 532
1702255678.16 17126 28334 83 641 541
1702255678.7 17127 28335 27 641 588
1702255696.22 17128 28352 72 641 626
1702255696.52 17129 28352 92 641 563
1702255708.62 17130 28364 94 641 618
1702255708.76 17131 28364 98 641 541
1702255711.72 17132 28367 85 641 624
1702255713.99 17133 28370 3 641 626
1702255717.05 17134 28373 0 641 631
1702255720.95 17135 28376 81 641 628
1702255736.94 17136 28392 72 641 582
1702255738.98 17137 28394 67 641 628
1702255740.73 17138 28396 32 641 460
1702255741.86 17139 28397 36 641 638
1702255742.42 17140 28397 82 641 585
1702255753.31 17141 28408 64 641 622
1702255755.91 17142 28411 14 641 627
1702255758.31 17143 28413 45 641 628
1702255764.21 17144 28419 26 641 633
1702255766.65 17145 28421 60 641 626
1702255772.01 17146 28426 87 641 630
1702255777.75 17147 28432 53 641 586
1702255781.4 17148 28436 9 641 567
1702255799.07 17149 28453 69 641 542
1702255812.53 17150 28467 7 641 620
1702255813.79 17151 28468 24 641 621
1702255817.79 17152 28472 15 641 610
1702255833.02 17153 28487 31 641 627
1702255836.85 17154 28491 5 641 624
1702255838.55 17155 28492 66 641 624
1702255841.04 17156 28495 6 641 623
1702255844.48 17157 28498 41 641 498
1702255847.7 17158 28501 55 641 626
1702255850.37 17159 28504 12 641 631
1702255851.91 17160 28505 57 641 631
1702255857.66 17161 28511 23 641 627
1702255860.54 17162 28514 2 641 622
1702255861.79 17163 28515 17 641 624
1702255863.3 17164 28516 59 641 633
1702255865.86 17165 28519 6 641 611
1702255868.18 17166 28521 29 641 604
1702255875.87 17167 28528 90 641 624
1702255878.6 17168 28531 53 641 453
1702255879.71 17169 28532 56 641 523
1702255900.56 17170 28553 34 641 613
1702255906.53 17171 28559 22 641 628
1702255913.63 17172 28566 23 641 628
1702255913.73 17173 28566 23 640 533
1702255922.6 17174 28575 2 641 632
1702255926.75 17175 28579 8 641 542
1702255933.63 17176 28585 87 641 475
1702255936.58 17177 28588 74 641 552
1702255942.16 17178 28594 23 641 631
1702255950.8 17179 28602 78 641 598
1702255955.09 17180 28606 98 641 615
1702255969.18 17181 28620 99 641 556
1702255975.43 17182 28627 17 641 630
1702255977.19 17183 28628 83 641 630
1702255981.62 17184 28633 17 641 566
1702255992.52 17185 28643 99 641 622
1702255992.74 17186 28644 12 641 551
1702255993.04 17187 28644 32 641 561
1702255995.4 17188 28646 59 641 543
1702255995.76 17189 28646 86 641 567
1702255996.2 17190 28647 21 641 575
1702255998.96 17191 28649 87 641 620
1702256016.14 17192 28666 98 641 631
1702256022.56 17193 28673 31 641 614
1702256027.47 17194 28678 13 641 535
1702256031.13 17195 28681 70 641 616
1702256036.14 17196 28686 62 641 620
1702256037.69 17197 28688 8 641 599
1702256044.47 17198 28694 78 641 514
1702256068.91 17199 28719 15 641 620
1702256070.87 17200 28721 2 641 629
1702256080.74 17201 28730 80 641 582
1702256084.83 17202 28734 81 641 440
1702256094.28 17203 28744 17 641 629
1702256106.16 17204 28755 98 641 626
1702256106.26 17205 28755 98 640 536
1702256107.9 17206 28757 53 641 613
1702256108.96 17207 28758 49 641 496
1702256114.77 17208 28764 21 641 628
1702256115.42 17209 28764 77 641 594
1702256129.37 17210 28778 64 641 624
1702256130.63 17211 28779 81 641 613
1702256132.95 17212 28782 3 641 609
1702256133.52 17213 28782 51 641 532
1702256135.06 17214 28783 96 641 624
1702256135.19 17215 28783 99 641 482
1702256145.75 17216 28794 47 641 627
1702256146.8 17217 28795 42 641 575
1702256167.74 17218 28816 29 641 629
1702256178.96 17219 28827 43 641 617
1702256185.27 17220 28833 65 641 635
1702256187.55 17221 28835 84 641 579
1702256191.29 17222 28839 49 641 632
1702256194.58 17223 28842 69 641 616
1702256199.54 17224 28847 56 641 621
1702256205.72 17225 28853 66 641 627
1702256231.36 17226 28879 23 641 573
1702256235.04 17227 28882 81 641 628
1702256240.03 17228 28887 71 641 620
1702256246.14 17229 28893 74 641 617
1702256251.54 17230 28899 5 641 460
1702256254.27 17231 28901 69 641 624
1702256265.16 17232 28912 50 641 598
1702256296.39 17233 28943 67 641 625
1702256299.4 17234 28946 58 641 596
1702256325.74 17235 28972 85 641 614
1702256327.79 17236 28974 81 641 624
1702256331.76 17237 28978 69 641 598
1702256336.89 17238 28983 73 641 612
1702256337.43 17239 28984 18 641 583
1702256340.86 17240 28987 52 641 628
1702256341.74 17241 28988 31 641 615
1702256349.52 17242 28996 0 641 572
1702256361.09 17243 29007 50 641 620
1702256365.37 17244 29011 69 641 622
1702256368.36 17245 29014 59 641 618
1702256374.49 17246 29020 63 641 630
1702256375.07 17247 29021 12 641 586
1702256388.19 17248 29034 16 641 631
1702256390.94 17249 29036 81 641 614
1702256403.77 17250 29049 57 641 637
1702256403.87 17251 29049 57 640 532
1702256413.35 17252 29058 97 641 633
1702256416.06 17253 29061 59 641 367
1702256425.2 17254 29070 64 641 624
1702256475.06 17255 29120 46 641 466
1702256480.93 17256 29126 25 641 608
1702256493.01 17257 29138 25 641 623
1702256494.93 17258 29140 8 641 619
1702256499.14 17259 29144 21 641 627
1702256500.87 17260 29145 85 641 493
1702256505.24 17261 29150 13 641 459
1702256506.91 17262 29151 70 641 627
1702256507.23 17263 29151 92 641 559
1702256522.65 17264 29167 27 641 632
1702256525.89 17265 29170 42 641 613
1702256533.44 17266 29177 88 641 585
1702256535.63 17267 29179 98 641 549
1702256535.73 17268 29179 98 640 535
1702256541.34 17269 29185 52 641 519
1702256546.47 17270 29190 56 641 345
1702256599.17 17271 29243 22 641 618
1702256601.16 17272 29245 12 641 630
1702256605.01 17273 29248 89 641 604
1702256606.08 17274 29249 86 641 631
1702256606.88 17275 29250 57 641 606
1702256622.14 17276 29265 75 640 339
1702256628.86 17277 29272 39 641 631
1702256635.44 17278 29278 89 641 616
1702256638.3 17279 29281 66 641 622
1702256643.33 17280 29286 60 641 524
1702256645.08 17281 29288 25 641 622
1702256659.36 17282 29302 46 641 629
1702256667.82 17283 29310 83 641 627
1702256670.09 17284 29313 1 641 630
1702256672.52 17285 29315 35 641 618
1702256672.7 17286 29315 44 641 528
1702256674.33 17287 29316 98 641 626
1702256686.89 17288 29329 45 641 590
1702256687.88 17289 29330 36 641 588
1702256715.82 17290 29358 23 641 618
1702256721.2 17291 29363 52 641 621
1702256727.87 17292 29370 10 641 579
1702256728.15 17293 29370 29 641 557
1702256756.72 17294 29398 79 641 629
1702256767.44 17295 29409 43 641 629
1702256774.06 17296 29415 97 641 626
1702256776.35 17297 29418 16 641 631
1702256776.45 17298 29418 16 640 535
1702256799.39 17299 29441 4 641 632
1702256805.61 17300 29447 18 641 619
1702256816.03 17301 29457 52 641 583
1702256825.95 17302 29467 36 641 619
1702256830.82 17303 29472 14 641 628
1702256831.22 17304 29472 44 641 568
1702256833.07 17305 29474 19 641 573
1702256847.03 17306 29488 7 641 625
1702256859.37 17307 29500 33 641 626
1702256870.12 17308 29511 0 641 617
1702256872.17 17309 29512 97 641 528
1702256878.27 17310 29518 98 641 613
1702256881.52 17311 29522 14 641 617
1702256885.16 17312 29525 68 641 615
1702256887.26 17313 29527 69 641 572
1702256890.7 17314 29531 4 641 624
1702256896.06 17315 29536 32 641 633
1702256901.3 17316 29541 47 641 628
1702256907.85 17317 29547 93 641 612
1702256908.85 17318 29548 84 641 601
1702256909.66 17319 29549 56 641 608
1702256915.0 17320 29554 81 641 623
1702256923.66 17321 29563 38 641 622
1702256925.29 17322 29564 92 641 627
1702256928.3 17323 29567 83 641 602
1702256935.18 17324 29574 62 641 636
1702256937.84 17325 29577 19 641 474
1702256942.96 17326 29582 22 641 626
1702256947.11 17327 29586 28 641 546
1702256950.82 17328 29589 90 641 627
1702256952.26 17329 29591 25 641 629
1702256959.58 17330 29598 48 641 617
1702256964.71 17331 29603 52 641 631
1702256971.05 17332 29609 77 641 462
1702256973.98 17333 29612 60 641 622
1702256979.31 17334 29617 84 641 636
1702256979.58 17335 29618 2 641 557
1702256985.67 17336 29624 3 641 629
1702256985.96 17337 29624 23 641 556
1702256988.46 17338 29626 63 641 628
1702256991.51 17339 29629 59 641 570
1702256995.95 17340 29633 94 641 556
1702256997.72 17341 29635 61 641 628
1702257005.4 17342 29643 20 641 568
1702257009.41 17343 29647 12 641 631
1702257010.46 17344 29648 8 641 584
1702257010.65 17345 29648 18 641 547
1702257017.01 17346 29654 45 641 620
1702257026.93 17347 29664 28 641 631
1702257027.6 17348 29664 86 641 592
1702257046.41 17349 29683 60 641 619
1702257048.39 17350 29685 48 641 591
1702257057.08 17351 29694 9 641 611
1702257062.53 17352 29699 45 641 467
1702257064.56 17353 29701 39 641 497
1702257068.0 17354 29704 74 641 627
1702257068.27 17355 29704 92 641 523
1702257076.22 17356 29712 78 641 615
1702257077.69 17357 29714 16 641 628
1702257078.79 17358 29715 17 641 634
1702257080.42 17359 29716 71 641 620
1702257083.21 17360 29719 41 641 626
1702257085.49 17361 29721 60 641 579
1702257090.67 17362 29726 69 641 441
1702257094.1 17363 29730 2 641 631
1702257101.66 17364 29737 50 641 621
1702257111.84 17365 29747 59 641 628
1702257119.11 17366 29754 78 641 512
1702257122.47 17367 29758 6 641 591
1702257124.7 17368 29760 20 641 620
1702257131.29 17369 29766 70 641 625
1702257133.59 17370 29768 91 641 497
1702257139.01 17371 29774 24 641 633
1702257142.39 17372 29777 52 641 632
1702257143.46 17373 29778 50 641 605
1702257145.18 17374 29780 13 641 619
1702257146.04 17375 29780 90 641 528
1702257146.23 17376 29780 99 641 545
1702257164.63 17377 29799 32 641 612
1702257169.24 17378 29803 84 641 622
1702257175.2 17379 29809 71 641 574
1702257185.41 17380 29819 83 641 603
1702257187.9 17381 29822 25 641 618
1702257196.06 17382 29830 32 641 625
1702257198.41 17383 29832 58 641 603
1702257199.1 17384 29833 17 641 595
1702257206.11 17385 29840 10 641 623
1702257211.66 17386 29845 56 641 554
1702257238.81 17387 29872 64 641 633
1702257239.04 17388 29872 78 641 507
1702257240.12 17389 29873 77 641 629
1702257244.2 17390 29877 76 641 611
1702257250.12 17391 29883 59 641 618
1702257253.5 17392 29886 88 641 630
1702257262.21 17393 29895 50 641 624
1702257263.15 17394 29896 35 641 496
1702257264.18 17395 29897 29 641 573
1702257268.96 17396 29901 97 641 588
1702257270.49 17397 29903 41 641 631
1702257276.93 17398 29909 77 641 630
1702257279.36 17399 29912 11 641 619
1702257280.78 17400 29913 44 641 629
1702257284.92 17401 29917 49 641 521
1702257291.68 17402 29924 17 641 627
1702257300.44 17403 29932 84 641 624
1702257304.97 17404 29937 28 641 595
1702257307.75 17405 29939 97 641 624
1702257312.27 17406 29944 40 641 508
1702257315.09 17407 29947 13 640 369
1702257318.32 17408 29950 27 641 630
1702257320.88 17409 29952 74 641 615
1702257322.49 17410 29954 26 641 593
1702257333.67 17411 29965 35 641 610
1702257336.66 17412 29968 27 641 530
1702257340.07 17413 29971 58 641 630
1702257358.68 17414 29990 12 641 622
1702257359.28 17415 29990 63 641 588
1702257365.23 17416 29996 49 641 630
1702257380.44 17417 30011 62 641 628
1702257388.64 17418 30019 73 641 624
1702257390.17 17419 30021 17 641 627
1702257398.87 17420 30029 79 641 635
1702257416.93 17421 30047 77 641 613
1702257424.13 17422 30054 89 641 629
1702257424.84 17423 30055 51 641 599
1702257433.89 17424 30064 47 641 628
1702257434.61 17425 30065 10 641 597
1702257434.86 17426 30065 25 641 553
1702257437.09 17427 30067 38 641 630
1702257440.87 17428 30071 8 641 621
1702257449.28 17429 30079 41 641 623
1702257451.15 17430 30081 18 641 585
1702257463.46 17431 30093 41 641 630
1702257478.76 17432 30108 64 641 369
1702257483.58 17433 30113 37 641 625
1702257487.54 17434 30117 23 641 622
1702257492.86 17435 30122 48 641 563
1702257499.67 17436 30129 20 641 626
1702257510.15 17437 30139 60 641 621
1702257515.39 17438 30144 76 641 625
1702257529.32 17439 30158 60 641 620
1702257529.73 17440 30158 93 641 525
1702257541.3 17441 30170 42 641 634
1702257545.49 17442 30174 52 641 558
1702257552.63 17443 30181 57 641 552
1702257558.9 17444 30187 75 641 611
1702257562.22 17445 30190 98 641 547
1702257562.36 17446 30191 3 641 543
1702257564.11 17447 30192 68 641 619
1702257564.46 17448 30192 94 641 563
1702257569.12 17449 30197 51 641 623
1702257580.46 17450 30208 77 641 620
1702257597.18 17451 30225 42 641 622
1702257597.99 17452 30226 14 641 606
1702257603.71 17453 30231 76 641 626
1702257606.97 17454 30234 93 641 628
1702257611.96 17455 30239 83 641 556
1702257624.76 17456 30252 55 641 633
1702257668.45 17457 30296 20 641 626
1702257668.65 17458 30296 30 641 546
1702257702.81 17459 30330 40 641 580
1702257705.97 17460 30333 47 641 620
1702257707.02 17461 30334 43 641 577
1702257718.13 17462 30345 46 641 622
1702257721.95 17463 30349 18 641 620
1702257722.19 17464 30349 33 641 556
1702257723.76 17465 30350 81 641 622
1702257731.91 17466 30358 88 641 620
1702257740.94 17467 30367 82 641 619
1702257744.2 17468 30370 99 641 616
1702257747.5 17469 30374 20 641 615
1702257751.12 17470 30377 72 641 620
1702257758.23 17471 30384 75 641 584
1702257783.38 17472 30409 83 641 516
1702257786.31 17473 30412 66 641 544
1702257786.59 17474 30412 85 641 556
1702257790.18 17475 30416 34 641 584
1702257802.06 17476 30428 15 641 589
1702257803.72 17477 30429 72 641 625
1702257803.85 17478 30429 75 641 538
1702257804.66 17479 30430 47 641 611
1702257812.89 17480 30438 62 641 622
1702257823.05 17481 30448 69 641 619
1702257828.03 17482 30453 58 641 629
1702257834.67 17483 30460 14 641 619
1702257840.02 17484 30465 40 641 632
1702257841.49 17485 30466 77 641 506
1702257841.8 17486 30466 99 641 560
1702257842.91 17487 30468 1 641 593
1702257843.89 17488 30468 91 641 591
1702257849.54 17489 30474 47 641 630
1702257854.28 17490 30479 12 641 606
1702257868.15 17491 30492 90 641 560
1702257881.24 17492 30505 91 641 628
1702257882.2 17493 30506 78 641 563
1702257885.17 17494 30509 66 641 555
1702257886.19 17495 30510 59 641 624
1702257888.81 17496 30513 12 641 633
1702257893.25 17497 30517 47 641 613
1702257896.59 17498 30520 72 641 632
1702257902.11 17499 30526 15 641 626
1702257919.5 17500 30543 47 641 600
1702257920.87 17501 30544 75 641 598
1702257925.66 17502 30549 45 641 526
1702257937.86 17503 30561 57 641 618
1702257941.26 17504 30564 87 641 629
1702257942.96 17505 30566 48 641 614
1702257957.73 17506 30581 17 641 630
1702257960.3 17507 30583 65 641 630
1702257971.16 17508 30594 43 641 630
1702257977.09 17509 30600 27 641 624
1702257995.58 17510 30618 68 641 601
1702258007.27 17511 30630 29 641 623
1702258013.87 17512 30636 80 641 627
1702258028.4 17513 30651 25 641 601
1702258048.07 17514 30670 85 641 362
1702258048.76 17515 30671 45 641 597
1702258051.59 17516 30674 19 641 632
1702258053.14 17517 30675 64 641 623
1702258053.65 17518 30676 6 641 575
1702258055.06 17519 30677 38 641 622
1702258056.31 17520 30678 53 641 603
1702258056.46 17521 30678 59 641 544
1702258058.74 17522 30680 77 641 561
1702258075.77 17523 30697 72 641 523
1702258088.68 17524 30710 56 641 621
1702258093.92 17525 30715 71 641 572
1702258094.52 17526 30716 21 641 587
1702258100.02 17527 30721 62 641 632
1702258104.03 17528 30725 54 641 627
1702258110.69 17529 30732 12 641 540
1702258110.86 17530 30732 19 641 543
1702258114.2 17531 30735 44 641 629
1702258118.65 17532 30739 80 641 479
1702258119.78 17533 30740 83 641 593
1702258120.87 17534 30741 83 641 629
1702258120.97 17535 30741 83 640 532
1702258130.11 17536 30750 90 641 621
1702258141.53 17537 30762 24 641 631
1702258144.36 17538 30764 97 641 629
1702258148.23 17539 30768 75 641 625
1702258157.61 17540 30778 5 641 556
1702258159.93 17541 30780 27 641 622
1702258165.22 17542 30785 48 641 629
1702258167.17 17543 30787 33 641 509
1702258168.1 17544 30788 16 641 546
1702258168.54 17545 30788 51 641 530
1702258176.89 17546 30796 77 641 526
1702258182.79 17547 30802 58 641 615
1702258187.18 17548 30806 88 641 627
1702258189.67 17549 30809 27 641 538
1702258198.51 17550 30818 3 641 615
1702258200.27 17551 30819 70 641 587
1702258201.91 17552 30821 26 641 616
1702258206.95 17553 30826 21 641 525
1702258212.53 17554 30831 71 641 620
1702258212.68 17555 30831 76 641 542
1702258214.37 17556 30833 35 641 632
1702258233.8 17557 30852 71 641 632
1702258240.41 17558 30859 23 641 627
1702258253.49 17559 30872 23 641 610
1702258269.21 17560 30887 87 641 601
1702258274.96 17561 30893 53 641 549
1702258281.08 17562 30899 56 641 618
1702258298.66 17563 30917 7 641 626
1702258305.83 17564 30924 15 641 593
1702258314.98 17565 30933 22 641 611
1702258326.13 17566 30944 28 641 623
1702258337.66 17567 30955 73 641 631
1702258350.29 17568 30968 29 641 625
1702258365.92 17569 30983 84 641 620
1702258366.8 17570 30984 64 641 614
1702258374.77 17571 30992 52 641 627
1702258377.12 17572 30994 77 641 631
1702258385.45 17573 31003 2 641 617
1702258390.4 17574 31007 89 641 568
1702258390.8 17575 31008 19 641 567
1702258396.21 17576 31013 51 641 624
1702258398.59 17577 31015 80 641 511
1702258400.29 17578 31017 40 641 622
1702258402.59 17579 31019 61 641 624
1702258405.03 17580 31021 95 641 599
1702258408.53 17581 31025 36 641 614
1702258420.27 17582 31037 2 641 524
1702258432.76 17583 31049 43 641 579
1702258445.74 17584 31062 33 641 530
1702258459.56 17585 31076 7 641 624
1702258467.43 17586 31083 86 641 638
1702258467.59 17587 31083 92 641 542
1702258468.41 17588 31084 65 641 612
1702258492.24 17589 31108 42 641 631
1702258493.38 17590 31109 46 641 629
1702258497.23 17591 31113 22 641 627
1702258499.45 17592 31115 35 641 524
1702258515.18 17593 31131 0 641 619
1702258520.51 17594 31136 25 641 624
1702258520.87 17595 31136 51 641 563
1702258526.29 17596 31141 84 641 500
1702258528.38 17597 31143 84 641 626
1702258529.84 17598 31145 21 641 538
1702258530.01 17599 31145 29 641 502
1702258530.48 17600 31145 66 641 578
1702258535.57 17601 31150 66 641 562
1702258536.89 17602 31151 89 641 627
1702258552.35 17603 31167 27 641 626
1702258562.26 17604 31177 10 641 620
1702258562.65 17605 31177 40 641 570
1702258562.77 17606 31177 42 641 537
1702258563.08 17607 31177 63 641 518
1702258565.74 17608 31180 19 641 616
1702258568.0 17609 31182 37 641 600
1702258582.67 17610 31196 97 641 621
1702258583.47 17611 31197 67 641 607
1702258588.81 17612 31202 92 641 618
1702258597.36 17613 31211 38 641 413
1702258597.46 17614 31211 38 640 534
1702258603.84 17615 31217 68 641 625
1702258604.45 17616 31218 20 641 587
1702258607.16 17617 31220 82 641 623
1702258616.28 17618 31229 85 641 615
1702258628.66 17619 31242 15 641 588
1702258636.48 17620 31249 89 641 628
1702258651.46 17621 31264 79 641 621
1702258656.03 17622 31269 27 641 618
1702258656.7 17623 31269 84 641 594
1702258682.82 17624 31295 90 641 532
1702258684.96 17625 31297 95 641 573
1702258697.46 17626 31310 37 641 624
1702258700.18 17627 31312 99 641 597
1702258713.39 17628 31326 12 641 538
1702258714.35 17629 31326 99 641 619
1702258727.41 17630 31339 97 641 579
1702258727.92 17631 31340 38 641 580
1702258734.92 17632 31347 30 641 571
1702258738.37 17633 31350 66 641 595
1702258739.85 17634 31352 5 641 613
1702258742.93 17635 31355 4 641 619
1702258753.0 17636 31365 3 641 531
1702258755.03 17637 31366 98 641 626
1702258756.89 17638 31368 74 641 621
1702258766.04 17639 31377 81 641 565
1702258777.37 17640 31389 6 641 628
1702258780.98 17641 31392 58 641 593
1702258782.06 17642 31393 57 641 610
1702258782.46 17643 31393 88 641 571
1702258785.49 17644 31396 82 641 603
1702258786.51 17645 31397 74 641 624
1702258787.81 17646 31398 95 641 626
1702258790.98 17647 31402 3 641 624
1702258820.83 17648 31431 83 641 630
1702258830.15 17649 31441 6 641 631
1702258830.83 17650 31441 65 641 597
1702258837.94 17651 31448 67 641 539
1702258839.8 17652 31450 43 641 628
1702258841.32 17653 31451 87 641 614
1702258842.2 17654 31452 65 641 614
1702258850.74 17655 31461 11 639 198
1702258855.69 17656 31465 96 641 620
1702258855.89 17657 31466 7 641 550
1702258870.04 17658 31480 14 641 552
1702258885.38 17659 31495 41 641 634
1702258886.9 17660 31496 83 641 629
1702258908.22 17661 31518 8 641 621
1702258915.29 17662 31525 7 641 628
1702258917.41 17663 31527 9 641 626
1702258921.56 17664 31531 16 641 626
1702258930.93 17665 31540 44 641 631
1702258932.57 17666 31541 99 641 596
1702258933.5 17667 31542 82 641 618
1702258934.03 17668 31543 27 641 585
1702258934.13 17669 31543 27 640 535
1702258949.5 17670 31558 57 641 620
1702258952.16 17671 31561 13 641 619
1702258966.69 17672 31575 58 641 628
1702258987.97 17673 31596 79 641 620
1702259004.74 17674 31613 49 641 620
1702259004.98 17675 31613 64 641 554
1702259024.16 17676 31632 74 641 624
1702259026.74 17677 31635 24 641 631
1702259028.05 17678 31636 46 641 610
1702259033.19 17679 31641 51 641 624
1702259046.36 17680 31654 60 641 620
1702259051.04 17681 31659 19 641 629
1702259052.61 17682 31660 67 641 532
1702259058.59 17683 31666 56 641 543
1702259058.69 17684 31666 56 640 536
1702259064.17 17685 31671 96 641 625
1702259067.47 17686 31675 17 640 519
1702259077.13 17687 31684 75 641 625
1702259089.13 17688 31696 66 641 624
1702259090.18 17689 31697 62 641 538
1702259096.97 17690 31704 32 641 552
1702259097.18 17691 31704 43 641 548
1702259103.54 17692 31710 71 641 625
1702259106.91 17693 31713 99 641 628
1702259112.91 17694 31719 90 641 616
1702259114.25 17695 31721 14 641 619
1702259125.68 17696 31732 49 641 613
1702259128.33 17697 31735 5 641 625
1702259128.82 17698 31735 44 641 579
1702259139.35 17699 31745 89 641 631
1702259141.05 17700 31747 50 641 622
1702259143.59 17701 31749 96 641 592
1702259153.36 17702 31759 64 641 619
1702259157.6 17703 31763 78 641 628
1702259158.85 17704 31764 94 641 621
1702259163.74 17705 31769 74 641 606
1702259172.84 17706 31778 76 641 494
1702259181.79 17707 31787 62 641 560
1702259184.62 17708 31790 36 641 632
1702259188.06 17709 31793 71 641 576
1702259189.63 17710 31795 18 641 569
1702259190.1 17711 31795 55 641 575
1702259191.49 17712 31796 85 641 536
1702259191.93 17713 31797 20 641 575
1702259197.36 17714 31802 53 641 633
1702259210.89 17715 31815 98 641 623
1702259220.43 17716 31825 44 641 594
1702259221.63 17717 31826 55 641 604
1702259222.84 17718 31827 67 641 540
1702259225.53 17719 31830 27 641 616
1702259234.12 17720 31838 77 641 632
1702259238.26 17721 31842 82 641 627
1702259242.64 17722 31847 11 641 573
1702259247.31 17723 31851 69 641 628
1702259248.35 17724 31852 63 641 572
1702259249.87 17725 31854 6 641 629
1702259257.0 17726 31861 10 641 557
1702259261.9 17727 31865 92 641 627
1702259262.31 17728 31866 24 641 571
1702259267.29 17729 31871 12 641 628
1702259267.53 17730 31871 26 641 551
1702259267.69 17731 31871 33 641 544
1702259276.5 17732 31880 6 641 629
1702259281.42 17733 31884 89 641 621
1702259281.52 17734 31884 89 640 535
1702259285.28 17735 31888 57 641 631
1702259290.73 17736 31893 94 641 624
1702259310.76 17737 31913 90 641 520
1702259312.83 17738 31915 88 641 629
1702259314.25 17739 31917 20 641 630
1702259320.22 17740 31923 9 641 619
1702259322.42 17741 31925 19 641 627
1702259323.17 17742 31925 85 641 600
1702259329.35 17743 31931 95 641 625
1702259329.78 17744 31932 28 640 331
1702259335.9 17745 31938 31 641 622
1702259337.82 17746 31940 14 641 560
1702259338.51 17747 31940 74 641 596
1702259340.94 17748 31943 7 641 627
1702259348.66 17749 31950 72 641 631
1702259363.34 17750 31965 32 641 620
1702259374.47 17751 31976 36 641 625
1702259375.75 17752 31977 55 641 621
1702259376.42 17753 31978 13 641 499
1702259377.09 17754 31978 70 641 557
1702259378.71 17755 31980 22 641 627
1702259384.49 17756 31985 91 641 473
1702259386.56 17757 31987 89 641 620
1702259386.66 17758 31987 89 640 536
1702259388.33 17759 31989 47 641 621
1702259390.37 17760 31991 42 641 624
1702259397.55 17761 31998 51 641 618
1702259416.38 17762 32017 27 641 634
1702259422.32 17763 32023 12 641 615
1702259445.8 17764 32046 53 641 608
1702259451.71 17765 32052 36 641 624
1702259457.53 17766 32058 9 641 623
1702259460.89 17767 32061 36 641 574
1702259461.65 17768 32062 3 641 603
1702259466.4 17769 32066 68 641 615
1702259471.95 17770 32072 14 641 619
1702259472.43 17771 32072 53 641 576
1702259477.76 17772 32077 77 641 626
1702259480.94 17773 32080 86 641 626
1702259484.21 17774 32084 3 641 382
1702259485.32 17775 32085 5 641 633
1702259494.01 17776 32093 66 641 617
1702259495.95 17777 32095 51 641 623
1702259498.74 17778 32098 20 641 580
1702259504.4 17779 32103 77 641 624
1702259511.3 17780 32110 58 641 626
1702259517.0 17781 32116 20 641 629
1702259526.38 17782 32125 49 641 625
1702259541.39 17783 32140 42 641 619
1702259541.94 17784 32140 88 641 582
1702259543.62 17785 32142 47 641 633
1702259559.72 17786 32158 49 641 627
1702259565.21 17787 32163 89 641 601
1702259572.52 17788 32171 11 641 626
1702259574.86 17789 32173 35 641 602
1702259590.41 17790 32188 82 641 534
1702259590.93 17791 32189 25 641 580
1702259591.57 17792 32189 79 641 593
1702259594.19 17793 32192 33 641 614
1702259594.53 17794 32192 57 641 373
1702259599.36 17795 32197 31 641 619
1702259600.2 17796 32198 6 641 579
1702259600.3 17797 32198 7 640 533
1702259601.05 17798 32198 75 641 609
1702259604.7 17799 32202 31 641 634
1702259615.72 17800 32213 24 641 631
1702259624.8 17801 32222 23 641 631
1702259625.16 17802 32222 50 641 565
1702259625.58 17803 32222 83 641 573
1702259639.77 17804 32236 94 641 633
1702259640.08 17805 32237 15 641 560
1702259640.56 17806 32237 54 641 579
1702259645.8 17807 32242 70 641 493
1702259646.11 17808 32242 92 641 562
1702259648.56 17809 32245 28 641 528
1702259650.54 17810 32247 16 641 628
1702259655.46 17811 32251 99 641 632
1702259656.99 17812 32253 44 641 582
1702259660.28 17813 32256 64 641 625
1702259664.19 17814 32260 46 641 629
1702259665.4 17815 32261 58 641 611
1702259667.03 17816 32263 12 641 617
1702259672.47 17817 32268 47 641 625
1702259673.32 17818 32269 23 641 614
1702259676.04 17819 32271 85 641 565
1702259677.47 17820 32273 19 641 608
1702259681.08 17821 32276 71 641 631
1702259683.98 17822 32279 52 641 624
1702259689.74 17823 32285 19 641 621
1702259693.71 17824 32289 7 641 568
1702259694.39 17825 32289 65 641 595
1702259695.13 17826 32290 30 641 603
1702259704.27 17827 32299 35 641 630
1702259710.47 17828 32305 46 641 614
1702259713.5 17829 32308 40 641 626
1702259722.6 17830 32317 42 641 627
1702259722.82 17831 32317 54 641 552
1702259726.22 17832 32320 85 641 624
1702259736.13 17833 32330 68 641 593
1702259745.59 17834 32340 6 641 609
1702259746.59 17835 32340 96 641 606
1702259754.34 17836 32348 64 641 632
1702259755.93 17837 32350 14 641 623
1702259759.0 17838 32353 12 641 534
1702259760.74 17839 32354 77 641 597
1702259768.07 17840 32362 1 641 628
1702259780.09 17841 32373 95 641 620
1702259783.38 17842 32377 15 641 631
1702259796.39 17843 32390 8 641 629
1702259802.48 17844 32396 9 641 631
1702259807.73 17845 32401 26 641 634
1702259809.9 17846 32403 34 641 600
1702259815.47 17847 32408 81 641 627
1702259828.02 17848 32421 28 641 529
1702259830.98 17849 32424 14 641 616
1702259839.09 17850 32432 17 641 629
1702259841.07 17851 32434 6 641 622
1702259850.43 17852 32443 34 641 626
1702259854.17 17853 32446 99 641 628
1702259854.71 17854 32447 44 641 532
1702259855.98 17855 32448 61 641 594
1702259859.69 17856 32452 23 641 623
1702259866.45 17857 32458 90 641 634
1702259875.72 17858 32468 9 641 619
1702259878.85 17859 32471 13 641 630
1702259880.45 17860 32472 64 641 591
1702259886.74 17861 32478 84 641 528
1702259889.52 17862 32481 53 641 575
1702259902.68 17863 32494 61 641 627
1702259902.93 17864 32494 76 641 554
1702259904.51 17865 32496 25 641 611
1702259906.85 17866 32498 49 641 624
1702259907.57 17867 32499 12 641 601
1702259919.97 17868 32511 43 641 632
1702259921.33 17869 32512 70 641 395
1702259922.21 17870 32513 49 641 616
1702259928.49 17871 32519 69 641 500
1702259933.91 17872 32525 2 641 623
1702259940.52 17873 32531 54 641 630
1702259941.27 17874 32532 20 641 601
1702259956.48 17875 32547 33 641 625
1702259958.02 17876 32548 78 641 622
1702259960.43 17877 32551 9 641 610
1702259961.93 17878 32552 50 641 630
1702259962.48 17879 32552 96 641 584
1702259965.41 17880 32555 80 640 271
1702259966.95 17881 32557 25 641 572
1702259975.17 17882 32565 38 641 627
1702259983.9 17883 32574 3 641 480
1702259993.79 17884 32583 84 641 627
1702259996.45 17885 32586 41 641 579
1702259997.25 17886 32587 11 641 606
1702260002.99 17887 32592 77 641 625
1702260021.52 17888 32611 23 641 627
1702260024.09 17889 32613 71 641 619
1702260034.37 17890 32623 90 641 623
1702260045.08 17891 32634 53 641 614
1702260049.22 17892 32638 58 641 617
1702260087.31 17893 32676 62 641 630
1702260092.94 17894 32682 16 641 623
1702260093.8 17895 32682 93 641 592
1702260094.3 17896 32683 34 641 580
1702260097.07 17897 32686 1 641 628
1702260114.14 17898 32703 1 641 626
1702260114.74 17899 32703 52 641 589
1702260115.51 17900 32704 20 641 545
1702260120.28 17901 32708 89 641 625
1702260123.16 17902 32711 67 641 631
1702260133.35 17903 32721 78 641 627
1702260140.68 17904 32729 3 641 615
1702260144.03 17905 32732 29 641 628
1702260147.91 17906 32736 8 641 628
1702260171.02 17907 32759 13 641 616
1702260175.64 17908 32763 65 641 626
1702260188.13 17909 32776 7 641 519
1702260188.53 17910 32776 37 641 566
1702260196.09 17911 32783 85 641 635
1702260196.7 17912 32784 36 641 592
1702260205.18 17913 32792 77 641 535
1702260229.94 17914 32817 45 641 629
1702260230.34 17915 32817 76 641 570
1702260243.65 17916 32831 0 641 558
1702260247.08 17917 32834 33 641 621
1702260249.98 17918 32837 14 641 616
1702260254.98 17919 32842 5 641 531
1702260264.36 17920 32851 34 641 534
1702260266.99 17921 32853 88 641 628
1702260280.71 17922 32867 53 641 515
1702260280.85 17923 32867 57 641 543
1702260285.21 17924 32871 84 641 631
1702260290.76 17925 32877 30 641 603
1702260299.5 17926 32885 95 641 548
1702260314.09 17927 32900 47 641 628
1702260316.15 17928 32902 43 641 414
1702260316.94 17929 32903 12 641 579
1702260322.68 17930 32908 77 641 623
1702260324.28 17931 32910 28 641 624
1702260325.69 17932 32911 60 641 628
1702260332.88 17933 32918 70 641 590
1702260336.75 17934 32922 48 641 519
1702260353.87 17935 32939 53 641 618
1702260354.1 17936 32939 66 641 549
1702260355.87 17937 32941 34 641 620
1702260356.82 17938 32942 19 641 621
1702260360.04 17939 32945 32 641 625
1702260369.05 17940 32954 24 641 628
1702260371.11 17941 32956 21 641 528
1702260373.06 17942 32958 7 641 483
1702260375.07 17943 32959 99 641 618
1702260375.54 17944 32960 37 641 577
1702260377.27 17945 32962 1 641 590
1702260383.78 17946 32968 43 641 619
1702260405.09 17947 32989 67 641 629
1702260412.06 17948 32996 55 641 619
1702260418.66 17949 33003 6 641 624
1702260421.51 17950 33005 82 641 629
1702260425.68 17951 33009 90 641 632
1702260427.08 17952 33011 21 641 599
1702260432.13 17953 33016 17 641 607
1702260438.09 17954 33022 5 641 630
1702260439.3 17955 33023 16 641 627
1702260446.33 17956 33030 11 641 622
1702260450.08 17957 33033 77 641 625
1702260453.75 17958 33037 35 641 632
1702260453.85 17959 33037 35 640 532
1702260454.31 17960 33037 72 641 580
1702260461.46 17961 33044 79 641 629
1702260470.17 17962 33053 41 641 617
1702260472.16 17963 33055 31 641 626
1702260478.32 17964 33061 38 641 637
1702260483.73 17965 33066 70 641 627
1702260485.66 17966 33068 54 641 631
1702260486.93 17967 33069 72 641 627
1702260493.17 17968 33075 87 641 614
1702260496.5 17969 33079 11 641 621
1702260528.59 17970 33111 14 641 620
1702260529.26 17971 33111 71 641 597
1702260548.67 17972 33131 5 641 561
1702260549.63 17973 33131 92 641 621
1702260555.91 17974 33138 11 641 622
1702260556.52 17975 33138 63 641 591
1702260569.2 17976 33151 22 641 605
1702260577.82 17977 33159 76 641 546
1702260577.92 17978 33159 76 640 533
1702260586.07 17979 33167 83 641 505
1702260590.72 17980 33172 39 641 630
1702260601.62 17981 33183 21 641 630
1702260612.58 17982 33194 9 641 621
1702260616.42 17983 33197 84 641 513
1702260623.45 17984 33204 78 641 614
1702260646.18 17985 33227 44 641 625
1702260646.67 17986 33227 83 641 581
1702260648.99 17987 33230 6 641 625
1702260656.25 17988 33237 24 641 629
1702260660.21 17989 33241 11 641 625
1702260663.52 17990 33244 33 641 624
1702260666.03 17991 33246 75 641 624
1702260672.33 17992 33252 96 641 612
1702260683.86 17993 33264 41 641 479
1702260698.93 17994 33279 40 641 625
1702260704.45 17995 33284 83 641 626
1702260711.43 17996 33291 73 641 629
1702260716.38 17997 33296 59 641 604
1702260716.67 17998 33296 79 641 558
1702260718.6 17999 33298 62 641 624
1702260721.6 18000 33301 53 641 584
1702260722.02 18001 33301 86 641 568
1702260727.17 18002 33306 91 641 628
1702260730.44 18003 33310 9 641 623
1702260737.01 18004 33316 58 641 610
1702260738.45 18005 33317 92 641 594
1702260757.02 18006 33336 42 641 525
1702260759.93 18007 33339 24 641 562
1702260766.32 18008 33345 54 641 512
1702260766.42 18009 33345 54 640 533
1702260766.62 18010 33345 66 641 552
1702260770.25 18011 33349 19 641 604
1702260774.04 18012 33352 89 641 430
1702260776.36 18013 33355 12 641 536
1702260778.39 18014 33357 6 641 622
1702260779.98 18015 33358 56 641 625
1702260782.72 18016 33361 21 641 533
1702260791.36 18017 33369 76 641 623
1702260812.55 18018 33390 88 641 630
1702260816.81 18019 33395 5 641 620
1702260821.4 18020 33399 56 641 623
1702260822.73 18021 33400 80 641 568
1702260835.66 18022 33413 65 641 626
1702260838.62 18023 33416 51 641 618
1702260840.01 18024 33417 81 641 563
1702260843.44 18025 33421 15 641 551
1702260848.53 18026 33426 15 641 633
1702260854.0 18027 33431 53 641 622
1702260866.43 18028 33443 88 641 583
1702260872.38 18029 33449 74 641 631
1702260874.75 18030 33452 2 641 617
1702260882.84 18031 33460 3 641 593
1702260884.3 18032 33461 40 641 611
1702260889.5 18033 33466 52 641 623
1702260897.4 18034 33474 34 641 633
1702260897.92 18035 33474 77 641 582
1702260912.18 18036 33488 95 641 433
1702260915.79 18037 33492 47 641 630
1702260921.92 18038 33498 51 641 625
1702260922.46 18039 33498 96 641 584
1702260934.33 18040 33510 74 641 628
1702260950.54 18041 33526 88 641 558
1702260958.7 18042 33534 96 641 626
1702260959.3 18043 33535 46 641 546
1702260962.55 18044 33538 61 641 630
1702260972.24 18045 33548 23 641 579
1702260976.86 18046 33552 75 641 628
1702260982.38 18047 33558 18 641 624
1702260989.23 18048 33564 95 641 629
1702260993.64 18049 33569 26 641 577
1702261000.76 18050 33576 30 641 522
1702261003.59 18051 33579 4 641 525
1702261003.77 18052 33579 13 641 546
1702261005.54 18053 33580 81 641 628
1702261006.06 18054 33581 24 641 582
1702261010.75 18055 33585 84 641 612
1702261014.26 18056 33589 25 641 626
1702261024.98 18057 33599 90 641 626
1702261027.03 18058 33601 85 641 612
1702261031.23 18059 33605 96 641 581
1702261040.26 18060 33614 91 641 581
1702261043.69 18061 33618 24 641 630
1702261044.11 18062 33618 57 641 572
1702261049.07 18063 33623 44 641 558
1702261052.59 18064 33626 87 641 628
1702261058.65 18065 33632 84 641 625
1702261059.62 18066 33633 72 641 622
1702261074.99 18067 33649 1 641 573
1702261084.6 18068 33658 55 641 627
1702261090.98 18069 33664 84 641 580
1702261099.43 18070 33673 20 641 620
1702261109.31 18071 33683 0 641 622
1702261112.26 18072 33685 86 641 584
1702261113.01 18073 33686 51 641 603
1702261115.24 18074 33688 65 641 620
1702261119.41 18075 33692 74 641 588
1702261129.35 18076 33702 59 641 620
1702261135.83 18077 33708 99 641 449
1702261137.55 18078 33710 62 641 620
1702261138.73 18079 33711 70 641 505
1702261150.76 18080 33723 65 641 625
1702261152.85 18081 33725 65 641 621
1702261165.29 18082 33738 1 641 631
1702261173.44 18083 33746 8 641 633
1702261175.23 18084 33747 78 641 620
1702261178.16 18085 33750 62 641 625
1702261184.96 18086 33757 33 641 612
1702261197.92 18087 33770 21 641 568
1702261200.5 18088 33772 69 641 629
1702261205.05 18089 33777 15 641 624
1702261205.83 18090 33777 84 641 603
1702261225.07 18091 33797 0 641 576
1702261242.48 18092 33814 34 641 628
1702261245.22 18093 33816 99 641 625
1702261245.62 18094 33817 30 641 572
1702261256.66 18095 33828 26 641 624
1702261270.13 18096 33841 65 641 621
1702261272.14 18097 33843 57 641 620
1702261273.8 18098 33845 13 641 630
1702261280.65 18099 33851 89 641 627
1702261282.86 18100 33854 1 641 627
1702261283.09 18101 33854 15 641 552
1702261289.83 18102 33860 81 641 536
1702261292.99 18103 33863 88 641 630
1702261295.87 18104 33866 66 641 627
1702261304.12 18105 33874 82 641 618
1702261310.36 18106 33880 97 641 623
1702261313.58 18107 33884 10 641 546
1702261319.63 18108 33890 6 641 620
1702261323.0 18109 33893 34 641 613
1702261326.39 18110 33896 65 641 629
1702261330.29 18111 33900 45 641 630
1702261330.85 18112 33900 92 641 585
1702261335.64 18113 33905 63 641 630
1702261345.6 18114 33915 50 641 625
1702261349.23 18115 33919 4 641 551
1702261355.63 18116 33925 36 641 623
1702261360.03 18117 33929 67 641 572
1702261363.18 18118 33932 72 641 630
1702261369.03 18119 33938 49 641 637
1702261374.14 18120 33943 50 641 629
1702261389.21 18121 33958 50 641 608
1702261401.97 18122 33971 19 641 637
1702261415.13 18123 33984 27 641 628
1702261419.84 18124 33988 89 641 552
1702261420.83 18125 33989 79 641 623
1702261424.88 18126 33993 75 641 579
1702261429.72 18127 33998 51 641 624
1702261430.72 18128 33999 41 641 600
1702261446.12 18129 34014 73 641 631
1702261451.77 18130 34020 29 641 596
1702261454.51 18131 34022 94 641 636
1702261467.08 18132 34035 43 641 595
1702261469.61 18133 34037 87 641 624
1702261470.57 18134 34038 74 641 621
1702261483.47 18135 34051 56 641 611
1702261484.59 18136 34052 59 641 586
1702261492.89 18137 34060 80 641 611
1702261499.84 18138 34067 66 641 627
1702261508.51 18139 34076 26 641 512
1702261520.26 18140 34087 92 641 601
1702261526.25 18141 34093 82 641 623
1702261536.9 18142 34104 38 641 520
1702261541.7 18143 34109 10 641 559
1702261551.31 18144 34118 62 641 587
1702261553.07 18145 34120 30 641 631
1702261584.42 18146 34151 59 641 623
1702261585.88 18147 34152 96 641 624
1702261586.4 18148 34153 38 641 579
1702261588.27 18149 34155 17 641 600
1702261588.44 18150 34155 24 641 544
1702261595.45 18151 34162 16 641 624
1702261607.61 18152 34174 23 641 581
1702261612.56 18153 34179 9 641 624
1702261615.87 18154 34182 31 641 619
1702261617.58 18155 34183 93 641 627
1702261621.47 18156 34187 73 641 600
1702261622.61 18157 34188 78 641 610
1702261625.96 18158 34192 4 641 615
1702261628.54 18159 34194 53 641 632
1702261640.14 18160 34206 5 641 583
1702261651.43 18161 34217 26 641 628
1702261653.95 18162 34219 69 641 626
1702261684.67 18163 34250 35 641 624
1702261692.46 18164 34258 6 641 613
1702261695.28 18165 34260 80 641 623
1702261697.02 18166 34262 45 641 537
1702261707.84 18167 34273 18 641 620
1702261709.83 18168 34275 8 641 591
1702261721.35 18169 34286 52 641 627
1702261739.79 18170 34304 89 641 633
1702261746.08 18171 34311 9 641 586
1702261748.38 18172 34313 30 641 629
1702261749.21 18173 34314 4 641 477
1702261749.49 18174 34314 24 641 555
1702261749.6 18175 34314 25 641 538
1702261762.33 18176 34326 90 641 632
1702261762.43 18177 34326 90 640 532
1702261765.06 18178 34329 45 641 627
1702261767.72 18179 34332 2 641 625
1702261771.14 18180 34335 35 641 627
1702261772.22 18181 34336 34 641 492
1702261773.4 18182 34337 43 641 495
1702261773.96 18183 34337 89 641 584
1702261780.15 18184 34344 0 641 625
1702261784.5 18185 34348 26 641 628
1702261790.57 18186 34354 24 641 516
1702261794.64 18187 34358 22 641 627
1702261796.86 18188 34360 35 641 623
1702261799.32 18189 34362 72 641 617
1702261799.54 18190 34362 84 641 490
1702261800.72 18191 34363 92 641 625
1702261805.03 18192 34368 14 641 623
1702261805.64 18193 34368 67 641 590
1702261812.67 18194 34375 61 641 613
1702261819.12 18195 34381 98 641 579
1702261825.53 18196 34388 30 641 573
1702261831.74 18197 34394 42 641 615
1702261847.32 18198 34409 92 641 471
1702261864.61 18199 34427 14 641 625
1702261865.67 18200 34428 10 641 628
1702261872.78 18201 34435 12 641 627
1702261873.69 18202 34435 94 641 617
1702261875.09 18203 34437 24 641 511
1702261876.08 18204 34438 13 641 625
1702261879.14 18205 34441 10 641 628
1702261884.85 18206 34446 72 641 626
1702261890.04 18207 34451 83 641 622
1702261890.19 18208 34451 89 641 544
1702261893.78 18209 34455 39 641 625
1702261895.91 18210 34457 43 641 632
1702261912.74 18211 34474 18 641 622
1702261923.46 18212 34484 82 641 620
1702261923.73 18213 34484 99 641 556
1702261930.49 18214 34491 67 641 419
1702261932.78 18215 34493 86 641 626
1702261946.07 18216 34507 7 641 632
1702261965.16 18217 34526 9 641 618
1702261967.4 18218 34528 24 641 616
1702261974.07 18219 34534 82 641 628
1702261987.79 18220 34548 46 641 541
1702261990.75 18221 34551 33 641 626
1702261992.98 18222 34553 46 641 615
1702262001.97 18223 34562 37 641 620
1702262003.04 18224 34563 34 641 591
1702262003.32 18225 34563 53 641 559
1702262010.83 18226 34570 95 641 628
1702262011.6 18227 34571 63 641 554
1702262017.39 18228 34577 33 641 615
1702262021.13 18229 34580 98 641 629
1702262022.14 18230 34581 89 641 625
1702262026.54 18231 34586 20 641 623
1702262027.59 18232 34587 16 641 600
1702262028.52 18233 34588 0 641 620
1702262033.26 18234 34592 65 641 626
1702262041.96 18235 34601 27 641 582
1702262052.34 18236 34611 56 641 620
1702262056.99 18237 34616 12 641 627
1702262061.31 18238 34620 37 641 631
1702262070.84 18239 34629 81 641 540
1702262071.14 18240 34630 2 641 559
1702262073.51 18241 34632 29 641 627
1702262087.8 18242 34646 51 641 614
1702262090.08 18243 34648 70 641 624
1702262093.0 18244 34651 52 641 612
1702262096.96 18245 34655 39 641 631
1702262105.18 18246 34663 53 641 632
1702262117.68 18247 34675 95 641 496
1702262117.78 18248 34675 95 640 535
1702262125.58 18249 34683 67 641 629
1702262126.38 18250 34684 39 641 606
1702262131.74 18251 34689 67 641 634
1702262139.55 18252 34697 39 641 615
1702262157.44 18253 34715 21 641 615
1702262161.5 18254 34719 18 641 629
1702262169.16 18255 34726 75 641 616
1702262172.12 18256 34729 62 641 626
1702262181.53 18257 34738 95 641 625
1702262183.04 18258 34740 36 641 606
1702262186.98 18259 34744 22 641 624
1702262193.21 18260 34750 35 641 619
1702262199.97 18261 34757 3 641 452
1702262207.05 18262 34764 3 641 628
1702262222.55 18263 34779 45 641 622
1702262232.23 18264 34789 5 641 615
1702262233.51 18265 34790 24 641 622
1702262239.71 18266 34796 36 641 623
1702262246.18 18267 34802 74 641 628
1702262250.11 18268 34806 58 641 631
1702262253.74 18269 34810 12 641 630
1702262257.41 18270 34813 70 641 636
1702262263.3 18271 34819 51 641 622
1702262270.58 18272 34826 70 641 618
1702262277.42 18273 34833 46 641 494
1702262277.52 18274 34833 46 640 533
1702262277.96 18275 34833 82 641 579
1702262299.44 18276 34855 23 641 625
1702262300.74 18277 34856 44 641 528
1702262317.82 18278 34873 44 641 628
1702262329.83 18279 34885 37 641 623
1702262334.14 18280 34889 59 641 614
