1702339211.01 31148 45112 14 641 628
1702339222.13 31149 45123 17 641 622
1702339227.47 31150 45128 44 641 628
1702339237.67 31151 45138 55 641 575
1702339248.21 31152 45149 1 641 616
1702339250.02 31153 45150 73 641 624
1702339254.0 31154 45154 63 641 635
1702339255.02 31155 45155 56 641 583
1702339257.6 31156 45158 5 641 628
1702339260.92 31157 45161 28 641 623
1702339265.06 31158 45165 33 641 631
1702339282.58 31159 45182 78 641 623
1702339286.38 31160 45186 49 641 458
1702339286.6 31161 45186 61 641 440
1702339288.47 31162 45188 39 641 622
1702339295.61 31163 45195 45 641 585
1702339299.5 31164 45199 25 641 412
1702339304.91 31165 45204 57 641 545
1702339315.07 31166 45214 65 641 632
1702339318.63 31167 45218 12 641 618
1702339322.28 31168 45221 68 641 632
1702339327.68 31169 45226 99 641 630
1702339332.94 31170 45232 16 641 626
1702339342.12 31171 45241 25 641 632
1702339343.63 31172 45242 67 641 633
1702339345.4 31173 45244 35 641 619
1702339353.38 31174 45252 24 641 608
1702339357.82 31175 45256 59 641 625
1702339380.14 31176 45278 84 641 630
1702339384.06 31177 45282 67 641 625
1702339387.62 31178 45286 13 641 614
1702339387.98 31179 45286 40 641 566
1702339390.23 31180 45288 56 641 624
1702339404.1 31181 45302 35 641 563
1702339405.62 31182 45303 77 641 613
1702339410.18 31183 45308 24 641 543
1702339417.6 31184 45315 57 641 628
1702339419.26 31185 45317 14 641 617
1702339422.68 31186 45320 47 641 621
1702339430.92 31187 45328 63 641 603
1702339432.65 31188 45330 27 641 633
1702339440.15 31189 45337 69 641 617
1702339446.49 31190 45343 94 641 601
1702339449.16 31191 45346 51 641 634
1702339472.36 31192 45369 65 641 627
1702339474.62 31193 45371 82 641 623
1702339486.97 31194 45384 9 641 616
1702339493.18 31195 45390 21 641 625
1702339498.87 31196 45395 81 641 621
1702339522.59 31197 45419 46 641 629
1702339526.01 31198 45422 79 641 623
1702339526.75 31199 45423 43 641 598
1702339538.32 31200 45434 92 641 476
1702339549.96 31201 45446 48 641 618
1702339555.0 31202 45451 43 641 585
1702339555.65 31203 45451 99 641 589
1702339560.89 31204 45457 15 641 624
1702339561.29 31205 45457 45 641 500
1702339562.67 31206 45458 74 641 573
1702339564.5 31207 45460 47 641 630
1702339567.22 31208 45463 10 641 634
1702339575.56 31209 45471 35 641 606
1702339583.53 31210 45479 24 641 502
1702339587.59 31211 45483 21 641 627
1702339606.9 31212 45502 45 641 617
1702339609.7 31213 45505 16 641 620
1702339610.04 31214 45505 41 641 564
1702339615.19 31215 45510 46 641 614
1702339621.38 31216 45516 56 641 631
1702339631.83 31217 45526 93 641 625
1702339632.54 31218 45527 55 641 599
1702339641.01 31219 45535 93 641 628
1702339650.05 31220 45544 88 641 632
1702339666.86 31221 45561 61 641 622
1702339667.21 31222 45561 87 641 564
1702339667.31 31223 45561 87 640 534
1702339674.81 31224 45569 30 641 636
1702339683.76 31225 45578 17 641 631
1702339695.92 31226 45590 24 641 590
1702339704.54 31227 45598 78 641 626
1702339707.7 31228 45601 85 641 625
1702339709.59 31229 45603 65 641 465
1702339710.18 31230 45604 14 641 513
1702339713.87 31231 45607 74 641 615
1702339714.69 31232 45608 47 641 536
1702339717.13 31233 45610 81 641 513
1702339718.18 31234 45611 78 641 454
1702339722.17 31235 45615 68 641 611
1702339728.44 31236 45621 86 641 564
1702339735.06 31237 45628 39 641 366
1702339740.65 31238 45633 89 641 634
1702339741.16 31239 45634 31 641 579
1702339741.26 31240 45634 31 640 533
1702339745.97 31241 45638 94 641 631
1702339747.15 31242 45640 3 641 626
1702339757.64 31243 45650 44 641 573
1702339768.23 31244 45660 94 641 632
1702339773.01 31245 45665 63 641 613
1702339786.43 31246 45678 97 641 612
1702339786.68 31247 45679 12 641 489
1702339799.46 31248 45691 83 641 613
1702339806.53 31249 45698 80 641 564
1702339812.52 31250 45704 72 641 547
1702339813.63 31251 45705 73 641 611
1702339817.46 31252 45709 48 641 619
1702339819.53 31253 45711 45 641 543
1702339819.63 31254 45711 45 640 532
1702339844.92 31255 45736 68 641 617
1702339858.11 31256 45749 80 641 520
1702339864.99 31257 45756 59 641 628
1702339871.06 31258 45762 57 641 619
1702339873.16 31259 45764 58 641 638
1702339884.25 31260 45775 59 641 628
1702339885.46 31261 45776 70 641 469
1702339903.38 31262 45794 55 641 627
1702339909.82 31263 45800 90 641 629
1702339914.71 31264 45805 71 641 631
1702339920.67 31265 45811 57 641 623
1702339932.57 31266 45823 40 641 631
1702339945.2 31267 45835 95 641 577
1702339947.81 31268 45838 47 641 627
1702339951.44 31269 45842 1 641 630
1702339956.12 31270 45846 60 641 624
1702339958.26 31271 45848 66 641 626
1702339963.92 31272 45854 23 641 630
1702339966.65 31273 45856 87 641 617
1702339971.82 31274 45861 95 641 620
1702339980.4 31275 45870 44 641 625
1702339991.21 31276 45881 17 641 624
1702340002.61 31277 45892 48 641 627
1702340013.92 31278 45903 71 641 609
1702340017.88 31279 45907 58 641 614
1702340022.14 31280 45911 75 641 627
1702340032.24 31281 45921 77 641 631
1702340035.25 31282 45924 68 641 627
1702340042.94 31283 45932 28 641 605
1702340043.68 31284 45932 93 641 481
1702340043.86 31285 45933 2 641 548
1702340047.33 31286 45936 40 641 454
1702340052.37 31287 45941 35 641 624
1702340056.69 31288 45945 58 641 621
1702340063.18 31289 45951 99 641 628
1702340073.77 31290 45962 49 641 535
1702340077.92 31291 45966 55 641 600
1702340094.64 31292 45983 20 641 634
1702340099.9 31293 45988 36 641 589
1702340112.32 31294 46000 70 641 619
1702340114.43 31295 46002 72 641 587
1702340118.73 31296 46006 93 641 617
1702340122.35 31297 46010 46 641 629
1702340123.18 31298 46011 20 641 610
1702340155.1 31299 46043 6 641 568
1702340163.09 31300 46050 97 641 631
1702340171.12 31301 46058 91 641 625
1702340174.62 31302 46062 32 641 536
1702340182.0 31303 46069 61 641 622
1702340188.98 31304 46076 51 641 625
1702340197.33 31305 46084 77 641 542
1702340214.87 31306 46102 23 641 505
1702340216.98 31307 46104 26 641 616
1702340218.77 31308 46105 95 641 622
1702340232.17 31309 46119 28 641 620
1702340239.83 31310 46126 85 641 591
1702340244.68 31311 46131 61 641 632
1702340245.88 31312 46132 72 641 628
1702340254.41 31313 46141 16 641 627
1702340274.52 31314 46161 20 641 608
1702340275.65 31315 46162 24 641 617
1702340292.62 31316 46179 13 641 427
1702340293.78 31317 46180 20 641 340
1702340296.02 31318 46182 35 641 608
1702340304.01 31319 46190 25 641 550
1702340308.77 31320 46194 92 641 633
