1702771205.74 38587 12072 13 641 589
1702771206.89 38588 12073 19 641 615
1702771207.06 38589 12073 26 641 543
1702771226.05 38590 12092 18 641 571
1702771228.72 38591 12094 76 641 630
1702771231.96 38592 12097 90 641 631
1702771238.63 38593 12104 49 641 605
1702771240.03 38594 12105 80 641 629
1702771251.42 38595 12117 10 641 630
1702771275.63 38596 12141 25 641 625
1702771288.55 38597 12154 9 641 600
1702771291.97 38598 12157 43 641 619
1702771293.73 38599 12159 9 641 575
1702771296.61 38600 12161 88 641 620
1702771299.07 38601 12164 25 641 622
1702771302.89 38602 12167 98 641 623
1702771309.1 38603 12174 10 641 617
1702771324.46 38604 12189 38 641 629
1702771326.51 38605 12191 35 641 611
1702771348.63 38606 12213 40 641 630
1702771348.87 38607 12213 54 641 548
1702771351.0 38608 12215 58 641 592
1702771355.18 38609 12219 67 641 563
1702771364.77 38610 12229 18 641 534
1702771386.05 38611 12250 39 641 604
1702771391.66 38612 12255 91 641 628
1702771394.86 38613 12259 3 641 625
1702771403.89 38614 12267 98 641 625
1702771410.83 38615 12274 83 641 622
1702771413.18 38616 12277 9 641 626
1702771416.58 38617 12280 40 641 627
1702771420.95 38618 12284 68 641 625
1702771422.87 38619 12286 51 641 632
1702771425.17 38620 12288 72 641 622
1702771426.09 38621 12289 55 641 600
1702771427.16 38622 12290 53 641 611
1702771459.49 38623 12322 80 641 606
1702771479.63 38624 12342 87 641 634
1702771494.71 38625 12357 87 641 595
1702771503.89 38626 12366 97 641 618
1702771510.01 38627 12373 0 641 429
1702771520.03 38628 12382 94 641 405
1702771523.13 38629 12385 95 641 627
1702771529.02 38630 12391 75 641 626
1702771531.94 38631 12394 57 641 626
1702771533.41 38632 12395 95 641 620
1702771536.96 38633 12399 42 641 591
1702771545.55 38634 12407 92 641 623
1702771548.37 38635 12410 65 641 623
1702771552.3 38636 12414 50 641 601
1702771552.67 38637 12414 77 641 478
1702771573.64 38638 12435 68 641 627
1702771574.24 38639 12436 18 641 578
1702771578.27 38640 12440 13 641 514
1702771579.46 38641 12441 22 641 465
1702771588.44 38642 12450 11 641 605
1702771590.91 38643 12452 49 641 624
1702771592.0 38644 12453 49 641 618
1702771594.15 38645 12455 55 641 627
1702771596.01 38646 12457 31 641 625
1702771596.41 38647 12457 62 641 563
1702771609.84 38648 12470 97 641 533
1702771610.91 38649 12471 95 641 590
1702771612.69 38650 12473 63 641 624
1702771613.02 38651 12473 87 641 557
1702771613.56 38652 12474 31 641 576
1702771618.74 38653 12479 41 641 610
1702771626.59 38654 12487 17 641 617
1702771632.61 38655 12493 10 641 513
1702771643.41 38656 12503 82 641 616
1702771652.11 38657 12512 44 641 511
1702771655.65 38658 12515 89 641 465
1702771657.2 38659 12517 35 641 615
1702771659.52 38660 12519 58 641 513
1702771665.13 38661 12525 10 641 606
1702771666.12 38662 12526 0 641 549
1702771675.56 38663 12535 36 641 627
1702771679.52 38664 12539 23 641 624
1702771683.04 38665 12542 65 641 515
1702771704.11 38666 12563 65 641 565
1702771704.21 38667 12563 65 640 531
1702771710.37 38668 12569 73 641 519
1702771712.42 38669 12571 69 641 612
1702771715.29 38670 12574 46 641 626
1702771716.98 38671 12576 6 641 478
1702771722.74 38672 12581 73 641 611
1702771723.25 38673 12582 14 641 571
1702771727.05 38674 12585 86 641 632
1702771727.59 38675 12586 30 641 573
1702771733.23 38676 12591 86 641 620
1702771733.93 38677 12592 47 641 587
1702771757.32 38678 12615 79 641 624
1702771757.72 38679 12616 10 641 563
1702771759.83 38680 12618 11 641 559
1702771766.63 38681 12624 83 641 608
1702771786.58 38682 12644 70 641 499
1702771792.21 38683 12650 24 641 560
1702771795.37 38684 12653 31 641 460
1702771801.62 38685 12659 47 641 583
1702771803.57 38686 12661 33 641 627
1702771806.85 38687 12664 52 641 618
1702771809.43 38688 12667 1 641 627
1702771811.11 38689 12668 60 641 626
1702771812.78 38690 12670 18 641 627
1702771814.32 38691 12671 63 641 620
1702771827.64 38692 12684 87 641 596
1702771829.3 38693 12686 44 641 629
1702771832.85 38694 12689 90 641 606
1702771835.58 38695 12692 54 641 618
1702771838.76 38696 12695 63 641 520
1702771845.34 38697 12702 12 641 624
1702771857.36 38698 12714 5 641 620
1702771860.27 38699 12716 87 641 628
1702771867.91 38700 12724 42 641 602
1702771869.71 38701 12726 14 641 612
1702771876.41 38702 12732 75 641 621
1702771877.2 38703 12733 44 641 594
1702771878.3 38704 12734 45 641 608
1702771884.17 38705 12740 24 641 615
1702771887.09 38706 12743 6 641 620
1702771892.11 38707 12747 99 641 621
1702771899.9 38708 12755 70 641 618
1702771900.38 38709 12756 8 641 572
1702771905.06 38710 12760 68 641 626
1702771906.94 38711 12762 47 641 627
1702771907.38 38712 12762 82 641 567
1702771908.11 38713 12763 46 641 593
1702771914.3 38714 12769 55 641 620
1702771924.25 38715 12779 43 641 519
1702771938.46 38716 12793 56 641 603
1702771943.82 38717 12798 83 641 619
1702771948.23 38718 12803 15 641 609
1702771954.17 38719 12809 0 641 610
1702771955.18 38720 12809 92 641 611
1702771970.53 38721 12825 19 641 630
1702771984.03 38722 12838 60 641 519
1702771986.58 38723 12841 7 637 142
1702771996.8 38724 12851 20 641 629
1702772002.01 38725 12856 32 641 638
1702772031.54 38726 12885 79 641 595
1702772034.18 38727 12888 34 641 580
1702772035.2 38728 12889 27 641 610
1702772044.17 38729 12898 15 641 624
1702772054.66 38730 12908 56 641 619
1702772057.47 38731 12911 29 641 529
1702772061.05 38732 12914 78 641 621
1702772082.59 38733 12936 24 641 628
1702772083.58 38734 12937 14 641 609
1702772087.0 38735 12940 47 641 620
1702772095.75 38736 12949 13 641 630
1702772102.31 38737 12955 60 641 628
1702772102.97 38738 12956 16 641 586
1702772103.78 38739 12956 88 641 598
1702772107.88 38740 12960 88 641 628
1702772108.77 38741 12961 68 641 604
1702772110.1 38742 12962 91 641 536
1702772110.65 38743 12963 36 641 579
1702772113.09 38744 12965 71 641 613
1702772114.77 38745 12967 30 641 628
1702772116.53 38746 12968 97 641 499
1702772117.69 38747 12970 4 641 619
1702772124.21 38748 12976 47 641 624
1702772133.27 38749 12985 45 641 621
1702772136.93 38750 12989 2 641 632
1702772147.54 38751 12999 55 641 627
1702772175.92 38752 13027 87 641 632
1702772184.27 38753 13036 13 641 608
1702772186.71 38754 13038 48 641 627
1702772187.21 38755 13038 89 641 572
1702772205.18 38756 13056 78 641 630
1702772207.75 38757 13059 28 641 617
1702772208.73 38758 13060 17 641 505
1702772215.85 38759 13067 20 641 627
1702772220.54 38760 13071 80 641 628
1702772226.81 38761 13077 98 641 539
1702772227.46 38762 13078 54 641 588
1702772228.09 38763 13079 7 641 489
1702772235.75 38764 13086 65 641 620
1702772236.27 38765 13087 8 641 574
1702772237.34 38766 13088 6 641 552
1702772242.46 38767 13093 10 641 576
1702772249.31 38768 13099 86 641 527
1702772254.56 38769 13105 3 641 614
1702772255.09 38770 13105 46 641 575
1702772256.93 38771 13107 21 641 617
1702772259.33 38772 13109 52 641 625
1702772264.73 38773 13114 82 641 608
1702772267.7 38774 13117 70 641 627
1702772270.21 38775 13120 12 641 618
1702772271.2 38776 13121 3 641 609
1702772271.5 38777 13121 23 641 556
1702772290.06 38778 13139 72 641 620
1702772306.52 38779 13156 10 641 632
1702772308.6 38780 13158 9 641 607
1702772310.59 38781 13159 99 641 636
1702772310.77 38782 13160 8 641 546
1702772311.95 38783 13161 17 641 473
1702772312.15 38784 13161 27 641 547
1702772324.02 38785 13173 6 641 577
1702772328.66 38786 13177 61 641 626
1702772337.66 38787 13186 53 641 627
1702772339.65 38788 13188 43 641 627
1702772341.82 38789 13190 51 641 624
1702772343.29 38790 13191 88 641 611
1702772356.57 38791 13205 9 641 580
1702772394.57 38792 13243 3 641 623
1702772400.8 38793 13249 19 641 626
1702772410.98 38794 13259 28 641 622
1702772419.95 38795 13268 16 641 632
1702772427.43 38796 13275 57 641 630
1702772429.85 38797 13277 90 641 606
1702772435.2 38798 13283 16 641 590
1702772455.48 38799 13303 37 641 620
1702772470.79 38800 13318 59 641 503
1702772480.39 38801 13328 11 641 609
1702772500.62 38802 13348 27 641 590
1702772507.81 38803 13355 37 641 558
1702772509.84 38804 13357 30 641 606
1702772515.8 38805 13363 18 641 624
1702772529.33 38806 13376 63 641 626
1702772534.53 38807 13381 74 641 619
1702772555.35 38808 13402 49 641 627
1702772556.21 38809 13403 25 641 529
1702772557.59 38810 13404 54 641 636
1702772565.04 38811 13411 91 641 505
1702772574.91 38812 13421 70 641 627
1702772593.36 38813 13440 8 641 633
1702772605.88 38814 13452 52 641 584
1702772610.1 38815 13456 65 641 632
1702772611.83 38816 13458 29 641 472
1702772612.84 38817 13459 20 641 612
1702772615.43 38818 13461 70 641 621
1702772622.13 38819 13468 31 641 626
1702772629.25 38820 13475 35 641 628
1702772631.81 38821 13477 82 641 625
1702772634.46 38822 13480 38 641 599
1702772641.12 38823 13486 96 641 626
1702772643.4 38824 13489 15 641 463
1702772644.0 38825 13489 66 641 580
1702772652.23 38826 13497 80 641 628
1702772654.14 38827 13499 61 641 576
1702772658.92 38828 13504 30 641 631
1702772664.27 38829 13509 56 641 625
1702772685.18 38830 13530 39 641 629
1702772688.43 38831 13533 55 641 622
1702772691.2 38832 13536 22 641 625
1702772691.7 38833 13536 63 641 571
1702772705.19 38834 13550 5 641 628
1702772719.59 38835 13564 37 641 549
1702772727.87 38836 13572 56 641 525
1702772750.4 38837 13595 2 641 623
1702772750.82 38838 13595 35 641 566
1702772751.12 38839 13595 55 641 558
1702772765.26 38840 13609 61 641 632
1702772770.13 38841 13614 39 641 627
1702772774.57 38842 13618 74 641 631
1702772777.41 38843 13621 50 641 623
1702772784.62 38844 13628 62 641 629
1702772786.91 38845 13630 81 641 620
1702772792.1 38846 13635 92 641 564
1702772793.95 38847 13637 67 641 602
1702772800.25 38848 13643 88 641 563
1702772801.6 38849 13645 13 641 632
1702772801.87 38850 13645 31 641 557
1702772803.26 38851 13646 60 641 624
1702772804.75 38852 13647 99 641 627
1702772807.37 38853 13650 52 641 618
1702772825.51 38854 13668 59 641 604
1702772825.63 38855 13668 61 641 536
1702772842.41 38856 13685 32 641 626
1702772851.15 38857 13693 97 641 568
1702772852.0 38858 13694 73 641 446
1702772853.84 38859 13696 48 641 615
1702772854.12 38860 13696 66 641 554
1702772862.87 38861 13705 33 641 623
1702772863.56 38862 13705 93 641 588
1702772868.12 38863 13710 40 641 627
1702772873.65 38864 13715 84 641 632
1702772878.08 38865 13720 18 641 624
1702772889.46 38866 13731 48 641 590
1702772890.67 38867 13732 59 641 625
1702772895.17 38868 13737 1 641 634
1702772895.36 38869 13737 10 641 546
1702772908.04 38870 13749 70 641 612
1702772908.68 38871 13750 24 641 529
1702772914.9 38872 13756 37 641 632
1702772917.29 38873 13758 67 641 619
1702772929.65 38874 13770 96 641 551
1702772931.8 38875 13773 1 641 566
1702772952.19 38876 13793 33 641 621
1702772964.59 38877 13805 66 641 620
1702772976.08 38878 13817 7 641 629
1702772978.93 38879 13819 84 641 626
1702772979.59 38880 13820 41 641 583
1702772980.16 38881 13820 89 641 577
1702772980.29 38882 13820 93 641 541
1702772980.39 38883 13820 93 640 536
1702772994.42 38884 13834 89 641 504
1702772996.93 38885 13837 30 641 627
1702772998.29 38886 13838 57 641 602
1702773009.33 38887 13849 53 641 622
1702773010.94 38888 13851 5 641 503
1702773011.03 38889 13851 5 640 534
1702773011.73 38890 13851 66 641 591
1702773013.62 38891 13853 46 641 632
1702773015.48 38892 13855 23 641 620
1702773022.83 38893 13862 50 641 476
1702773024.35 38894 13863 92 638 288
1702773031.91 38895 13871 40 641 626
1702773034.78 38896 13874 18 641 626
1702773041.87 38897 13881 18 641 587
1702773047.64 38898 13886 86 641 631
1702773051.53 38899 13890 66 641 587
1702773062.95 38900 13902 0 641 625
1702773063.89 38901 13902 85 641 600
1702773064.09 38902 13902 96 641 546
1702773078.91 38903 13917 70 641 622
1702773084.01 38904 13922 71 641 598
1702773084.58 38905 13923 18 641 574
1702773097.21 38906 13935 74 641 622
1702773103.94 38907 13942 38 641 620
1702773115.44 38908 13953 80 641 617
1702773140.21 38909 13978 50 641 627
1702773165.73 38910 14003 96 641 630
1702773165.85 38911 14003 98 641 536
1702773170.56 38912 14008 60 641 622
1702773172.88 38913 14010 83 641 625
1702773178.03 38914 14015 89 641 630
1702773191.33 38915 14029 12 641 612
1702773194.66 38916 14032 35 641 621
1702773203.8 38917 14041 41 641 624
1702773217.34 38918 14054 87 641 629
1702773218.77 38919 14056 21 641 618
1702773226.38 38920 14063 73 641 438
1702773231.15 38921 14068 41 641 636
1702773242.8 38922 14079 97 641 632
1702773247.26 38923 14084 34 641 630
1702773252.93 38924 14089 92 641 602
1702773266.0 38925 14102 91 641 624
1702773277.42 38926 14114 26 641 618
1702773281.57 38927 14118 32 641 578
1702773282.22 38928 14118 88 641 585
1702773290.24 38929 14126 82 641 615
1702773292.22 38930 14128 70 641 569
1702773293.52 38931 14129 92 641 598
1702773320.6 38932 14156 93 641 620
1702773333.32 38933 14169 57 641 631
1702773333.65 38934 14169 81 641 559
1702773338.74 38935 14174 82 641 624
1702773338.94 38936 14174 92 641 493
1702773348.33 38937 14184 23 641 624
1702773368.93 38938 14204 75 641 510
1702773372.67 38939 14208 41 641 630
1702773375.43 38940 14211 8 641 622
1702773379.16 38941 14214 72 641 612
1702773395.03 38942 14230 51 641 624
1702773404.94 38943 14240 33 641 627
1702773414.53 38944 14249 84 641 596
1702773414.81 38945 14250 3 641 506
1702773416.25 38946 14251 38 641 623
1702773433.41 38947 14268 47 641 539
1702773441.44 38948 14276 41 641 632
1702773441.67 38949 14276 54 641 548
1702773449.39 38950 14284 18 641 621
1702773456.33 38951 14291 3 637 142
1702773457.56 38952 14292 16 641 623
1702773474.95 38953 14309 47 641 623
1702773478.16 38954 14312 59 641 576
1702773485.5 38955 14319 84 641 627
1702773487.4 38956 14321 65 641 627
1702773490.21 38957 14324 37 641 570
1702773498.15 38958 14332 22 641 623
1702773505.48 38959 14339 46 641 625
1702773506.27 38960 14340 16 641 533
1702773509.07 38961 14342 86 641 508
1702773516.83 38962 14350 53 641 620
1702773525.49 38963 14359 11 641 625
1702773534.29 38964 14367 82 641 624
1702773541.14 38965 14374 59 641 540
1702773542.04 38966 14375 40 641 597
1702773547.46 38967 14380 73 641 624
1702773552.82 38968 14386 0 641 626
1702773555.64 38969 14388 74 641 596
1702773558.1 38970 14391 11 641 622
1702773567.28 38971 14400 20 641 626
1702773567.38 38972 14400 20 640 534
1702773570.87 38973 14403 62 641 616
1702773572.54 38974 14405 19 641 627
1702773577.04 38975 14409 60 641 629
1702773579.76 38976 14412 23 641 629
1702773585.39 38977 14417 77 641 616
1702773594.97 38978 14427 27 641 583
1702773603.88 38979 14436 10 641 584
1702773609.76 38980 14441 89 641 543
1702773611.58 38981 14443 62 641 598
1702773612.1 38982 14444 4 641 575
1702773617.33 38983 14449 18 641 614
1702773620.37 38984 14452 14 641 624
1702773624.49 38985 14456 18 641 625
1702773627.0 38986 14458 60 641 550
1702773634.72 38987 14466 22 641 625
1702773637.82 38988 14469 25 641 623
1702773646.9 38989 14478 24 641 617
1702773657.67 38990 14488 93 641 573
1702773696.8 38991 14528 0 641 513
1702773697.27 38992 14528 38 641 569
1702773710.68 38993 14541 71 641 628
1702773712.54 38994 14543 47 641 628
1702773717.79 38995 14548 63 641 614
1702773723.93 38996 14554 68 641 625
1702773730.25 38997 14560 91 641 616
1702773731.82 38998 14562 38 641 631
1702773743.43 38999 14573 91 641 629
1702773745.01 39000 14575 40 641 613
1702773745.93 39001 14576 23 641 601
1702773750.2 39002 14580 41 641 598
1702773752.43 39003 14582 54 641 630
1702773758.12 39004 14588 15 641 582
1702773763.23 39005 14593 17 641 622
1702773765.61 39006 14595 46 641 615
1702773767.21 39007 14596 97 641 550
1702773769.91 39008 14599 58 641 487
1702773773.61 39009 14603 19 641 584
1702773773.79 39010 14603 27 641 543
1702773774.78 39011 14604 16 641 609
1702773776.57 39012 14605 86 641 622
1702773782.0 39013 14611 20 641 597
1702773782.34 39014 14611 44 641 561
1702773792.5 39015 14621 52 641 615
1702773795.28 39016 14624 21 641 578
1702773803.58 39017 14632 43 641 618
1702773805.61 39018 14634 37 641 566
1702773807.13 39019 14635 79 641 555
1702773810.06 39020 14638 63 641 620
1702773811.69 39021 14640 16 641 626
1702773831.39 39022 14659 79 641 608
1702773835.22 39023 14663 52 641 625
1702773841.31 39024 14669 53 641 560
1702773848.47 39025 14676 61 641 603
1702773854.23 39026 14682 28 641 452
1702773857.11 39027 14685 7 641 630
1702773862.14 39028 14690 1 641 629
1702773864.64 39029 14692 42 641 624
1702773867.41 39030 14695 10 641 632
1702773874.01 39031 14701 61 641 630
1702773888.04 39032 14715 56 641 549
1702773891.11 39033 14718 54 641 630
1702773900.61 39034 14727 95 641 630
1702773913.29 39035 14740 55 641 624
1702773920.38 39036 14747 56 641 624
1702773924.15 39037 14751 24 641 568
1702773933.66 39038 14760 67 641 613
1702773942.35 39039 14769 27 641 560
1702773951.22 39040 14778 5 641 625
1702773955.04 39041 14781 79 641 522
1702773968.92 39042 14795 59 641 626
1702773975.95 39043 14802 53 641 627
1702773978.77 39044 14805 26 641 379
1702773992.95 39045 14819 36 641 633
1702773999.94 39046 14826 26 641 443
1702774001.44 39047 14827 67 641 499
1702774004.98 39048 14831 12 641 590
1702774011.86 39049 14837 92 641 627
1702774012.81 39050 14838 77 641 481
1702774021.05 39051 14846 93 641 631
1702774022.09 39052 14847 87 641 607
1702774022.23 39053 14847 92 641 540
1702774026.23 39054 14851 83 641 628
1702774030.34 39055 14855 85 641 539
1702774035.07 39056 14860 48 641 593
1702774042.47 39057 14867 80 641 628
1702774043.04 39058 14868 28 641 574
1702774048.25 39059 14873 40 641 601
1702774055.63 39060 14880 69 640 342
1702774071.06 39061 14896 6 641 621
1702774072.65 39062 14897 55 641 611
1702774078.5 39063 14903 32 641 621
1702774088.72 39064 14913 45 641 611
1702774089.01 39065 14913 65 641 553
1702774091.46 39066 14916 1 641 540
1702774096.97 39067 14921 44 641 599
1702774097.45 39068 14921 82 641 568
1702774098.43 39069 14922 72 641 608
1702774099.76 39070 14923 95 641 524
1702774099.86 39071 14923 95 640 534
1702774101.66 39072 14925 67 641 628
1702774102.81 39073 14926 73 641 618
1702774108.75 39074 14932 58 641 609
1702774112.62 39075 14936 36 641 506
1702774119.11 39076 14942 76 641 625
1702774122.9 39077 14946 46 641 625
1702774128.69 39078 14952 17 641 599
1702774136.52 39079 14959 92 641 626
1702774145.74 39080 14969 5 641 618
1702774152.36 39081 14975 58 641 608
1702774152.9 39082 14976 3 641 449
1702774160.53 39083 14983 58 641 619
1702774169.99 39084 14992 96 641 579
1702774174.32 39085 14997 19 641 618
1702774177.6 39086 15000 39 641 572
1702774177.96 39087 15000 65 641 556
1702774182.92 39088 15005 53 641 623
1702774189.25 39089 15011 77 641 620
1702774190.73 39090 15013 16 641 600
1702774190.85 39091 15013 18 641 537
1702774191.93 39092 15014 17 641 615
1702774192.83 39093 15014 98 641 601
1702774194.74 39094 15016 80 641 618
1702774197.71 39095 15019 68 641 634
1702774197.84 39096 15019 72 641 537
1702774200.19 39097 15021 98 641 626
1702774206.4 39098 15028 10 641 550
1702774207.57 39099 15029 17 641 616
1702774211.39 39100 15032 91 641 615
1702774219.25 39101 15040 68 641 618
1702774221.88 39102 15043 22 641 618
1702774222.99 39103 15044 24 641 611
1702774230.27 39104 15051 43 641 626
1702774246.7 39105 15067 79 641 587
1702774249.26 39106 15070 26 641 631
1702774261.51 39107 15082 43 641 587
1702774264.9 39108 15085 73 641 564
1702774266.79 39109 15087 53 641 626
1702774267.79 39110 15088 44 641 605
1702774277.08 39111 15097 65 641 599
1702774283.72 39112 15104 20 641 524
1702774285.02 39113 15105 41 641 625
1702774289.11 39114 15109 41 641 626
1702774291.14 39115 15111 34 641 619
1702774298.44 39116 15118 55 641 620
1702774302.1 39117 15122 12 641 633
1702774302.2 39118 15122 12 640 531
1702774309.25 39119 15129 10 641 591
1702774314.05 39120 15133 81 641 436
1702774315.18 39121 15134 84 641 613
1702774326.86 39122 15146 44 641 611
1702774328.64 39123 15148 12 641 629
1702774331.47 39124 15150 86 641 561
1702774345.81 39125 15165 12 641 627
1702774350.15 39126 15169 37 641 636
1702774353.85 39127 15172 98 641 630
1702774381.71 39128 15200 78 641 626
1702774381.82 39129 15200 80 641 537
1702774383.39 39130 15202 28 641 621
1702774391.67 39131 15210 48 641 627
1702774411.29 39132 15230 3 641 627
1702774429.4 39133 15248 7 641 628
1702774430.76 39134 15249 34 641 596
1702774435.92 39135 15254 41 641 620
1702774445.92 39136 15264 33 641 613
1702774463.99 39137 15282 32 641 453
1702774464.5 39138 15282 73 641 569
1702774469.28 39139 15287 42 641 622
1702774471.48 39140 15289 53 641 575
1702774493.84 39141 15311 82 641 624
1702774495.33 39142 15313 22 641 626
1702774498.48 39143 15316 28 641 609
1702774502.14 39144 15319 84 641 622
1702774504.17 39145 15321 78 641 626
1702774516.27 39146 15333 80 641 630
1702774518.4 39147 15335 84 641 624
1702774528.05 39148 15345 41 641 619
1702774531.86 39149 15349 13 641 631
1702774533.47 39150 15350 65 641 560
1702774539.84 39151 15356 93 641 630
1702774548.44 39152 15365 45 641 627
1702774559.05 39153 15375 97 641 621
1702774561.08 39154 15377 91 641 620
1702774564.57 39155 15381 31 641 607
1702774565.56 39156 15382 21 641 606
1702774566.37 39157 15382 93 641 594
1702774576.87 39158 15393 34 641 620
1702774584.31 39159 15400 69 641 628
1702774598.15 39160 15414 45 641 631
1702774610.81 39161 15427 3 641 621
1702774611.48 39162 15427 61 641 582
1702774614.1 39163 15430 14 641 625
1702774620.33 39164 15436 28 641 621
1702774633.44 39165 15449 31 641 629
1702774636.7 39166 15452 48 641 632
1702774637.39 39167 15453 7 641 585
1702774643.12 39168 15458 72 641 622
1702774648.11 39169 15463 61 641 627
1702774650.22 39170 15465 63 641 621
1702774652.97 39171 15468 29 641 624
1702774658.89 39172 15474 13 641 515
1702774673.93 39173 15489 9 641 613
1702774678.77 39174 15493 84 641 588
1702774680.21 39175 15495 19 641 610
1702774683.63 39176 15498 52 641 513
1702774689.69 39177 15504 50 641 515
1702774690.88 39178 15505 60 641 620
1702774690.98 39179 15505 60 640 535
1702774692.59 39180 15507 13 641 620
1702774699.2 39181 15513 65 641 618
1702774708.57 39182 15522 94 641 617
1702774710.59 39183 15524 87 641 570
1702774712.56 39184 15526 75 641 632
1702774713.23 39185 15527 32 641 584
1702774719.73 39186 15533 74 641 622
1702774722.9 39187 15536 82 641 619
1702774723.01 39188 15536 82 640 534
1702774726.89 39189 15540 62 641 619
1702774739.9 39190 15553 55 641 626
1702774762.02 39191 15575 60 641 623
1702774765.78 39192 15579 26 641 615
1702774779.88 39193 15593 28 641 631
1702774781.27 39194 15594 59 641 364
1702774785.33 39195 15598 56 641 617
1702774786.54 39196 15599 68 641 625
1702774793.6 39197 15606 65 641 631
1702774796.45 39198 15609 42 641 628
1702774800.07 39199 15612 94 641 628
1702774802.25 39200 15615 4 641 623
1702774804.18 39201 15616 87 641 572
1702774816.45 39202 15629 6 641 626
1702774818.84 39203 15631 36 641 620
1702774824.0 39204 15636 43 641 609
1702774825.94 39205 15638 28 641 626
1702774855.58 39206 15667 86 641 626
1702774863.4 39207 15675 60 641 607
1702774866.42 39208 15678 53 641 602
1702774873.28 39209 15685 30 641 620
1702774874.25 39210 15686 18 641 606
1702774892.65 39211 15704 51 641 625
1702774893.3 39212 15705 6 641 565
1702774914.7 39213 15726 39 641 628
1702774915.45 39214 15727 5 641 588
1702774918.61 39215 15730 12 641 624
1702774922.65 39216 15734 7 641 585
1702774930.18 39217 15741 52 641 621
1702774939.04 39218 15750 30 641 630
1702774941.69 39219 15752 86 641 612
1702774944.45 39220 15755 52 641 614
1702774952.42 39221 15763 41 641 633
1702774959.08 39222 15769 98 641 619
1702774960.31 39223 15771 12 641 568
1702774968.37 39224 15779 10 641 605
1702774973.88 39225 15784 52 641 624
1702774975.25 39226 15785 79 641 623
1702774981.22 39227 15791 67 641 627
1702774989.84 39228 15800 20 641 627
1702774990.89 39229 15801 15 641 593
1702774994.46 39230 15804 63 641 618
1702774997.36 39231 15807 44 641 629
1702775001.83 39232 15811 83 641 632
1702775003.38 39233 15813 29 641 615
1702775021.84 39234 15831 68 641 524
1702775036.16 39235 15845 92 641 518
1702775051.96 39236 15861 64 641 613
1702775052.76 39237 15862 35 641 539
1702775054.47 39238 15863 97 641 626
1702775060.7 39239 15870 11 641 601
1702775061.47 39240 15870 79 641 590
1702775071.7 39241 15880 94 641 628
1702775076.12 39242 15885 27 641 591
1702775088.45 39243 15897 51 641 624
1702775093.9 39244 15902 88 641 615
1702775095.89 39245 15904 78 641 620
1702775105.4 39246 15914 20 641 600
1702775116.33 39247 15925 5 641 623
1702775123.41 39248 15932 5 641 629
1702775123.95 39249 15932 50 641 572
1702775132.49 39250 15940 95 641 620
1702775140.46 39251 15948 83 641 613
1702775144.58 39252 15952 87 641 628
1702775149.33 39253 15957 53 641 625
1702775156.76 39254 15964 87 641 606
1702775170.27 39255 15978 30 641 627
1702775175.05 39256 15982 99 641 532
1702775179.44 39257 15987 29 641 629
1702775181.24 39258 15988 99 641 629
1702775193.14 39259 16000 82 641 408
1702775197.59 39260 16005 18 641 619
1702775208.34 39261 16015 85 641 614
1702775216.38 39262 16023 80 641 628
1702775226.64 39263 16033 98 641 621
1702775227.58 39264 16034 82 641 563
1702775233.24 39265 16040 40 641 630
1702775237.55 39266 16044 62 641 617
1702775238.5 39267 16045 47 641 605
1702775238.82 39268 16045 69 641 553
1702775244.51 39269 16051 29 641 564
1702775250.19 39270 16056 88 641 617
1702775261.35 39271 16067 96 641 621
1702775261.83 39272 16068 35 641 569
1702775262.59 39273 16069 2 641 592
1702775271.27 39274 16077 62 641 628
1702775273.2 39275 16079 46 641 593
1702775275.36 39276 16081 53 641 619
1702775277.24 39277 16083 31 641 623
1702775280.21 39278 16086 19 641 633
1702775286.58 39279 16092 48 641 625
1702775289.47 39280 16095 27 641 630
1702775298.1 39281 16103 82 641 628
1702775299.25 39282 16104 88 641 599
1702775301.49 39283 16107 3 641 622
1702775309.14 39284 16114 59 641 628
1702775309.66 39285 16115 2 641 570
1702775310.87 39286 16116 14 641 624
1702775318.53 39287 16123 72 641 627
1702775345.57 39288 16150 70 641 443
1702775350.59 39289 16155 63 641 618
1702775365.69 39290 16170 64 641 623
1702775375.89 39291 16180 76 641 627
1702775388.96 39292 16193 75 641 635
1702775395.97 39293 16200 68 641 628
1702775403.18 39294 16207 80 641 622
1702775406.3 39295 16210 83 641 540
1702775409.32 39296 16213 76 641 620
1702775420.85 39297 16225 21 641 623
1702775423.45 39298 16227 72 641 613
1702775429.3 39299 16233 48 641 623
1702775433.15 39300 16237 24 641 630
1702775434.7 39301 16238 70 641 628
1702775435.71 39302 16239 61 641 609
1702775439.13 39303 16242 95 641 632
1702775441.12 39304 16244 85 641 630
1702775452.99 39305 16256 64 641 626
1702775457.65 39306 16261 21 641 619
1702775460.02 39307 16263 49 641 580
1702775462.59 39308 16265 97 641 529
1702775466.67 39309 16269 96 641 621
1702775475.1 39310 16278 30 641 611
1702775481.49 39311 16284 61 641 575
1702775484.1 39312 16287 13 641 625
1702775495.96 39313 16298 91 641 631
1702775497.59 39314 16300 45 641 604
1702775498.7 39315 16301 47 641 585
1702775500.71 39316 16303 38 641 630
1702775507.25 39317 16309 83 641 622
1702775507.58 39318 16310 7 641 557
1702775512.31 39319 16314 72 641 628
1702775516.32 39320 16318 64 641 608
1702775521.29 39321 16323 52 641 627
1702775522.63 39322 16324 77 641 629
1702775523.78 39323 16325 82 641 615
1702775527.51 39324 16329 46 641 616
1702775543.94 39325 16345 82 641 625
1702775549.02 39326 16350 81 641 631
1702775550.79 39327 16352 49 641 633
1702775553.63 39328 16355 23 641 609
1702775566.86 39329 16368 39 641 626
1702775568.47 39330 16369 91 641 616
1702775576.02 39331 16377 38 641 632
1702775598.94 39332 16400 23 641 594
1702775602.38 39333 16403 58 641 617
1702775604.67 39334 16405 78 641 592
1702775605.82 39335 16406 84 641 527
1702775611.31 39336 16412 24 641 627
1702775613.29 39337 16414 13 641 627
1702775614.07 39338 16414 81 641 589
1702775620.22 39339 16420 88 641 622
1702775637.86 39340 16438 44 641 615
1702775640.81 39341 16441 30 641 608
1702775646.49 39342 16446 89 641 539
1702775648.28 39343 16448 59 641 632
1702775659.32 39344 16459 55 641 630
1702775660.04 39345 16460 17 641 584
1702775664.71 39346 16464 75 641 434
1702775699.21 39347 16499 19 641 625
1702775700.99 39348 16500 88 641 632
1702775712.25 39349 16512 6 641 619
1702775725.6 39350 16525 33 641 616
1702775728.61 39351 16528 25 641 617
1702775730.97 39352 16530 52 641 615
1702775734.77 39353 16534 23 641 577
1702775735.74 39354 16535 11 641 601
1702775741.04 39355 16540 32 641 610
1702775742.59 39356 16541 77 641 493
1702775742.94 39357 16542 3 641 558
1702775743.51 39358 16542 51 641 575
1702775745.93 39359 16544 84 641 544
1702775747.87 39360 16546 69 641 623
1702775749.78 39361 16548 50 641 626
1702775750.21 39362 16548 83 641 561
1702775758.17 39363 16556 71 641 627
1702775770.68 39364 16569 14 641 604
1702775779.97 39365 16578 35 641 550
1702775780.07 39366 16578 35 640 532
1702775783.85 39367 16582 5 641 502
1702775805.05 39368 16603 18 641 630
1702775806.42 39369 16604 46 641 614
1702775819.36 39370 16617 32 641 597
1702775819.58 39371 16617 44 641 545
1702775827.54 39372 16625 32 641 625
1702775844.24 39373 16641 94 641 626
1702775850.24 39374 16647 86 641 623
1702775855.9 39375 16653 43 641 627
1702775856.0 39376 16653 43 640 532
1702775858.68 39377 16656 3 641 546
1702775860.08 39378 16657 33 641 502
1702775870.27 39379 16667 44 641 600
1702775884.91 39380 16682 1 641 627
1702775885.04 39381 16682 4 641 536
1702775889.96 39382 16686 88 641 625
1702775890.76 39383 16687 59 641 451
1702775895.41 39384 16692 15 641 626
1702775909.75 39385 16706 41 641 627
1702775920.15 39386 16716 72 641 625
1702775921.53 39387 16718 1 641 595
1702775924.98 39388 16721 38 641 499
1702775926.29 39389 16722 59 641 625
1702775929.07 39390 16725 27 641 630
1702775930.13 39391 16726 24 641 609
1702775934.41 39392 16730 43 641 615
1702775937.07 39393 16733 0 641 529
1702775937.97 39394 16733 82 641 597
1702775938.77 39395 16734 52 641 589
1702775945.77 39396 16741 43 641 628
1702775954.7 39397 16750 27 641 634
1702775962.4 39398 16757 88 641 593
1702775963.07 39399 16758 46 641 578
1702775966.31 39400 16761 61 641 620
1702775981.48 39401 16776 70 641 616
1702775984.41 39402 16779 54 641 622
1702775990.88 39403 16785 93 641 542
1702775994.41 39404 16789 37 641 631
1702775996.83 39405 16791 70 641 586
1702776003.86 39406 16798 65 641 611
1702776004.04 39407 16798 73 641 472
1702776006.25 39408 16800 84 641 627
1702776008.59 39409 16803 9 641 623
1702776009.02 39410 16803 44 641 563
1702776010.19 39411 16804 52 640 276
1702776023.74 39412 16817 99 641 627
1702776026.74 39413 16820 90 641 578
1702776056.34 39414 16850 44 641 620
1702776065.25 39415 16859 26 641 624
1702776066.15 39416 16860 8 641 597
1702776078.4 39417 16872 25 641 596
1702776080.62 39418 16874 38 641 629
1702776080.99 39419 16874 66 641 560
1702776081.59 39420 16875 16 641 577
1702776086.23 39421 16879 70 641 615
1702776091.45 39422 16884 83 641 630
1702776109.2 39423 16902 51 641 628
1702776134.33 39424 16927 57 641 620
1702776135.54 39425 16928 69 641 464
1702776138.65 39426 16931 71 641 628
1702776148.17 39427 16941 15 641 626
1702776150.51 39428 16943 39 641 608
1702776165.11 39429 16957 91 641 632
1702776168.09 39430 16960 80 641 555
1702776172.31 39431 16964 93 641 618
1702776172.41 39432 16964 93 640 534
1702776172.64 39433 16965 7 641 548
1702776176.61 39434 16968 96 641 627
1702776181.77 39435 16974 4 641 598
1702776186.71 39436 16978 89 641 505
1702776193.25 39437 16985 34 641 622
1702776197.19 39438 16989 19 641 541
1702776206.73 39439 16998 64 641 543
1702776213.86 39440 17005 70 641 403
1702776223.19 39441 17014 94 641 630
1702776232.33 39442 17024 0 641 629
1702776248.11 39443 17039 70 641 604
1702776259.21 39444 17050 72 641 623
1702776270.94 39445 17062 36 641 584
1702776271.87 39446 17063 20 641 598
1702776274.6 39447 17065 83 641 614
1702776289.15 39448 17080 31 641 508
1702776295.52 39449 17086 59 641 630
1702776295.62 39450 17086 60 641 536
1702776310.55 39451 17101 45 641 613
1702776327.36 39452 17118 18 641 624
1702776328.59 39453 17119 32 641 603
1702776335.94 39454 17126 59 641 629
1702776336.61 39455 17127 16 641 582
1702776337.64 39456 17128 10 641 607
1702776346.12 39457 17136 50 641 595
1702776347.86 39458 17138 14 641 592
1702776349.4 39459 17139 59 641 618
1702776355.53 39460 17145 63 641 629
1702776363.57 39461 17153 59 641 627
1702776379.59 39462 17169 53 641 597
1702776380.03 39463 17169 88 641 565
1702776383.37 39464 17173 13 641 625
1702776385.86 39465 17175 53 641 563
1702776398.17 39466 17187 76 641 628
1702776401.57 39467 17191 7 641 626
1702776404.14 39468 17193 55 641 618
1702776404.24 39469 17193 56 641 535
1702776404.69 39470 17193 91 641 569
1702776412.0 39471 17201 15 641 528
1702776414.7 39472 17203 76 641 619
1702776421.58 39473 17210 54 641 626
1702776428.51 39474 17217 40 641 608
1702776433.82 39475 17222 62 641 604
1702776439.31 39476 17228 2 641 544
1702776440.68 39477 17229 29 641 626
1702776443.84 39478 17232 38 641 629
1702776444.01 39479 17232 45 641 546
1702776444.25 39480 17232 60 641 550
1702776451.0 39481 17239 27 641 627
1702776452.76 39482 17240 94 641 591
1702776462.71 39483 17250 80 641 627
1702776468.35 39484 17256 35 641 622
1702776476.46 39485 17264 38 641 595
1702776488.15 39486 17275 99 641 631
1702776497.19 39487 17284 94 641 468
1702776500.42 39488 17288 9 641 523
1702776503.65 39489 17291 23 641 626
1702776505.8 39490 17293 29 641 534
1702776508.82 39491 17296 22 641 627
1702776509.78 39492 17297 9 641 604
1702776547.59 39493 17334 85 641 625
1702776548.26 39494 17335 43 641 580
1702776554.35 39495 17341 43 641 623
1702776557.75 39496 17344 74 641 627
1702776571.02 39497 17357 93 641 627
1702776574.29 39498 17361 10 641 623
1702776580.96 39499 17367 69 641 626
1702776589.0 39500 17375 64 641 580
1702776589.73 39501 17376 28 641 585
1702776595.78 39502 17382 25 641 519
1702776596.01 39503 17382 38 641 545
1702776598.33 39504 17384 61 641 627
1702776599.06 39505 17385 24 641 586
1702776611.61 39506 17397 70 641 568
1702776612.86 39507 17398 87 641 623
1702776613.12 39508 17399 4 641 552
1702776615.23 39509 17401 6 641 625
1702776621.45 39510 17407 19 641 624
1702776625.9 39511 17411 56 641 629
1702776637.66 39512 17423 23 641 632
1702776641.4 39513 17426 88 641 630
1702776643.35 39514 17428 73 641 561
1702776647.03 39515 17432 33 641 604
1702776650.86 39516 17436 7 641 636
1702776687.28 39517 17472 43 641 476
1702776689.03 39518 17474 9 641 626
1702776712.85 39519 17497 84 641 622
1702776733.27 39520 17518 19 641 629
1702776735.74 39521 17520 56 641 621
1702776745.56 39522 17530 29 641 602
1702776752.02 39523 17536 67 641 630
1702776753.99 39524 17538 54 641 633
1702776754.23 39525 17538 68 641 472
1702776756.18 39526 17540 54 641 630
1702776756.91 39527 17541 17 641 582
1702776760.43 39528 17544 60 641 617
1702776761.47 39529 17545 55 641 575
1702776765.14 39530 17549 13 641 591
1702776767.23 39531 17551 13 641 622
1702776769.61 39532 17553 42 641 625
1702776771.43 39533 17555 15 641 622
1702776779.07 39534 17562 70 641 620
1702776779.66 39535 17563 20 641 580
1702776784.1 39536 17567 55 641 625
1702776787.94 39537 17571 29 641 626
1702776793.35 39538 17576 62 641 620
1702776795.5 39539 17578 67 641 607
1702776806.99 39540 17590 9 641 607
1702776820.0 39541 17603 2 641 592
1702776832.14 39542 17615 9 641 614
1702776832.75 39543 17615 60 641 576
1702776833.42 39544 17616 18 641 586
1702776850.01 39545 17632 70 641 621
1702776852.15 39546 17634 75 641 624
1702776855.97 39547 17638 48 641 628
1702776865.75 39548 17648 18 641 634
1702776872.28 39549 17654 62 641 618
1702776875.57 39550 17657 82 641 634
1702776876.72 39551 17658 88 641 615
1702776877.89 39552 17659 95 641 612
1702776886.56 39553 17668 53 641 626
1702776886.79 39554 17668 67 641 547
1702776887.49 39555 17669 28 641 585
1702776888.09 39556 17669 79 641 580
1702776901.66 39557 17683 28 641 624
1702776920.15 39558 17701 69 641 627
1702776920.27 39559 17701 72 641 538
1702776922.03 39560 17703 39 641 608
1702776923.85 39561 17705 11 641 619
1702776928.08 39562 17709 25 641 584
1702776937.11 39563 17718 20 641 632
1702776937.42 39564 17718 41 641 554
1702776945.12 39565 17726 3 641 509
1702776955.77 39566 17736 59 641 629
1702776957.35 39567 17738 8 641 521
1702776969.79 39568 17750 44 641 627
1702776975.27 39569 17755 83 641 625
1702776983.39 39570 17763 86 641 600
1702776987.06 39571 17767 44 641 617
1702776993.85 39572 17774 15 641 579
1702776993.95 39573 17774 15 640 533
1702776998.01 39574 17778 13 641 615
1702776998.8 39575 17778 83 641 590
1702777006.19 39576 17786 13 641 443
1702777009.38 39577 17789 23 641 630
1702777012.62 39578 17792 38 641 619
1702777012.91 39579 17792 57 641 554
1702777024.94 39580 17804 52 641 522
1702777029.67 39581 17809 16 641 620
1702777029.89 39582 17809 29 641 550
1702777033.51 39583 17812 82 641 585
1702777039.21 39584 17818 44 641 627
1702777051.57 39585 17830 72 641 625
1702777064.32 39586 17843 39 641 625
1702777070.9 39587 17849 88 641 627
1702777079.33 39588 17858 23 641 586
1702777089.25 39589 17868 7 641 622
1702777092.69 39590 17871 42 641 623
1702777102.1 39591 17880 75 641 631
1702777110.08 39592 17888 64 641 628
1702777111.5 39593 17889 97 641 630
1702777113.4 39594 17891 77 641 606
1702777115.56 39595 17893 84 641 626
1702777139.74 39596 17917 95 641 590
1702777140.95 39597 17919 7 641 609
1702777146.87 39598 17924 91 641 629
1702777164.21 39599 17942 17 641 581
1702777174.41 39600 17952 29 641 406
1702777174.72 39601 17952 51 641 552
1702777181.82 39602 17959 52 641 627
1702777189.63 39603 17967 25 641 588
1702777198.97 39604 17976 50 641 618
1702777199.22 39605 17976 66 641 549
1702777204.33 39606 17981 68 641 620
1702777209.6 39607 17986 86 641 628
1702777220.82 39608 17998 0 641 630
1702777225.23 39609 18002 32 641 618
1702777228.15 39610 18005 15 641 615
1702777230.06 39611 18006 97 641 520
1702777230.46 39612 18007 28 641 561
1702777232.46 39613 18009 19 641 625
1702777240.86 39614 18017 50 641 627
1702777242.96 39615 18019 51 641 624
1702777263.09 39616 18039 56 641 635
1702777276.44 39617 18052 83 641 614
1702777278.33 39618 18054 63 641 619
1702777282.91 39619 18059 12 641 525
1702777284.18 39620 18060 29 641 621
1702777284.28 39621 18060 29 640 531
1702777287.15 39622 18063 9 641 513
1702777287.75 39623 18063 59 641 576
1702777289.91 39624 18065 66 641 623
1702777297.57 39625 18073 23 641 629
1702777298.95 39626 18074 51 641 620
1702777310.37 39627 18085 85 641 622
1702777310.78 39628 18086 17 641 560
1702777313.63 39629 18088 93 641 583
1702777314.43 39630 18089 63 641 525
1702777314.57 39631 18089 67 641 538
1702777323.72 39632 18098 74 640 331
1702777329.67 39633 18104 60 641 625
1702777342.96 39634 18117 81 641 580
1702777346.63 39635 18121 39 641 624
1702777366.05 39636 18140 74 641 597
1702777366.9 39637 18141 50 641 593
1702777375.77 39638 18150 28 641 624
1702777379.01 39639 18153 43 641 590
1702777381.79 39640 18156 12 641 629
1702777394.35 39641 18168 60 641 611
1702777404.2 39642 18178 37 641 618
1702777409.38 39643 18183 45 641 604
1702777426.5 39644 18200 49 641 620
1702777437.11 39645 18211 2 641 624
1702777452.92 39646 18226 76 641 586
1702777453.89 39647 18227 64 641 598
1702777462.08 39648 18235 74 641 626
1702777462.33 39649 18235 90 641 551
1702777468.34 39650 18241 82 641 622
1702777471.06 39651 18244 44 641 624
1702777473.18 39652 18246 48 641 627
1702777483.59 39653 18256 80 641 625
1702777487.94 39654 18261 6 641 628
1702777490.48 39655 18263 51 641 626
1702777491.03 39656 18263 96 641 574
1702777495.02 39657 18267 86 641 626
1702777502.37 39658 18275 12 641 505
1702777521.16 39659 18293 83 641 621
1702777530.07 39660 18302 66 641 620
1702777536.38 39661 18308 88 641 587
1702777558.93 39662 18331 37 641 624
1702777590.29 39663 18362 67 641 629
1702777592.95 39664 18365 23 641 620
1702777596.15 39665 18368 34 641 617
1702777598.77 39666 18370 86 641 605
1702777600.74 39667 18372 74 641 621
1702777601.01 39668 18372 92 641 550
1702777607.43 39669 18379 25 641 592
1702777615.99 39670 18387 73 641 510
1702777622.67 39671 18394 32 641 587
1702777631.14 39672 18402 71 641 554
1702777644.95 39673 18416 44 641 502
1702777656.87 39674 18428 27 641 628
1702777664.15 39675 18435 46 641 611
1702777666.84 39676 18438 6 641 628
1702777667.31 39677 18438 44 641 568
1702777684.4 39678 18455 45 641 636
1702777688.38 39679 18459 34 641 622
1702777703.57 39680 18474 45 641 622
1702777718.87 39681 18489 67 641 626
1702777729.36 39682 18500 8 641 622
1702777730.28 39683 18500 91 641 468
1702777731.54 39684 18502 8 641 622
1702777732.88 39685 18503 33 641 599
1702777759.03 39686 18529 42 641 626
1702777761.11 39687 18531 40 641 562
1702777770.48 39688 18540 69 641 626
1702777781.18 39689 18551 30 641 609
1702777808.62 39690 18578 69 641 620
1702777815.78 39691 18585 77 641 624
1702777822.15 39692 18592 6 641 629
1702777822.81 39693 18592 62 641 579
1702777832.6 39694 18602 32 641 633
1702777833.0 39695 18602 63 641 560
1702777838.62 39696 18608 15 641 630
1702777840.04 39697 18609 48 640 443
1702777853.05 39698 18622 40 641 621
1702777861.7 39699 18630 97 641 575
1702777867.81 39700 18637 0 641 625
1702777879.47 39701 18648 58 641 624
1702777882.04 39702 18651 6 641 507
1702777882.42 39703 18651 35 641 560
1702777884.54 39704 18653 38 641 559
1702777890.42 39705 18659 17 641 632
1702777896.74 39706 18665 40 641 635
1702777898.84 39707 18667 41 641 612
1702777902.28 39708 18670 76 641 618
1702777918.78 39709 18687 18 641 630
1702777919.55 39710 18687 85 641 588
1702777923.67 39711 18691 88 641 620
1702777939.78 39712 18707 91 641 617
1702777940.68 39713 18708 72 641 599
1702777941.28 39714 18709 22 641 579
1702777945.16 39715 18713 2 641 627
1702777946.49 39716 18714 26 641 506
1702777947.25 39717 18714 93 641 589
1702777967.49 39718 18735 9 641 627
1702777972.75 39719 18740 26 641 615
1702777973.81 39720 18741 23 641 458
1702777978.01 39721 18745 34 641 622
1702777981.58 39722 18748 82 641 620
1702777995.46 39723 18762 62 641 592
1702777997.47 39724 18764 54 641 627
1702778000.2 39725 18767 17 641 578
1702778002.36 39726 18769 25 641 625
1702778005.46 39727 18772 26 641 624
1702778007.63 39728 18774 34 641 624
1702778009.77 39729 18776 38 641 622
1702778010.29 39730 18776 81 641 570
1702778012.49 39731 18778 91 641 597
1702778014.71 39732 18781 4 641 527
1702778017.55 39733 18783 79 641 620
1702778022.99 39734 18789 14 641 623
1702778033.97 39735 18800 4 641 620
1702778035.4 39736 18801 37 641 614
1702778040.7 39737 18806 59 641 612
1702778042.65 39738 18808 45 641 620
1702778053.8 39739 18819 51 641 575
1702778065.1 39740 18830 73 641 616
1702778079.58 39741 18845 13 641 633
1702778080.08 39742 18845 54 641 546
1702778080.41 39743 18845 78 641 556
1702778086.79 39744 18852 7 641 631
1702778090.28 39745 18855 47 641 622
1702778092.64 39746 18857 74 641 606
1702778102.62 39747 18867 64 641 626
1702778108.15 39748 18873 8 641 622
1702778113.86 39749 18878 70 641 631
1702778116.26 39750 18881 1 641 623
1702778118.58 39751 18883 24 641 619
1702778120.27 39752 18884 84 641 628
1702778140.12 39753 18904 62 641 572
1702778140.22 39754 18904 62 640 531
1702778142.47 39755 18906 78 641 621
1702778142.92 39756 18907 14 641 563
1702778144.49 39757 18908 61 641 627
1702778150.5 39758 18914 54 641 632
1702778156.12 39759 18920 7 641 620
1702778162.53 39760 18926 40 641 402
1702778162.78 39761 18926 56 641 550
1702778166.84 39762 18930 53 641 519
1702778167.78 39763 18931 37 641 601
1702778168.71 39764 18932 21 641 603
1702778176.49 39765 18939 90 641 622
1702778177.9 39766 18941 22 641 632
1702778182.62 39767 18945 85 641 627
1702778185.79 39768 18948 93 641 629
1702778187.2 39769 18950 25 641 630
1702778188.92 39770 18951 87 641 611
1702778190.14 39771 18953 0 641 625
1702778190.23 39772 18953 0 640 533
1702778196.67 39773 18959 36 641 617
1702778208.43 39774 18971 4 641 629
1702778210.23 39775 18972 76 641 627
1702778217.22 39776 18979 66 641 624
1702778225.81 39777 18988 17 641 624
1702778233.13 39778 18995 40 641 616
1702778235.14 39779 18997 32 641 622
1702778238.36 39780 19000 45 641 625
1702778239.7 39781 19001 70 641 627
1702778245.65 39782 19007 57 641 617
1702778248.08 39783 19009 91 641 630
1702778266.8 39784 19028 55 641 624
1702778267.95 39785 19029 61 641 611
1702778276.5 39786 19038 8 641 589
1702778278.59 39787 19040 8 641 624
1702778282.44 39788 19043 84 641 576
1702778289.92 39789 19051 23 641 628
1702778293.31 39790 19054 53 641 624
1702778294.62 39791 19055 75 641 624
1702778303.73 39792 19064 77 641 624
1702778306.02 39793 19066 97 641 618
1702778312.64 39794 19073 50 641 626
1702778315.46 39795 19076 23 641 610
1702778316.38 39796 19077 6 641 597
1702778316.48 39797 19077 7 981 981
1702778316.57 39798 19077 7 640 534
1702778320.89 39799 19081 31 641 619
1702778330.13 39800 19090 46 641 626
1702778337.49 39801 19097 74 641 630
1702778342.74 39802 19102 89 641 622
1702778346.77 39803 19106 83 641 627
1702778351.11 39804 19111 9 641 627
1702778352.87 39805 19112 76 641 631
1702778355.43 39806 19115 23 641 620
1702778370.93 39807 19130 65 641 630
1702778380.96 39808 19140 59 641 595
1702778398.5 39809 19158 6 641 604
1702778399.66 39810 19159 13 641 615
1702778399.89 39811 19159 27 641 546
1702778400.68 39812 19159 97 641 593
1702778402.72 39813 19161 92 641 628
1702778402.82 39814 19161 92 640 531
1702778420.6 39815 19179 63 641 620
1702778425.08 39816 19184 2 641 632
1702778426.66 39817 19185 53 641 615
1702778438.06 39818 19196 84 641 441
1702778439.2 39819 19197 89 641 615
1702778440.15 39820 19198 75 641 527
1702778442.64 39821 19201 15 641 625
1702778449.11 39822 19207 52 641 626
1702778450.16 39823 19208 48 641 607
1702778450.3 39824 19208 53 641 540
1702778464.64 39825 19222 79 641 617
1702778466.25 39826 19224 31 641 627
1702778472.99 39827 19230 96 641 620
1702778476.12 39828 19234 0 641 622
1702778482.61 39829 19240 40 641 509
1702778490.36 39830 19248 6 641 574
1702778491.05 39831 19248 66 641 582
1702778494.81 39832 19252 33 641 624
1702778509.02 39833 19266 46 641 618
1702778510.19 39834 19267 53 641 614
1702778510.29 39835 19267 53 640 531
1702778510.76 39836 19267 92 641 571
1702778521.05 39837 19278 13 641 595
1702778533.61 39838 19290 60 641 627
1702778544.01 39839 19300 92 641 579
1702778546.32 39840 19303 13 641 614
1702778552.14 39841 19308 86 641 624
1702778555.64 39842 19312 27 641 628
1702778556.11 39843 19312 64 641 564
1702778558.61 39844 19315 5 641 624
1702778561.65 39845 19318 0 641 595
1702778581.68 39846 19337 97 641 492
1702778582.54 39847 19338 73 641 594
1702778583.79 39848 19339 88 640 278
1702778586.18 39849 19342 18 641 616
1702778602.37 39850 19358 29 641 613
1702778602.47 39851 19358 29 640 535
1702778603.38 39852 19359 12 641 600
1702778609.49 39853 19365 14 641 634
1702778626.12 39854 19381 69 641 544
1702778627.5 39855 19382 98 641 631
1702778642.4 39856 19397 80 641 627
1702778646.29 39857 19401 59 641 614
1702778652.87 39858 19408 9 641 626
1702778656.12 39859 19411 25 641 617
1702778660.83 39860 19415 87 641 624
1702778667.83 39861 19422 78 641 539
1702778668.72 39862 19423 58 641 598
1702778672.37 39863 19427 14 641 626
1702778675.54 39864 19430 22 641 631
1702778676.95 39865 19431 54 641 513
1702778687.72 39866 19442 22 641 630
1702778688.64 39867 19443 5 641 601
1702778693.04 39868 19447 37 641 630
1702778696.44 39869 19450 68 641 621
1702778704.21 39870 19458 36 641 530
1702778710.99 39871 19465 6 641 628
1702778714.85 39872 19468 82 641 624
1702778717.56 39873 19471 45 641 625
1702778740.7 39874 19494 52 641 625
1702778753.61 39875 19507 36 641 626
1702778765.42 39876 19519 8 641 625
1702778765.68 39877 19519 25 641 551
1702778767.74 39878 19521 21 641 620
1702778772.85 39879 19526 24 641 618
1702778774.37 39880 19527 66 641 630
1702778778.04 39881 19531 24 641 622
1702778780.15 39882 19533 26 641 625
1702778782.13 39883 19535 15 641 629
1702778786.57 39884 19539 50 641 623
1702778793.76 39885 19546 60 641 354
1702778813.42 39886 19566 18 641 623
1702778815.72 39887 19568 39 641 625
1702778819.97 39888 19572 56 641 623
1702778843.8 39889 19596 32 641 629
1702778844.6 39890 19597 3 641 524
1702778846.87 39891 19599 21 641 507
1702778864.55 39892 19616 81 641 622
1702778864.9 39893 19617 7 641 554
1702778869.4 39894 19621 49 641 624
1702778871.33 39895 19623 33 641 633
1702778877.05 39896 19628 96 641 614
1702778896.16 39897 19648 0 641 534
1702778903.06 39898 19654 81 641 632
1702778914.02 39899 19665 69 641 560
1702778916.08 39900 19667 66 641 617
1702778917.21 39901 19668 70 641 615
1702778923.21 39902 19674 61 641 630
1702778927.02 39903 19678 33 641 604
1702778940.88 39904 19692 11 641 513
1702778947.09 39905 19698 24 641 629
1702778947.5 39906 19698 55 641 560
1702778947.79 39907 19698 75 641 555
1702778951.92 39908 19702 79 641 625
1702778958.28 39909 19709 6 641 613
1702778958.74 39910 19709 43 641 568
1702778965.89 39911 19716 49 641 608
1702778980.05 39912 19730 57 641 629
1702778989.32 39913 19739 75 641 626
1702778994.86 39914 19745 21 641 630
1702779005.03 39915 19755 29 641 528
1702779009.1 39916 19759 27 641 619
1702779017.23 39917 19767 31 641 621
1702779025.11 39918 19775 11 641 616
1702779046.13 39919 19796 6 641 624
1702779046.39 39920 19796 23 641 550
1702779053.12 39921 19802 87 641 628
1702779055.94 39922 19805 61 641 613
1702779058.48 39923 19808 6 641 617
1702779070.13 39924 19819 63 641 624
1702779073.16 39925 19822 56 641 593
1702779075.83 39926 19825 15 641 613
1702779087.29 39927 19836 52 641 571
1702779088.15 39928 19837 29 641 596
1702779088.34 39929 19837 38 641 540
1702779099.4 39930 19848 36 641 624
1702779099.62 39931 19848 49 641 544
1702779101.23 39932 19850 1 641 628
1702779111.74 39933 19860 44 641 592
1702779112.89 39934 19861 50 641 614
1702779113.73 39935 19862 24 641 596
1702779121.17 39936 19869 60 641 590
1702779121.81 39937 19870 14 641 551
1702779130.18 39938 19878 42 641 616
1702779130.31 39939 19878 46 641 539
1702779131.75 39940 19879 81 641 636
1702779142.81 39941 19890 79 641 621
1702779150.81 39942 19898 70 641 625
1702779151.64 39943 19899 44 641 525
1702779152.38 39944 19900 8 641 587
1702779152.72 39945 19900 33 641 558
1702779154.66 39946 19902 18 641 592
1702779159.87 39947 19907 29 641 619
1702779160.61 39948 19907 94 641 587
1702779161.17 39949 19908 41 641 575
1702779166.97 39950 19914 11 641 577
1702779168.14 39951 19915 19 641 493
1702779168.45 39952 19915 40 641 555
1702779170.47 39953 19917 32 641 625
1702779179.3 39954 19926 7 641 617
1702779179.91 39955 19926 59 641 528
1702779185.02 39956 19931 61 641 559
1702779186.17 39957 19932 66 641 611
1702779189.66 39958 19936 7 641 631
1702779204.12 39959 19950 46 641 626
1702779204.48 39960 19950 72 641 556
1702779210.62 39961 19956 77 641 627
1702779223.76 39962 19969 82 641 589
1702779247.28 39963 19993 28 641 621
1702779251.98 39964 19997 89 641 632
1702779258.08 39965 20003 91 641 632
1702779260.64 39966 20006 37 641 616
1702779268.83 39967 20014 48 641 620
1702779277.68 39968 20023 24 641 630
1702779279.96 39969 20025 43 641 597
1702779282.47 39970 20027 85 641 593
1702779287.48 39971 20032 78 641 615
1702779288.54 39972 20033 74 641 607
1702779310.01 39973 20055 14 641 626
1702779310.69 39974 20055 72 641 580
1702779310.81 39975 20055 75 641 538
1702779318.18 39976 20063 3 641 548
1702779319.55 39977 20064 31 641 627
1702779325.4 39978 20070 7 641 597
1702779328.71 39979 20073 29 641 603
1702779332.6 39980 20077 9 641 617
1702779369.74 39981 20114 18 641 621
1702779373.2 39982 20117 54 641 621
1702779381.21 39983 20125 47 641 617
1702779381.57 39984 20125 73 641 556
1702779385.29 39985 20129 36 641 485
1702779402.82 39986 20146 82 641 632
1702779409.27 39987 20153 18 641 583
1702779431.21 39988 20175 5 641 605
1702779436.3 39989 20180 6 641 624
1702779442.13 39990 20185 80 641 566
1702779447.15 39991 20190 73 641 619
1702779447.71 39992 20191 20 641 570
1702779449.18 39993 20192 57 641 616
1702779454.1 39994 20197 42 641 512
1702779458.49 39995 20201 72 641 579
1702779459.18 39996 20202 31 641 579
1702779477.36 39997 20220 42 641 614
1702779494.14 39998 20237 12 641 616
1702779500.89 39999 20243 79 641 624
1702779504.66 40000 20247 46 641 619
1702779504.84 40001 20247 55 641 545
1702779506.13 40002 20248 74 641 577
1702779510.7 40003 20253 23 641 627
1702779510.89 40004 20253 32 641 548
1702779511.16 40005 20253 50 641 553
1702779517.79 40006 20260 4 641 621
1702779519.16 40007 20261 33 641 597
1702779519.58 40008 20261 65 641 436
1702779520.74 40009 20262 72 641 617
1702779524.49 40010 20266 38 641 623
1702779526.66 40011 20268 45 641 626
1702779526.76 40012 20268 45 640 537
1702779532.16 40013 20273 77 641 607
1702779532.32 40014 20273 84 641 543
1702779534.4 40015 20275 83 641 627
1702779539.86 40016 20281 20 641 631
1702779541.47 40017 20282 71 641 624
1702779549.78 40018 20290 93 641 608
1702779553.35 40019 20294 41 641 624
1702779559.4 40020 20300 38 641 628
1702779560.36 40021 20301 24 641 544
1702779576.92 40022 20317 72 641 626
1702779582.69 40023 20323 41 641 615
1702779584.15 40024 20324 77 641 623
1702779585.31 40025 20325 84 641 554
1702779587.09 40026 20327 53 641 591
1702779587.55 40027 20327 90 641 568
1702779590.78 40028 20331 4 641 596
1702779592.19 40029 20332 36 641 610
1702779595.46 40030 20335 54 641 622
1702779596.25 40031 20336 24 641 592
1702779616.91 40032 20356 82 641 624
1702779617.15 40033 20356 96 641 547
1702779619.85 40034 20359 58 641 584
1702779620.17 40035 20359 80 641 552
1702779620.48 40036 20360 2 641 558
1702779632.6 40037 20372 6 641 630
1702779632.7 40038 20372 6 640 534
1702779637.14 40039 20376 43 641 541
1702779643.5 40040 20382 71 641 631
1702779644.04 40041 20383 15 641 570
1702779649.76 40042 20388 79 641 492
1702779655.34 40043 20394 28 641 628
1702779655.9 40044 20394 75 641 572
1702779656.02 40045 20394 78 641 541
1702779658.47 40046 20397 13 641 629
1702779662.55 40047 20401 13 641 618
1702779671.0 40048 20409 49 641 580
1702779692.5 40049 20430 93 641 619
1702779694.13 40050 20432 46 641 623
1702779701.08 40051 20439 32 641 606
1702779701.8 40052 20439 95 641 584
1702779716.78 40053 20454 85 641 625
1702779719.53 40054 20457 50 641 624
1702779719.62 40055 20457 50 640 531
1702779723.73 40056 20461 53 641 625
1702779726.45 40057 20464 15 641 626
1702779727.0 40058 20464 60 641 489
1702779731.65 40059 20469 17 641 625
1702779732.37 40060 20469 79 641 515
1702779733.42 40061 20470 75 641 608
1702779737.12 40062 20474 36 641 621
1702779737.51 40063 20474 66 641 563
1702779741.89 40064 20478 94 641 611
1702779743.43 40065 20480 39 641 624
1702779752.07 40066 20488 95 641 593
1702779753.19 40067 20489 98 641 614
1702779756.78 40068 20493 48 641 628
1702779760.45 40069 20497 6 641 621
1702779761.62 40070 20498 14 641 613
1702779768.12 40071 20504 55 641 616
1702779777.72 40072 20514 7 641 628
1702779786.08 40073 20522 34 641 623
1702779790.58 40074 20526 75 641 593
1702779792.29 40075 20528 36 641 621
1702779792.62 40076 20528 60 641 511
1702779804.17 40077 20540 8 641 622
1702779813.81 40078 20549 63 641 620
1702779814.68 40079 20550 41 641 593
1702779833.15 40080 20568 80 641 624
1702779834.24 40081 20569 81 641 608
1702779843.93 40082 20579 41 641 636
1702779861.76 40083 20597 17 641 621
1702779874.07 40084 20609 39 641 595
1702779876.24 40085 20611 47 641 628
1702779883.24 40086 20618 38 641 353
1702779885.63 40087 20620 68 641 615
1702779886.7 40088 20621 65 641 599
1702779892.7 40089 20627 56 641 588
1702779896.87 40090 20631 64 641 616
1702779897.96 40091 20632 64 641 613
1702779903.89 40092 20638 49 641 624
1702779909.26 40093 20643 76 641 625
1702779916.91 40094 20651 33 641 624
