1701360935.62 3 5 63 641 489
1701360936.32 4 6 28 641 568
1701360941.82 5 11 72 641 627
1701360943.17 6 13 1 641 588
1701360947.72 7 17 50 641 586
1701360951.56 8 21 27 641 625
1701360952.33 9 21 98 641 572
1701360959.47 10 29 6 641 586
1701360960.65 11 30 17 641 585
1701360965.25 12 34 71 641 584
1701360971.22 13 40 61 641 632
1701360973.03 14 42 35 641 607
1701360974.09 15 43 34 641 585
1701360978.84 16 48 3 641 627
1701360980.03 17 49 15 641 590
1701360981.57 18 50 62 641 598
1701360986.63 19 55 62 641 615
1701361000.73 20 69 66 641 609
1701361015.26 21 84 14 641 550
1701361022.64 22 91 46 641 624
1701361028.25 23 97 1 641 535
1701361028.43 24 97 12 641 548
1701361060.79 25 129 44 641 610
1701361062.31 26 130 89 641 568
1701361065.75 27 134 26 641 536
1701361067.44 28 135 87 641 615
1701361069.84 29 138 19 641 602
1701361070.06 30 138 36 641 548
1701361076.34 31 144 56 641 629
1701361085.18 32 153 34 641 631
1701361086.25 33 154 34 641 588
1701361087.16 34 155 17 641 581
1701361088.31 35 156 25 641 596
1701361095.81 36 163 69 641 616
1701361101.76 37 169 57 641 573
1701361102.29 38 170 3 641 565
1701361103.39 39 171 6 641 590
1701361107.33 40 174 93 641 618
1701361110.24 41 177 77 641 620
1701361115.78 42 183 24 635 147
1701361119.9 43 187 29 641 629
1701361122.41 44 189 72 641 471
1701361127.78 45 195 3 641 629
1701361129.62 46 196 79 641 626
1701361131.73 47 198 83 641 614
1701361139.79 48 206 82 641 634
1701361140.92 49 207 88 641 595
1701361142.52 50 209 41 641 615
1701361152.79 51 219 61 641 622
1701361154.05 52 220 80 641 600
1701361154.38 53 221 6 641 557
1701361171.1 54 237 73 641 598
1701361171.18 55 237 73 640 536
1701361174.2 56 240 69 641 532
1701361177.09 57 243 51 641 612
1701361209.04 58 275 42 641 567
1701361210.63 59 276 94 641 531
1701361212.62 60 278 85 641 598
1701361214.59 61 280 75 641 633
1701361227.48 62 293 58 641 622
1701361234.07 63 300 10 641 580
1701361249.73 64 315 70 641 617
1701361250.1 65 316 1 641 474
1701361251.76 66 317 61 641 588
1701361257.76 67 323 54 641 626
1701361261.2 68 326 91 641 629
1701361269.17 69 334 82 641 512
1701361270.54 70 336 11 641 547
1701361277.2 71 342 70 641 618
1701361277.28 72 342 70 640 535
1701361280.74 73 346 10 641 627
1701361295.18 74 360 48 641 588
1701361300.2 75 365 43 641 633
1701361304.71 76 369 86 641 553
1701361310.69 77 375 78 641 623
1701361312.22 78 377 23 641 618
1701361313.19 79 378 12 641 557
1701361325.23 80 390 11 641 623
1701361328.65 81 393 46 641 627
1701361338.98 82 403 73 641 626
1701361345.89 83 410 57 641 611
1701361353.57 84 418 18 641 556
1701361353.71 85 418 25 641 542
1701361357.66 86 422 13 641 627
1701361359.52 87 423 91 641 628
1701361360.4 88 424 71 641 587
1701361363.58 89 427 82 641 622
1701361366.8 90 430 97 641 620
1701361380.28 91 444 39 641 597
1701361404.29 92 468 35 641 626
1701361406.82 93 470 81 641 627
1701361417.26 94 481 19 641 585
1701361418.86 95 482 71 641 529
1701361423.17 96 486 95 641 630
1701361439.55 97 503 27 641 631
1701361452.53 98 516 19 641 625
1701361453.45 99 517 4 641 591
1701361463.66 100 527 19 641 619
1701361464.17 101 527 61 641 567
1701361466.91 102 530 28 641 570
1701361468.56 103 531 85 641 626
1701361469.48 104 532 69 641 580
1701361470.55 105 533 68 641 598
1701361481.69 106 544 75 641 626
1701361499.71 107 562 71 641 620
1701361517.27 108 580 21 641 560
1701361528.45 109 591 33 641 577
1701361530.98 110 593 78 641 627
1701361534.27 111 597 0 641 511
1701361542.13 112 604 80 641 629
1701361543.14 113 605 73 641 595
1701361545.13 114 607 65 641 629
1701361562.98 115 625 44 641 596
1701361566.13 116 628 51 641 626
1701361566.38 117 628 69 641 556
1701361570.92 118 633 16 640 265
1701361574.16 119 636 32 641 619
1701361581.95 120 644 5 641 628
1701361591.67 121 653 70 641 629
1701361614.09 122 676 7 641 627
1701361628.53 123 690 45 641 541
1701361631.83 124 693 68 641 628
1701361633.24 125 695 1 641 618
1701361640.07 126 701 77 641 631
1701361645.77 127 707 41 641 628
1701361659.46 128 721 3 641 546
1701361667.29 129 728 79 641 628
1701361670.11 130 731 53 641 615
1701361672.6 131 733 95 641 627
1701361680.93 132 742 21 641 576
1701361685.31 133 746 51 641 620
1701361695.88 134 757 2 641 624
1701361698.16 135 759 22 641 628
1701361712.28 136 773 28 641 553
1701361713.22 137 774 14 641 592
1701361724.72 138 785 57 641 591
1701361727.73 139 788 50 641 616
1701361742.8 140 803 51 641 628
1701361745.84 141 806 48 641 628
1701361753.03 142 813 60 641 630
1701361753.68 143 814 17 641 574
1701361760.03 144 820 45 641 609
1701361764.57 145 824 92 641 621
1701361771.47 146 831 74 641 619
1701361771.55 147 831 74 636 558
1701361771.63 148 831 75 637 588
1701361771.72 149 831 76 639 584
1701361771.8 150 831 77 636 563
1701361771.93 151 831 78 637 572
1701361771.97 152 831 79 638 573
1701361772.05 153 831 80 638 561
1701361772.15 154 831 81 635 552
1701361772.24 155 831 82 640 566
1701361772.3 156 831 83 636 576
1701361772.38 157 831 84 635 553
1701361772.54 158 831 85 638 574
1701361772.57 159 831 86 638 564
1701361772.63 160 831 87 639 568
1701361772.73 161 831 88 636 559
1701361772.8 162 831 89 638 564
1701361772.88 163 831 90 637 582
1701361772.97 164 831 91 636 548
1701361773.09 165 831 92 639 559
1701361773.13 166 831 93 637 581
1701361773.22 167 831 94 635 558
1701361773.3 168 831 95 636 567
1701361773.38 169 831 96 637 576
1701361773.47 170 831 97 638 551
1701361773.61 171 831 98 638 575
1701361773.65 172 831 99 638 574
1701361773.72 173 832 0 637 557
1701361773.83 174 832 1 639 575
1701361773.88 175 832 2 640 560
1701361773.95 176 832 3 636 542
1701361774.06 177 832 4 638 570
1701361774.11 178 832 5 639 572
1701361774.19 179 832 6 634 562
1701361774.29 180 832 7 638 553
1701361774.35 181 832 8 636 572
1701361774.43 182 832 9 632 562
1701361774.51 183 832 10 639 559
1701361774.61 184 832 11 638 560
1701361774.68 185 832 12 644 564
1701361774.76 186 832 13 638 571
1701361774.86 187 832 14 636 574
1701361774.93 188 832 15 637 562
1701361775.01 189 832 16 636 552
1701361775.14 190 832 17 635 567
1701361775.18 191 832 18 633 559
1701361775.26 192 832 19 637 556
1701361775.35 193 832 20 637 569
1701361775.43 194 832 21 637 575
1701361775.51 195 832 22 638 579
1701361775.6 196 832 23 636 552
1701361775.71 197 832 24 636 571
1701361775.76 198 832 25 636 564
1701361775.84 199 832 26 634 556
1701361775.94 200 832 27 637 565
1701361776.01 201 832 28 636 563
1701361776.09 202 832 29 635 555
1701361776.2 203 832 30 638 571
1701361776.26 204 832 31 638 571
1701361776.34 205 832 32 636 546
1701361776.43 206 832 33 638 574
1701361776.51 207 832 34 640 557
1701361776.6 208 832 35 636 553
1701361776.69 209 832 36 637 559
1701361776.76 210 832 37 642 573
1701361776.84 211 832 38 642 569
1701361776.95 212 832 39 638 560
1701361777.01 213 832 40 637 578
1701361777.1 214 832 41 636 554
1701361777.19 215 832 42 639 574
1701361777.26 216 832 43 639 581
1701361777.34 217 832 44 639 553
1701361777.43 218 832 45 637 570
1701361777.51 219 832 46 636 555
1701361777.6 220 832 47 636 566
1701361777.69 221 832 48 637 560
1701361777.76 222 832 49 634 564
1701361778.75 223 832 50 638 560
1701361778.83 224 832 51 641 567
1701361778.87 225 832 52 639 580
1701361778.91 226 832 53 639 577
1701361778.95 227 832 54 638 563
1701361778.99 228 832 55 636 565
1701361779.09 229 832 56 639 589
1701361779.14 230 832 57 639 560
1701361779.17 231 832 58 636 565
1701361779.21 232 832 59 638 575
1701361779.25 233 832 60 638 560
1701361779.36 234 832 61 636 568
1701361779.4 235 832 62 638 585
1701361779.43 236 832 63 636 563
1701361779.46 237 832 64 636 553
1701361779.5 238 832 65 637 572
1701361779.53 239 832 66 638 563
1701361779.64 240 832 67 644 576
1701361779.68 241 832 68 639 563
1701361779.71 242 832 69 641 572
1701361779.75 243 832 70 639 561
1701361779.79 244 832 71 639 564
1701361779.91 245 832 72 640 578
1701361779.95 246 832 73 639 568
1701361779.99 247 832 74 641 569
1701361780.02 248 832 75 639 563
1701361780.05 249 832 76 636 560
1701361780.16 250 832 77 636 563
1701361780.2 251 832 78 637 560
1701361780.26 252 832 79 635 570
1701361780.35 253 832 80 641 569
1701361780.43 254 832 81 638 575
1701361780.51 255 832 82 638 562
1701361780.6 256 832 83 637 569
1701361780.68 257 832 84 641 579
1701361780.76 258 832 85 636 554
1701361780.85 259 832 86 635 561
1701361780.94 260 832 87 640 566
1701361781.01 261 832 88 635 558
1701361781.1 262 832 89 636 548
1701361781.18 263 832 90 637 554
1701361781.26 264 832 91 635 561
1701361781.35 265 832 92 640 560
1701361781.43 266 832 93 644 577
1701361781.51 267 832 94 637 556
1701361781.69 268 832 95 638 567
1701361781.72 269 832 96 636 568
1701361781.76 270 832 97 637 564
1701361781.85 271 832 98 637 545
1701361781.97 272 832 99 636 567
1701361782.02 273 833 0 638 560
1701361782.09 274 833 1 637 561
1701361782.18 275 833 2 643 577
1701361782.25 276 833 3 640 563
1701361782.33 277 833 4 634 561
1701361782.43 278 833 5 637 556
1701361782.49 279 833 6 638 570
1701361782.57 280 833 7 636 556
1701361782.66 281 833 8 638 574
1701361782.73 282 833 9 637 564
1701361782.81 283 833 10 639 559
1701361782.91 284 833 11 637 586
1701361782.97 285 833 12 639 589
1701361783.06 286 833 13 637 557
1701361783.18 287 833 14 637 568
1701361783.22 288 833 15 635 572
1701361783.31 289 833 16 637 549
1701361783.46 290 833 17 637 567
1701361783.49 291 833 18 634 552
1701361783.56 292 833 19 636 566
1701361783.64 293 833 20 637 582
1701361783.74 294 833 21 636 564
1701361783.81 295 833 22 635 563
1701361783.89 296 833 23 634 558
1701361783.99 297 833 24 636 568
1701361784.06 298 833 25 638 555
1701361784.15 299 833 26 637 554
1701361784.25 300 833 27 641 570
1701361784.31 301 833 28 636 564
1701361784.39 302 833 29 636 557
1701361784.49 303 833 30 637 563
1701361784.56 304 833 31 642 582
1701361784.64 305 833 32 636 555
1701361784.72 306 833 33 636 564
1701361784.81 307 833 34 636 547
1701361784.89 308 833 35 637 549
1701361784.98 309 833 36 639 573
1701361785.06 310 833 37 638 556
1701361785.14 311 833 38 639 571
1701361785.23 312 833 39 637 567
1701361785.31 313 833 40 636 565
1701361785.46 314 833 41 637 582
1701361785.5 315 833 42 638 562
1701361785.56 316 833 43 635 565
1701361785.64 317 833 44 642 560
1701361785.72 318 833 45 638 569
1701361785.81 319 833 46 637 553
1701361785.94 320 833 47 638 569
1701361785.98 321 833 48 638 574
1701361786.06 322 833 49 635 564
1701361786.19 323 833 50 637 573
1701361786.23 324 833 51 637 588
1701361786.31 325 833 52 638 563
1701361786.41 326 833 53 636 564
1701361786.47 327 833 54 636 556
1701361786.56 328 833 55 637 564
1701361786.66 329 833 56 638 554
1701361786.72 330 833 57 636 582
1701361786.81 331 833 58 636 554
1701361786.93 332 833 59 638 570
1701361786.98 333 833 60 639 562
1701361787.06 334 833 61 637 558
1701361787.15 335 833 62 640 567
1701361787.23 336 833 63 638 554
1701361787.31 337 833 64 636 553
1701361787.44 338 833 65 638 553
1701361787.47 339 833 66 637 575
1701361787.56 340 833 67 638 559
1701361787.66 341 833 68 640 558
1701361787.72 342 833 69 642 585
1701361787.81 343 833 70 637 575
1701361787.96 344 833 71 635 591
1701361787.99 345 833 72 633 586
1701361788.06 346 833 73 636 566
1701361788.16 347 833 74 638 572
1701361788.22 348 833 75 641 563
1701361788.31 349 833 76 638 570
1701361788.42 350 833 77 637 579
1701361788.48 351 833 78 640 588
1701361788.56 352 833 79 637 567
1701361788.73 353 833 80 643 582
1701361788.76 354 833 81 636 572
1701361788.81 355 833 82 637 567
1701361788.89 356 833 83 639 543
1701361788.99 357 833 84 638 545
1701361789.06 358 833 85 639 563
1701361789.14 359 833 86 635 553
1701361789.23 360 833 87 636 571
1701361789.31 361 833 88 636 545
1701361789.46 362 833 89 638 543
1701361789.5 363 833 90 638 588
1701361789.56 364 833 91 637 570
1701361789.64 365 833 92 637 556
1701361789.73 366 833 93 637 567
1701361789.81 367 833 94 636 553
1701361789.95 368 833 95 637 563
1701361789.99 369 833 96 637 569
1701361790.06 370 833 97 637 565
1701361790.14 371 833 98 639 554
1701361790.23 372 833 99 637 571
1701361790.31 373 834 0 637 579
1701361790.39 374 834 1 635 556
1701361790.49 375 834 2 636 553
1701361790.54 376 834 3 643 569
1701361790.62 377 834 4 637 555
1701361790.73 378 834 5 638 587
1701361790.78 379 834 6 638 581
1701361790.86 380 834 7 636 551
1701361790.98 381 834 8 636 568
1701361791.02 382 834 9 641 584
1701361791.1 383 834 10 636 566
1701361791.2 384 834 11 637 566
1701361791.27 385 834 12 642 582
1701361791.35 386 834 13 639 547
1701361791.5 387 834 14 638 558
1701361791.53 388 834 15 636 553
1701361791.6 389 834 16 636 564
1701361791.7 390 834 17 638 570
1701361791.77 391 834 18 637 559
1701361791.85 392 834 19 636 551
1701361791.97 393 834 20 638 548
1701361792.02 394 834 21 635 571
1701361792.1 395 834 22 638 557
1701361792.19 396 834 23 636 573
1701361792.27 397 834 24 635 559
1701361792.35 398 834 25 638 544
1701361792.49 399 834 26 640 554
1701361792.52 400 834 27 636 574
1701361792.6 401 834 28 634 554
1701361792.69 402 834 29 638 553
1701361792.79 403 834 30 637 573
1701361792.85 404 834 31 637 556
1701361792.94 405 834 32 640 553
1701361793.04 406 834 33 638 579
1701361793.1 407 834 34 645 578
1701361793.19 408 834 35 637 554
1701361793.32 409 834 36 637 574
1701361793.35 410 834 37 639 558
1701361793.44 411 834 38 636 549
1701361793.57 412 834 39 640 540
1701361796.51 413 837 31 641 626
1701361803.45 414 844 18 641 627
1701361804.39 415 845 5 641 598
1701361809.37 416 849 96 641 624
1701361810.5 417 851 2 641 608
1701361820.97 418 861 42 641 530
1701361830.22 419 870 61 641 586
1701361833.67 420 873 98 641 477
1701361843.61 421 883 86 641 615
1701361848.36 422 888 54 641 539
1701361855.54 423 895 64 641 627
1701361860.14 424 900 18 641 628
1701361866.6 425 906 56 641 628
1701361883.15 426 923 5 641 624
1701361886.44 427 926 27 641 543
1701361886.85 428 926 61 641 566
1701361898.35 429 938 4 641 627
1701361901.15 430 940 76 641 627
1701361908.43 431 947 98 641 507
1701361908.59 432 948 6 641 548
1701361908.94 433 948 33 641 560
1701361917.67 434 957 0 641 627
1701361917.75 435 957 0 640 537
1701361924.57 436 963 76 641 630
1701361925.32 437 964 44 641 583
1701361927.21 438 966 26 641 617
1701361930.22 439 969 19 641 627
1701361937.14 440 976 4 641 604
1701361938.99 441 977 82 641 611
1701361949.84 442 988 60 641 483
1701361954.38 443 993 7 641 504
1701361958.23 444 996 84 641 622
1701361958.98 445 997 52 641 582
1701361962.28 446 1000 74 641 567
1701361965.45 447 1003 84 641 627
1701361974.46 448 1012 77 641 624
1701361976.06 449 1014 29 641 608
1701361983.55 450 1021 71 641 625
1701361984.31 451 1022 39 641 518
1701361990.24 452 1028 24 641 626
1701361995.8 453 1033 72 641 624
1701361998.13 454 1035 97 641 612
1701361998.68 455 1036 45 641 400
1701361999.21 456 1036 90 641 570
1701362000.92 457 1038 53 641 600
1701362003.04 458 1040 56 641 630
1701362004.21 459 1041 65 641 606
1701362015.15 460 1052 52 641 625
1701362017.19 461 1054 49 641 628
1701362018.9 462 1056 12 641 600
1701362022.31 463 1059 45 641 600
1701362026.63 464 1063 70 641 621
1701362027.52 465 1064 51 641 525
1701362033.26 466 1070 18 641 630
1701362034.01 467 1070 85 641 582
1701362039.79 468 1076 55 641 452
1701362056.62 469 1093 32 641 630
1701362080.32 470 1116 95 641 620
1701362088.0 471 1124 56 641 622
1701362090.94 472 1127 42 641 577
