1702684815.37 23828 58029 87 641 540
1702684830.65 23829 58045 7 641 622
1702684838.81 23830 58053 14 641 617
1702684840.15 23831 58054 39 641 448
1702684846.22 23832 58060 38 641 608
1702684851.91 23833 58065 98 641 628
1702684857.58 23834 58071 56 641 622
1702684860.18 23835 58074 7 641 625
1702684860.62 23836 58074 43 641 562
1702684864.19 23837 58077 91 641 628
1702684875.4 23838 58089 4 641 618
1702684879.25 23839 58092 81 641 628
1702684895.74 23840 58109 22 641 607
1702684899.12 23841 58112 51 641 623
1702684906.26 23842 58119 55 641 630
1702684908.43 23843 58121 63 641 616
1702684911.06 23844 58124 17 641 622
1702684923.7 23845 58136 73 641 620
1702684923.8 23846 58136 73 640 533
1702684926.97 23847 58139 82 641 616
1702684927.34 23848 58140 10 641 560
1702684928.97 23849 58141 63 641 587
1702684935.23 23850 58147 81 641 611
1702684935.35 23851 58147 83 641 537
1702684935.75 23852 58148 13 641 567
1702684938.02 23853 58150 31 641 628
1702684938.92 23854 58151 11 641 592
1702684948.89 23855 58161 1 641 625
1702684958.02 23856 58170 6 641 618
1702684971.03 23857 58182 99 641 610
1702684981.74 23858 58193 61 641 621
1702684982.34 23859 58194 12 641 572
1702685002.23 23860 58213 93 641 626
1702685006.14 23861 58217 75 641 618
1702685007.8 23862 58219 32 641 348
1702685009.11 23863 58220 53 641 620
1702685015.4 23864 58226 74 641 539
1702685020.84 23865 58232 9 641 625
1702685021.17 23866 58232 33 641 554
1702685034.58 23867 58245 65 641 631
1702685040.46 23868 58251 45 641 624
1702685042.11 23869 58253 1 641 627
1702685042.41 23870 58253 22 641 549
1702685050.51 23871 58261 24 641 500
1702685052.22 23872 58262 86 641 491
1702685063.21 23873 58273 77 641 631
1702685064.29 23874 58274 75 641 548
1702685086.92 23875 58297 32 641 606
1702685087.45 23876 58297 75 641 568
1702685090.85 23877 58301 6 641 563
1702685097.92 23878 58308 4 641 628
1702685099.73 23879 58309 76 641 620
1702685099.83 23880 58309 76 640 532
1702685104.87 23881 58314 72 641 627
1702685112.51 23882 58322 28 641 624
1702685116.84 23883 58326 52 641 628
1702685128.61 23884 58338 21 641 626
1702685130.15 23885 58339 66 641 591
1702685137.54 23886 58346 96 641 580
1702685137.64 23887 58346 96 640 534
1702685138.45 23888 58347 69 641 591
1702685142.11 23889 58351 26 641 622
1702685146.6 23890 58355 66 641 619
1702685163.21 23891 58372 19 641 631
1702685165.1 23892 58373 99 641 623
1702685167.39 23893 58376 18 641 600
1702685170.4 23894 58379 10 641 625
1702685175.42 23895 58384 3 641 398
1702685177.38 23896 58385 90 641 619
1702685182.63 23897 58391 7 641 584
1702685186.23 23898 58394 58 641 616
1702685191.27 23899 58399 53 641 624
1702685194.26 23900 58402 43 641 603
1702685195.62 23901 58403 70 641 623
1702685197.35 23902 58405 33 641 627
1702685197.7 23903 58405 59 641 554
1702685200.06 23904 58407 86 641 601
1702685200.66 23905 58408 36 641 575
1702685202.03 23906 58409 64 641 623
1702685202.24 23907 58409 75 641 545
1702685206.8 23908 58414 23 641 505
1702685209.15 23909 58416 49 641 629
1702685214.32 23910 58421 57 641 522
1702685227.95 23911 58435 12 641 627
1702685232.57 23912 58439 66 641 622
1702685255.11 23913 58462 13 641 616
1702685255.81 23914 58462 73 641 579
1702685276.75 23915 58483 60 641 621
1702685283.36 23916 58490 12 641 591
1702685290.22 23917 58496 90 641 630
1702685291.43 23918 58498 2 641 613
1702685294.4 23919 58500 90 641 488
1702685295.45 23920 58501 87 641 602
1702685297.96 23921 58504 28 641 624
1702685299.01 23922 58505 24 641 603
1702685301.64 23923 58507 78 641 626
1702685304.54 23924 58510 59 641 624
1702685310.01 23925 58515 96 641 632
1702685313.39 23926 58519 26 641 620
1702685318.51 23927 58524 28 641 624
1702685353.29 23928 58559 1 641 536
1702685365.86 23929 58571 50 641 617
1702685377.58 23930 58583 14 641 626
1702685388.04 23931 58593 52 641 630
1702685391.97 23932 58597 36 641 614
1702685398.03 23933 58603 34 641 553
1702685398.26 23934 58603 47 641 520
1702685400.27 23935 58605 39 641 621
1702685400.44 23936 58605 47 641 404
1702685401.13 23937 58606 7 641 582
1702685402.08 23938 58606 93 641 598
1702685403.12 23939 58607 87 641 604
1702685409.8 23940 58614 46 641 605
1702685415.7 23941 58620 27 641 379
1702685424.51 23942 58628 99 641 626
1702685426.03 23943 58630 43 641 590
1702685438.02 23944 58642 34 641 620
1702685453.34 23945 58657 58 641 623
1702685457.63 23946 58661 78 641 625
1702685466.65 23947 58670 72 641 627
1702685469.49 23948 58673 47 641 624
1702685475.63 23949 58679 52 641 629
1702685486.18 23950 58689 99 641 572
1702685487.25 23951 58690 97 641 601
1702685499.22 23952 58702 85 641 599
1702685499.31 23953 58702 85 640 534
1702685500.92 23954 58704 37 641 633
1702685506.51 23955 58709 87 641 623
1702685512.69 23956 58715 96 641 624
1702685515.2 23957 58718 38 641 625
1702685522.87 23958 58725 95 641 629
1702685524.34 23959 58727 34 641 628
1702685540.0 23960 58742 92 641 627
1702685569.76 23961 58772 62 641 620
1702685590.18 23962 58792 96 641 615
1702685591.1 23963 58793 78 641 592
1702685591.46 23964 58794 5 641 557
1702685596.22 23965 58798 72 641 627
1702685604.75 23966 58807 17 641 626
1702685604.92 23967 58807 24 641 540
1702685607.08 23968 58809 31 641 522
1702685609.2 23969 58811 33 641 617
1702685629.14 23970 58831 20 641 566
1702685630.09 23971 58832 6 641 594
1702685633.65 23972 58835 53 641 517
1702685641.73 23973 58843 52 641 611
1702685645.67 23974 58847 37 641 533
1702685651.25 23975 58852 86 641 629
1702685652.84 23976 58854 36 641 608
1702685659.51 23977 58860 94 641 631
1702685665.14 23978 58866 48 641 485
1702685670.72 23979 58871 97 641 618
1702685673.34 23980 58874 49 641 630
1702685680.11 23981 58881 17 641 622
1702685684.96 23982 58885 94 641 628
1702685685.54 23983 58886 43 641 570
1702685693.72 23984 58894 52 641 579
1702685694.67 23985 58895 38 641 592
1702685695.06 23986 58895 68 641 560
1702685706.54 23987 58907 7 641 624
1702685707.09 23988 58907 54 641 571
1702685715.22 23989 58915 58 641 623
1702685721.94 23990 58922 21 641 469
1702685727.75 23991 58927 94 641 613
1702685728.17 23992 58928 27 641 481
1702685728.63 23993 58928 64 641 521
1702685731.08 23994 58930 99 641 557
1702685735.69 23995 58935 51 641 536
1702685745.26 23996 58945 0 641 627
1702685752.87 23997 58952 52 641 622
1702685758.7 23998 58958 26 641 625
1702685761.58 23999 58961 5 641 621
1702685762.35 24000 58961 73 641 583
1702685769.26 24001 58968 56 641 633
1702685785.76 24002 58984 98 641 628
1702685787.19 24003 58986 31 641 622
1702685789.66 24004 58988 69 641 625
1702685790.94 24005 58989 88 641 614
1702685801.08 24006 58999 93 641 515
1702685812.68 24007 59011 45 640 476
1702685816.2 24008 59014 88 641 622
1702685828.81 24009 59027 41 641 506
1702685837.34 24010 59035 86 641 631
1702685838.6 24011 59037 3 641 610
1702685843.17 24012 59041 52 641 633
1702685844.89 24013 59043 14 641 615
1702685847.2 24014 59045 36 641 615
1702685858.7 24015 59056 78 641 619
1702685859.63 24016 59057 62 641 593
1702685861.75 24017 59059 64 641 623
1702685863.14 24018 59060 94 641 622
1702685863.43 24019 59061 13 641 552
1702685872.91 24020 59070 53 641 520
1702685877.91 24021 59075 45 641 590
1702685881.64 24022 59079 9 641 624
1702685889.75 24023 59087 11 641 618
1702685901.34 24024 59098 63 641 631
1702685904.65 24025 59101 85 641 631
1702685910.81 24026 59107 92 641 633
1702685921.08 24027 59118 11 641 619
1702685921.61 24028 59118 54 641 571
1702685930.51 24029 59127 36 641 544
1702685937.83 24030 59134 59 641 629
1702685938.62 24031 59135 29 641 585
1702685946.82 24032 59143 41 641 626
1702685954.06 24033 59150 56 641 619
1702685960.84 24034 59157 26 641 624
1702685967.16 24035 59163 49 641 622
1702685974.96 24036 59171 20 641 610
1702685982.65 24037 59178 81 641 627
1702685988.67 24038 59184 75 641 620
1702686002.63 24039 59198 62 641 634
1702686003.41 24040 59199 31 641 583
1702686033.29 24041 59229 13 641 621
1702686035.61 24042 59231 36 641 624
1702686041.07 24043 59236 74 641 454
1702686041.75 24044 59237 32 641 573
1702686042.52 24045 59238 0 641 583
1702686045.04 24046 59240 44 641 626
1702686051.59 24047 59246 90 641 614
1702686055.75 24048 59250 97 641 630
1702686061.0 24049 59256 13 641 624
1702686073.9 24050 59268 95 641 615
1702686075.3 24051 59270 25 641 607
1702686077.31 24052 59272 17 641 620
1702686078.59 24053 59273 36 641 614
1702686082.06 24054 59276 74 641 625
1702686085.52 24055 59280 11 641 590
1702686086.0 24056 59280 49 641 564
1702686092.75 24057 59287 15 641 622
1702686093.32 24058 59287 62 641 568
1702686093.82 24059 59288 3 641 568
1702686115.63 24060 59309 78 641 627
1702686117.47 24061 59311 52 641 627
1702686119.47 24062 59313 43 641 625
1702686122.32 24063 59316 19 641 601
1702686126.72 24064 59320 50 641 524
1702686130.37 24065 59324 6 641 539
1702686144.66 24066 59338 28 641 578
1702686171.13 24067 59364 69 641 616
1702686174.7 24068 59368 17 641 611
1702686175.15 24069 59368 52 641 478
1702686178.05 24070 59371 33 641 622
1702686185.3 24071 59378 50 641 630
1702686189.91 24072 59383 2 641 622
1702686191.14 24073 59384 16 641 609
1702686197.63 24074 59390 55 641 630
1702686201.31 24075 59394 14 641 622
1702686203.6 24076 59396 33 641 593
1702686211.08 24077 59403 72 641 620
1702686213.48 24078 59406 4 641 517
1702686222.04 24079 59414 52 641 617
1702686228.87 24080 59421 25 641 388
1702686229.24 24081 59421 54 641 557
1702686229.45 24082 59421 66 641 546
1702686232.5 24083 59424 61 641 580
1702686234.97 24084 59426 99 641 626
1702686235.45 24085 59427 37 641 496
1702686242.02 24086 59433 86 641 558
1702686252.34 24087 59444 9 641 626
1702686255.77 24088 59447 44 641 625
1702686261.78 24089 59453 36 641 631
1702686262.23 24090 59453 71 641 562
1702686265.67 24091 59457 6 641 637
1702686275.07 24092 59466 38 641 624
1702686275.17 24093 59466 38 640 534
1702686282.8 24094 59473 93 641 626
1702686284.15 24095 59475 19 641 584
1702686289.51 24096 59480 46 641 549
1702686290.23 24097 59481 9 641 536
1702686296.43 24098 59487 20 641 564
1702686308.75 24099 59499 44 641 630
1702686314.16 24100 59504 76 641 627
1702686325.57 24101 59516 8 641 626
1702686330.18 24102 59520 61 641 602
1702686339.38 24103 59529 72 641 612
1702686344.82 24104 59535 7 641 573
1702686345.78 24105 59535 94 641 593
1702686346.11 24106 59536 17 641 555
1702686352.91 24107 59542 89 641 616
1702686358.77 24108 59548 66 641 621
1702686366.39 24109 59556 19 641 584
1702686366.54 24110 59556 25 641 538
1702686376.51 24111 59566 13 641 626
1702686380.35 24112 59569 89 641 562
1702686386.69 24113 59576 14 641 617
1702686390.82 24114 59580 18 640 352
1702686396.53 24115 59585 80 641 622
1702686398.41 24116 59587 59 641 496
1702686399.46 24117 59588 55 641 601
1702686403.54 24118 59592 54 641 625
1702686412.52 24119 59601 43 641 629
1702686414.54 24120 59603 36 641 626
1702686416.64 24121 59605 37 641 633
1702686437.93 24122 59626 58 641 614
1702686440.18 24123 59628 75 641 513
1702686443.09 24124 59631 57 639 199
1702686444.08 24125 59632 47 641 596
1702686444.69 24126 59632 98 641 575
1702686449.65 24127 59637 86 641 596
1702686453.23 24128 59641 35 641 625
1702686467.2 24129 59655 24 641 624
1702686470.26 24130 59658 21 641 628
1702686473.64 24131 59661 50 641 617
1702686475.75 24132 59663 51 641 612
1702686477.34 24133 59665 1 641 508
1702686484.31 24134 59671 89 641 592
1702686534.75 24135 59722 29 641 632
1702686546.17 24136 59733 63 641 624
1702686555.03 24137 59742 40 641 631
1702686562.09 24138 59749 37 641 612
1702686564.96 24139 59752 15 641 622
1702686569.06 24140 59756 16 641 523
1702686581.21 24141 59768 22 641 628
1702686586.04 24142 59772 97 641 627
1702686590.96 24143 59777 80 641 621
1702686591.07 24144 59777 82 641 536
1702686594.56 24145 59781 22 641 617
1702686601.45 24146 59788 2 641 627
1702686619.61 24147 59806 10 640 391
1702686639.96 24148 59826 38 641 604
1702686646.19 24149 59832 52 641 628
1702686646.72 24150 59832 96 641 571
1702686658.63 24151 59844 79 641 617
1702686662.77 24152 59848 83 641 626
1702686669.45 24153 59855 43 641 626
1702686671.49 24154 59857 38 641 618
1702686679.1 24155 59864 91 641 623
1702686695.39 24156 59881 12 641 620
1702686695.71 24157 59881 35 641 555
1702686710.01 24158 59895 57 641 614
1702686716.79 24159 59902 27 641 621
1702686719.56 24160 59904 94 641 632
1702686723.74 24161 59909 4 640 463
1702686725.4 24162 59910 61 641 635
1702686735.17 24163 59920 29 641 609
1702686740.61 24164 59925 64 641 610
1702686749.83 24165 59934 77 641 614
1702686750.02 24166 59934 87 641 544
1702686759.79 24167 59944 55 641 623
1702686760.83 24168 59945 50 641 600
1702686762.03 24169 59946 61 641 473
1702686769.18 24170 59953 67 641 580
1702686778.76 24171 59963 16 641 628
1702686780.34 24172 59964 65 641 632
1702686789.23 24173 59973 45 641 624
1702686791.29 24174 59975 42 641 628
1702686796.49 24175 59980 53 641 550
1702686799.55 24176 59983 50 641 571
1702686800.21 24177 59984 7 641 575
1702686805.46 24178 59989 24 641 618
1702686817.8 24179 60001 50 641 628
1702686820.97 24180 60004 58 641 623
1702686826.34 24181 60009 87 641 586
1702686826.59 24182 60010 2 641 490
1702686836.52 24183 60019 87 641 583
1702686837.3 24184 60020 56 641 583
1702686839.93 24185 60023 9 641 622
1702686840.23 24186 60023 30 641 551
1702686845.7 24187 60028 68 641 556
1702686846.33 24188 60029 21 641 571
1702686850.76 24189 60033 56 641 631
1702686860.11 24190 60042 82 641 602
1702686860.78 24191 60043 40 641 579
1702686861.09 24192 60043 61 641 553
1702686870.4 24193 60052 84 641 625
1702686891.82 24194 60074 18 641 625
1702686892.18 24195 60074 45 641 557
1702686894.03 24196 60076 20 641 627
1702686904.39 24197 60086 48 641 616
1702686908.51 24198 60090 51 641 621
1702686914.6 24199 60096 51 641 630
1702686916.99 24200 60098 82 641 629
1702686918.73 24201 60100 46 641 613
1702686923.22 24202 60104 87 641 627
1702686923.41 24203 60104 96 641 543
1702686925.76 24204 60107 22 641 622
1702686929.07 24205 60110 44 641 627
1702686934.11 24206 60115 39 641 628
1702686938.64 24207 60119 83 641 624
1702686940.31 24208 60121 40 641 622
1702686941.42 24209 60122 41 641 604
1702686943.31 24210 60124 21 641 626
1702686943.45 24211 60124 26 641 537
1702686947.42 24212 60128 14 641 620
1702686953.39 24213 60134 4 641 624
1702686955.91 24214 60136 47 641 616
1702686961.66 24215 60142 13 641 611
1702686961.81 24216 60142 18 641 538
1702686965.76 24217 60146 4 641 612
1702686971.65 24218 60151 85 641 628
1702686974.53 24219 60154 64 641 622
1702686979.47 24220 60159 50 641 552
1702686982.57 24221 60162 50 641 623
1702686983.6 24222 60163 44 641 602
1702686984.13 24223 60163 87 641 570
1702686986.73 24224 60166 38 641 522
1702686988.16 24225 60167 71 641 625
1702686991.58 24226 60171 5 641 515
1702687000.35 24227 60179 74 641 624
1702687006.83 24228 60186 13 641 590
1702687018.1 24229 60197 32 641 617
1702687026.52 24230 60205 65 641 626
1702687030.79 24231 60209 83 641 609
1702687039.56 24232 60218 52 641 629
1702687043.0 24233 60221 87 641 622
1702687057.34 24234 60236 13 641 632
1702687066.38 24235 60245 9 641 627
1702687070.47 24236 60249 9 641 573
1702687073.9 24237 60252 44 641 627
1702687074.0 24238 60252 44 640 536
1702687078.97 24239 60257 33 641 494
1702687082.51 24240 60260 78 641 627
1702687091.1 24241 60269 29 641 619
1702687091.73 24242 60269 82 641 574
1702687102.0 24243 60280 1 641 604
1702687103.05 24244 60280 97 641 600
1702687104.89 24245 60282 72 641 623
1702687107.28 24246 60285 2 641 550
1702687113.53 24247 60291 18 641 562
1702687116.51 24248 60294 8 641 628
1702687129.0 24249 60306 49 641 627
1702687143.63 24250 60321 5 641 613
1702687149.08 24251 60326 41 641 626
1702687150.51 24252 60327 74 641 623
1702687158.06 24253 60335 20 641 584
1702687158.66 24254 60335 70 641 569
1702687168.17 24255 60345 13 641 600
1702687173.1 24256 60349 97 641 532
1702687176.79 24257 60353 57 641 594
1702687184.96 24258 60361 65 641 631
1702687192.81 24259 60369 42 641 500
1702687212.17 24260 60388 71 641 627
1702687212.27 24261 60388 71 640 532
1702687215.35 24262 60391 71 641 635
1702687215.89 24263 60392 16 641 504
1702687229.08 24264 60405 26 641 626
1702687235.52 24265 60411 62 641 628
1702687237.64 24266 60413 65 641 631
1702687238.9 24267 60414 81 641 613
1702687241.78 24268 60417 60 641 614
1702687245.5 24269 60421 23 641 625
1702687247.81 24270 60423 45 641 625
1702687252.06 24271 60427 60 641 629
1702687260.57 24272 60436 3 641 540
1702687261.01 24273 60436 37 641 561
1702687261.41 24274 60436 68 641 560
1702687262.61 24275 60437 79 641 614
1702687263.3 24276 60438 38 641 578
1702687270.43 24277 60445 42 641 632
1702687280.51 24278 60455 42 641 628
1702687284.96 24279 60459 77 641 626
1702687290.54 24280 60465 26 641 544
1702687297.0 24281 60471 63 641 632
1702687298.08 24282 60472 63 641 563
1702687302.33 24283 60476 78 641 597
1702687308.07 24284 60482 44 641 618
1702687312.67 24285 60486 95 641 538
1702687322.28 24286 60496 48 641 624
1702687323.6 24287 60497 70 641 615
1702687338.97 24288 60512 99 641 616
1702687340.11 24289 60514 5 641 605
1702687344.58 24290 60518 43 641 605
1702687346.52 24291 60520 28 641 624
1702687356.82 24292 60530 49 641 473
1702687366.36 24293 60539 95 641 628
1702687367.23 24294 60540 72 641 591
1702687368.21 24295 60541 61 641 598
1702687387.05 24296 60560 38 641 630
1702687394.79 24297 60568 3 641 626
1702687396.7 24298 60569 85 641 628
1702687400.09 24299 60573 15 641 631
1702687417.81 24300 60590 80 641 594
1702687420.55 24301 60593 45 641 627
1702687421.42 24302 60594 23 641 590
1702687423.84 24303 60596 56 641 625
1702687429.08 24304 60601 71 641 625
1702687435.65 24305 60608 19 641 628
1702687447.44 24306 60619 90 641 626
1702687447.73 24307 60620 10 641 554
1702687450.05 24308 60622 32 641 617
1702687451.33 24309 60623 51 641 615
1702687455.7 24310 60627 79 641 625
1702687475.37 24311 60647 38 641 615
1702687479.47 24312 60651 39 641 628
1702687482.87 24313 60654 70 641 515
1702687487.83 24314 60659 57 641 614
1702687494.34 24315 60666 0 641 625
1702687502.56 24316 60674 14 641 620
1702687504.83 24317 60676 32 641 562
1702687505.24 24318 60676 64 641 560
1702687507.6 24319 60678 91 641 617
1702687523.7 24320 60694 93 641 627
1702687525.44 24321 60696 58 641 625
1702687530.45 24322 60701 49 641 629
1702687540.56 24323 60711 53 641 603
1702687545.16 24324 60716 4 641 565
1702687548.75 24325 60719 54 641 622
1702687553.37 24326 60724 7 641 616
1702687556.12 24327 60726 73 641 625
1702687558.54 24328 60729 6 641 529
1702687577.89 24329 60748 34 641 624
1702687580.24 24330 60750 60 641 627
1702687581.65 24331 60751 92 641 567
1702687583.0 24332 60753 17 641 618
1702687598.47 24333 60768 57 641 631
1702687600.12 24334 60770 13 641 589
1702687613.68 24335 60783 61 641 628
1702687615.14 24336 60784 98 641 627
1702687616.11 24337 60785 85 641 597
1702687620.7 24338 60790 36 641 628
1702687621.81 24339 60791 37 641 604
1702687624.14 24340 60793 61 641 622
1702687624.24 24341 60793 61 640 532
1702687634.89 24342 60804 18 641 612
1702687641.73 24343 60810 94 641 627
1702687644.85 24344 60813 97 641 581
1702687651.55 24345 60820 58 641 622
1702687655.95 24346 60824 88 641 558
1702687673.2 24347 60842 8 641 608
1702687691.19 24348 60860 0 641 624
1702687699.39 24349 60868 12 641 585
1702687706.45 24350 60875 9 641 625
1702687708.89 24351 60877 44 641 621
1702687714.6 24352 60883 6 641 617
1702687716.01 24353 60884 38 641 624
1702687721.1 24354 60889 38 641 621
1702687725.24 24355 60893 43 641 632
1702687730.12 24356 60898 21 641 630
1702687730.56 24357 60898 56 641 562
1702687730.66 24358 60898 56 640 529
1702687736.86 24359 60904 69 641 627
1702687753.61 24360 60921 36 641 627
1702687756.18 24361 60923 84 641 613
1702687774.17 24362 60941 75 641 523
1702687803.56 24363 60971 7 641 619
1702687807.42 24364 60974 84 641 631
1702687814.6 24365 60981 93 641 626
1702687818.66 24366 60985 90 641 629
1702687819.01 24367 60986 16 641 556
1702687835.75 24368 61002 82 641 621
1702687835.85 24369 61002 82 640 530
1702687837.29 24370 61004 18 641 590
1702687842.75 24371 61009 55 641 597
1702687850.51 24372 61017 22 641 618
1702687861.92 24373 61028 54 641 620
1702687864.77 24374 61031 31 641 628
1702687871.48 24375 61037 94 641 623
1702687872.9 24376 61039 26 641 624
1702687879.97 24377 61046 24 641 624
1702687887.13 24378 61053 32 641 622
1702687893.27 24379 61059 37 641 628
1702687893.63 24380 61059 64 641 558
1702687911.0 24381 61076 94 641 631
1702687915.9 24382 61081 75 641 623
1702687919.03 24383 61084 79 641 577
1702687927.12 24384 61092 80 641 629
1702687936.12 24385 61101 71 641 623
1702687938.97 24386 61104 47 641 621
1702687940.44 24387 61105 85 641 624
1702687950.82 24388 61116 15 641 588
1702687962.35 24389 61127 59 641 631
1702687976.19 24390 61141 35 641 627
1702687981.07 24391 61146 14 641 547
1702687988.99 24392 61153 97 641 615
1702687992.85 24393 61157 76 641 579
1702688012.93 24394 61177 76 641 565
1702688021.98 24395 61186 73 641 627
1702688022.27 24396 61186 93 641 549
1702688025.21 24397 61189 77 641 607
1702688028.43 24398 61192 90 641 626
1702688036.52 24399 61200 91 641 618
1702688040.56 24400 61204 85 641 632
1702688041.17 24401 61205 36 641 571
1702688041.32 24402 61205 42 641 544
1702688051.17 24403 61215 19 641 623
1702688051.28 24404 61215 20 641 537
1702688051.38 24405 61215 20 640 534
1702688052.88 24406 61216 62 641 616
1702688053.79 24407 61217 44 641 512
1702688074.24 24408 61237 81 641 526
1702688078.34 24409 61241 83 641 624
1702688091.73 24410 61255 14 641 618
1702688103.24 24411 61266 57 641 581
1702688106.25 24412 61269 49 641 627
1702688125.57 24413 61288 74 641 626
1702688127.45 24414 61290 53 641 624
