1701561614.69 32955 65059 88 641 607
1701561619.09 32956 65064 19 641 490
1701561620.53 32957 65065 54 641 628
1701561634.56 32958 65079 49 641 617
1701561634.66 32959 65079 49 640 535
1701561644.79 32960 65089 55 641 614
1701561648.89 32961 65093 55 641 634
1701561649.35 32962 65093 92 641 564
1701561662.54 32963 65107 3 641 604
1701561668.68 32964 65113 9 641 507
1701561687.55 32965 65131 88 641 624
1701561688.37 32966 65132 61 641 588
1701561688.8 32967 65132 95 641 563
1701561693.97 32968 65138 3 641 622
1701561701.06 32969 65145 4 641 593
1701561714.0 32970 65157 90 641 625
1701561721.67 32971 65165 48 641 585
1701561732.74 32972 65176 47 641 613
1701561734.45 32973 65178 8 641 624
1701561745.06 32974 65188 61 641 622
1701561749.17 32975 65192 63 641 594
1701561750.81 32976 65194 17 641 525
1701561763.08 32977 65206 36 641 491
1701561765.85 32978 65209 4 641 618
1701561766.88 32979 65209 98 641 604
1701561768.22 32980 65211 23 641 571
1701561773.18 32981 65216 11 641 593
1701561773.83 32982 65216 66 641 579
1701561785.81 32983 65228 55 641 482
1701561788.06 32984 65230 71 641 459
1701561794.26 32985 65236 82 641 518
1701561799.53 32986 65242 0 641 532
1701561807.88 32987 65250 26 641 598
1701561829.08 32988 65271 39 641 599
1701561843.76 32989 65285 99 641 497
1701561844.73 32990 65286 87 641 600
1701561846.34 32991 65288 39 641 632
1701561849.25 32992 65291 20 641 625
1701561849.72 32993 65291 58 641 567
1701561855.48 32994 65297 25 641 584
1701561856.36 32995 65298 4 641 595
1701561859.26 32996 65300 86 641 614
1701561861.51 32997 65303 2 641 629
1701561863.03 32998 65304 45 641 606
1701561880.19 32999 65321 53 641 630
1701561891.83 33000 65333 9 641 624
1701561897.04 33001 65338 22 641 629
1701561901.61 33002 65342 69 641 599
1701561904.2 33003 65345 19 641 626
1701561917.65 33004 65358 56 641 628
1701561920.1 33005 65360 93 641 633
1701561929.76 33006 65370 50 641 626
1701561932.26 33007 65372 91 641 630
1701561945.95 33008 65386 52 641 532
1701561946.62 33009 65387 10 641 579
1701561947.33 33010 65387 71 641 585
1701561953.03 33011 65393 32 641 626
1701561954.73 33012 65394 92 641 504
1701561963.04 33013 65403 15 641 489
1701561966.71 33014 65406 74 641 631
1701561975.93 33015 65415 88 641 611
1701561978.38 33016 65418 24 641 629
1701561981.8 33017 65421 56 641 614
1701561981.94 33018 65421 61 641 416
1701561982.84 33019 65422 41 641 600
1701561984.14 33020 65423 62 641 624
1701561984.29 33021 65423 67 641 540
1701561988.14 33022 65427 43 641 620
1701561993.76 33023 65432 97 641 578
1701562002.69 33024 65441 82 641 621
1701562018.55 33025 65457 60 641 628
1701562024.2 33026 65463 15 641 622
1701562029.18 33027 65468 5 641 609
1701562031.0 33028 65469 78 641 596
1701562032.55 33029 65471 23 641 636
1701562038.05 33030 65476 65 641 457
1701562042.66 33031 65481 17 641 579
1701562044.41 33032 65482 82 641 616
1701562046.15 33033 65484 47 641 630
1701562046.56 33034 65484 79 641 560
1701562047.25 33035 65485 38 641 399
1701562049.06 33036 65487 11 641 606
1701562055.7 33037 65493 66 641 481
1701562066.02 33038 65503 90 641 628
1701562068.43 33039 65506 21 641 627
1701562070.07 33040 65507 76 641 611
1701562071.02 33041 65508 61 641 600
1701562075.43 33042 65512 92 641 542
1701562076.92 33043 65514 32 641 633
1701562080.76 33044 65518 7 641 475
1701562083.49 33045 65520 72 641 578
1701562086.72 33046 65523 86 641 572
1701562094.2 33047 65531 25 641 545
1701562103.8 33048 4 77 641 605
1701562117.84 33049 18 75 641 558
1701562121.74 33050 22 57 641 627
1701562129.15 33051 29 91 641 620
1701562130.83 33052 31 51 641 527
1701562132.43 33053 33 3 641 594
1701562142.19 33054 42 72 641 615
1701562142.76 33055 43 20 641 577
1701562144.69 33056 45 6 641 624
1701562146.96 33057 47 25 641 619
1701562151.56 33058 51 78 641 629
1701562159.22 33059 59 36 641 626
1701562159.31 33060 59 36 640 536
1701562159.46 33061 59 44 641 544
1701562169.64 33062 69 55 641 620
1701562172.4 33063 72 23 641 629
1701562178.01 33064 77 76 641 627
1701562180.12 33065 79 79 641 628
1701562180.22 33066 79 81 641 538
1701562180.31 33067 79 81 640 534
1701562180.78 33068 80 21 641 571
1701562184.39 33069 83 74 641 471
1701562185.13 33070 84 40 641 587
1701562185.6 33071 84 79 641 571
1701562196.44 33072 95 56 641 624
1701562212.97 33073 112 3 641 621
1701562213.8 33074 112 78 641 591
1701562222.83 33075 121 74 641 630
1701562233.22 33076 132 5 641 622
1701562242.07 33077 140 82 641 600
1701562245.34 33078 144 2 641 628
1701562252.67 33079 151 27 641 622
1701562254.38 33080 152 89 641 614
1701562256.63 33081 155 6 641 631
1701562258.53 33082 156 88 641 602
1701562291.33 33083 189 63 641 600
1701562293.1 33084 191 32 641 630
1701562307.98 33085 206 13 641 599
1701562316.41 33086 214 48 641 626
1701562318.07 33087 216 6 641 629
1701562323.0 33088 220 90 641 634
1701562331.29 33089 229 12 641 623
1701562334.8 33090 232 55 641 627
1701562339.38 33091 237 4 641 625
1701562341.24 33092 238 82 641 510
1701562341.95 33093 239 45 641 583
1701562342.29 33094 239 71 641 558
1701562345.39 33095 242 72 641 620
1701562361.31 33096 258 58 641 536
1701562362.86 33097 260 4 641 613
1701562373.87 33098 270 98 641 569
1701562376.39 33099 273 42 641 628
1701562381.35 33100 278 30 641 629
1701562382.88 33101 279 74 641 614
1701562385.94 33102 282 72 641 608
1701562386.32 33103 283 2 641 559
1701562389.01 33104 285 63 641 630
1701562394.08 33105 290 61 641 631
1701562405.63 33106 302 10 641 625
1701562411.26 33107 307 65 641 604
1701562414.41 33108 310 72 641 538
1701562414.87 33109 311 10 641 565
1701562420.43 33110 316 58 641 626
1701562420.91 33111 316 97 641 571
1701562428.98 33112 324 96 641 633
1701562431.45 33113 327 35 641 627
1701562440.95 33114 336 78 641 630
1701562441.73 33115 337 47 641 588
1701562447.15 33116 342 81 641 629
1701562453.7 33117 349 28 641 620
1701562461.43 33118 356 93 641 626
1701562462.43 33119 357 85 641 604
1701562464.72 33120 360 6 641 623
1701562466.1 33121 361 36 641 627
1701562467.87 33122 363 5 641 615
1701562470.74 33123 365 84 641 622
1701562471.67 33124 366 68 641 514
1701562472.68 33125 367 60 641 606
1701562473.28 33126 368 12 641 576
1701562474.55 33127 369 31 641 624
1701562480.27 33128 374 95 641 623
1701562483.38 33129 377 98 641 628
1701562484.2 33130 378 72 641 590
1701562487.41 33131 381 84 641 625
1701562503.98 33132 398 34 641 604
1701562507.27 33133 401 55 641 622
1701562509.22 33134 403 41 641 568
1701562509.75 33135 403 86 641 573
1701562512.4 33136 406 43 641 619
1701562512.58 33137 406 52 641 547
1701562518.88 33138 412 73 641 629
1701562519.1 33139 412 87 641 547
1701562531.65 33140 425 35 641 624
1701562532.17 33141 425 78 641 573
1701562536.33 33142 429 86 641 627
1701562539.57 33143 433 2 641 618
1701562539.76 33144 433 13 641 547
1701562542.28 33145 435 57 641 492
1701562552.98 33146 446 19 641 583
1701562563.74 33147 456 88 641 618
1701562573.84 33148 466 90 641 628
1701562574.02 33149 467 0 641 545
1701562574.63 33150 467 53 641 578
1701562577.2 33151 470 1 641 618
1701562591.67 33152 484 42 641 528
1701562609.15 33153 501 83 641 520
1701562624.5 33154 517 12 641 628
1701562629.78 33155 522 31 641 631
1701562630.35 33156 522 80 641 575
1701562640.68 33157 533 5 641 629
1701562646.85 33158 539 15 641 625
1701562655.96 33159 548 18 641 620
1701562661.87 33160 554 1 641 624
1701562663.81 33161 555 86 641 607
1701562665.28 33162 557 24 641 520
1701562665.57 33163 557 45 641 556
1701562668.3 33164 560 9 641 630
1701562669.3 33165 561 1 641 602
1701562670.18 33166 561 80 641 595
1701562670.33 33167 561 87 641 543
1701562671.41 33168 562 86 641 515
1701562672.89 33169 564 25 641 608
1701562677.45 33170 568 73 641 622
1701562689.4 33171 580 60 641 577
1701562690.1 33172 581 21 641 583
1701562690.95 33173 581 99 641 592
1701562695.26 33174 586 22 641 621
1701562700.02 33175 590 90 641 628
1701562700.69 33176 591 48 641 582
1701562700.78 33177 591 49 641 538
1701562704.07 33178 594 69 641 598
1701562708.42 33179 598 96 641 590
1701562711.69 33180 602 15 641 625
1701562718.79 33181 609 17 641 623
1701562723.04 33182 613 33 641 619
1701562736.75 33183 626 98 641 632
1701562742.35 33184 632 49 641 625
1701562743.48 33185 633 54 641 611
1701562745.54 33186 635 52 641 617
1701562757.79 33187 647 69 641 623
1701562759.64 33188 649 46 641 632
1701562767.35 33189 657 9 641 624
1701562774.67 33190 664 33 641 538
1701562780.53 33191 670 12 641 622
1701562780.68 33192 670 18 641 543
1701562784.47 33193 673 89 641 628
1701562789.67 33194 679 1 641 589
1701562790.05 33195 679 31 641 558
1701562793.06 33196 682 23 641 611
1701562804.18 33197 693 27 641 631
1701562809.25 33198 698 27 641 596
1701562809.95 33199 698 89 641 585
1701562811.4 33200 700 25 641 579
1701562815.73 33201 704 50 641 575
1701562816.22 33202 704 90 641 567
1701562830.91 33203 719 52 641 606
1701562834.45 33204 722 97 641 593
1701562843.6 33205 732 5 641 623
1701562843.74 33206 732 11 641 540
1701562850.96 33207 739 25 641 628
1701562853.6 33208 741 81 641 625
1701562859.89 33209 748 2 641 627
1701562876.07 33210 764 13 641 625
1701562877.12 33211 765 10 641 606
1701562880.82 33212 768 71 641 608
1701562882.99 33213 770 79 641 631
1701562887.75 33214 775 47 641 626
1701562892.03 33215 779 67 641 624
1701562900.49 33216 788 5 641 627
1701562906.13 33217 793 61 641 623
1701562907.12 33218 794 51 641 600
1701562907.59 33219 794 91 641 567
1701562929.81 33220 817 7 641 627
1701562931.83 33221 819 0 641 627
1701562938.59 33222 825 69 641 634
1701562944.17 33223 831 19 641 625
1701562944.9 33224 831 84 641 584
1701562955.33 33225 842 19 641 622
1701562960.92 33226 847 70 641 630
1701562963.91 33227 850 61 641 625
1701562970.88 33228 857 50 641 624
1701562981.67 33229 868 22 641 568
1701562991.56 33230 878 4 641 622
1701562994.87 33231 881 27 641 624
1701563001.3 33232 887 62 641 605
1701563004.58 33233 890 82 641 632
1701563004.75 33234 890 90 641 544
1701563008.53 33235 894 60 641 630
1701563014.62 33236 900 62 641 628
1701563019.02 33237 904 93 641 623
1701563022.53 33238 908 35 641 628
1701563026.13 33239 911 87 641 631
1701563032.04 33240 917 70 641 604
1701563036.5 33241 922 8 641 614
1701563042.08 33242 927 58 641 629
1701563086.12 33243 971 58 641 624
1701563087.63 33244 973 1 641 568
1701563092.06 33245 977 37 641 620
1701563097.31 33246 982 53 641 608
1701563104.23 33247 989 37 641 631
1701563112.92 33248 997 99 641 618
1701563121.3 33249 1006 28 641 625
1701563122.73 33250 1007 63 641 630
1701563123.18 33251 1007 98 641 565
1701563126.47 33252 1011 19 641 625
1701563130.91 33253 1015 55 641 625
1701563138.66 33254 1023 21 641 632
1701563142.0 33255 1026 47 641 630
1701563143.86 33256 1028 24 641 625
1701563150.66 33257 1034 95 641 630
1701563150.75 33258 1034 95 640 534
1701563153.04 33259 1037 16 641 523
1701563164.14 33260 1048 18 641 626
1701563164.85 33261 1048 80 641 583
1701563167.44 33262 1051 30 641 626
1701563192.51 33263 1076 31 641 628
1701563193.49 33264 1077 20 641 567
1701563209.89 33265 1093 53 641 614
1701563216.5 33266 1100 6 641 627
1701563226.21 33267 1109 69 641 541
1701563230.47 33268 1113 86 641 626
1701563234.75 33269 1118 6 641 632
1701563237.37 33270 1120 59 641 625
1701563241.56 33271 1124 70 641 627
1701563257.36 33272 1140 43 641 607
1701563271.32 33273 1154 32 641 631
1701563273.59 33274 1156 50 641 627
1701563276.92 33275 1159 74 641 620
1701563278.62 33276 1161 36 641 622
1701563297.28 33277 1179 95 641 596
1701563299.34 33278 1181 92 641 620
1701563302.67 33279 1185 16 641 627
1701563316.06 33280 1198 48 641 622
1701563325.13 33281 1207 47 641 627
1701563327.61 33282 1209 87 641 617
1701563329.42 33283 1211 58 641 620
1701563338.33 33284 1220 41 641 622
1701563344.82 33285 1226 82 641 624
1701563345.85 33286 1227 76 641 547
1701563349.76 33287 1231 58 641 628
1701563361.3 33288 1243 4 641 620
1701563371.14 33289 1252 80 641 623
1701563378.37 33290 1259 95 641 592
1701563379.65 33291 1261 14 641 623
1701563386.73 33292 1268 14 641 624
1701563396.53 33293 1277 86 641 631
1701563398.7 33294 1279 94 641 626
1701563399.92 33295 1281 7 641 616
1701563403.55 33296 1284 62 641 604
1701563423.92 33297 1304 92 641 609
1701563427.13 33298 1308 5 641 594
1701563427.88 33299 1308 71 641 583
1701563436.3 33300 1317 6 641 623
1701563441.78 33301 1322 45 641 595
1701563449.61 33302 1330 21 641 566
1701563449.92 33303 1330 42 641 552
1701563453.87 33304 1334 29 641 595
1701563460.8 33305 1341 13 641 627
1701563462.81 33306 1343 5 641 509
1701563464.84 33307 1344 99 641 632
1701563478.44 33308 1358 52 641 626
1701563500.38 33309 1380 39 641 626
1701563508.69 33310 1388 62 641 628
1701563515.11 33311 1394 96 641 620
1701563519.3 33312 1399 7 641 598
1701563519.49 33313 1399 17 641 545
1701563520.6 33314 1400 19 641 613
1701563527.51 33315 1407 2 641 626
1701563532.52 33316 1411 95 641 622
1701563536.96 33317 1416 30 641 604
1701563538.73 33318 1417 99 641 608
1701563548.4 33319 1427 58 641 624
1701563554.1 33320 1433 20 641 628
1701563566.03 33321 1445 6 641 631
1701563576.89 33322 1455 84 641 625
1701563578.13 33323 1456 98 641 615
1701563579.31 33324 1458 8 641 615
1701563582.9 33325 1461 59 641 628
1701563587.69 33326 1466 29 641 623
1701563588.63 33327 1467 14 641 601
1701563591.2 33328 1469 62 641 627
1701563608.25 33329 1486 61 641 632
1701563623.98 33330 1502 27 641 622
1701563624.26 33331 1502 45 641 552
1701563625.75 33332 1503 86 641 637
1701563641.3 33333 1519 34 641 622
1701563645.0 33334 1522 95 641 612
1701563648.33 33335 1526 19 641 595
1701563650.96 33336 1528 73 641 598
1701563651.31 33337 1528 99 641 560
1701563670.97 33338 1548 58 641 633
1701563675.89 33339 1553 41 641 595
1701563676.32 33340 1553 74 641 564
1701563684.54 33341 1561 90 641 633
1701563695.33 33342 1572 61 641 629
1701563712.97 33343 1590 18 641 630
1701563715.68 33344 1592 79 641 625
1701563718.33 33345 1595 36 641 592
1701563720.25 33346 1597 19 641 576
1701563725.41 33347 1602 27 639 211
1701563727.56 33348 1604 33 641 623
1701563729.27 33349 1605 96 641 629
1701563733.56 33350 1610 17 641 625
1701563740.5 33351 1617 2 641 625
1701563741.1 33352 1617 53 641 575
1701563745.46 33353 1621 81 641 625
1701563750.58 33354 1626 84 641 626
1701563750.67 33355 1626 84 640 530
1701563756.6 33356 1632 69 641 518
1701563758.52 33357 1634 53 641 623
1701563768.68 33358 1644 61 641 635
1701563769.83 33359 1645 68 641 612
1701563779.52 33360 1655 29 641 623
1701563784.66 33361 1660 34 641 627
1701563786.72 33362 1662 31 641 581
1701563793.99 33363 1669 50 641 589
1701563796.31 33364 1671 73 640 351
1701563803.31 33365 1678 65 641 634
1701563809.46 33366 1684 71 641 624
1701563812.42 33367 1687 58 641 486
1701563831.55 33368 1706 64 641 622
1701563844.91 33369 1719 93 641 603
1701563846.82 33370 1721 75 641 620
1701563847.32 33371 1722 17 641 569
1701563879.46 33372 1754 25 641 421
1701563890.22 33373 1764 93 641 381
1701563892.33 33374 1766 95 641 633
1701563895.58 33375 1770 11 641 634
1701563896.37 33376 1770 82 641 588
1701563899.66 33377 1774 2 641 629
1701563902.65 33378 1776 93 641 632
1701563921.74 33379 1795 95 641 619
1701563925.7 33380 1799 82 641 595
1701563926.91 33381 1800 94 641 556
1701563927.53 33382 1801 47 641 580
1701563929.73 33383 1803 58 641 632
1701563929.82 33384 1803 58 640 536
1701563930.2 33385 1803 88 641 564
1701563931.36 33386 1804 94 641 620
1701563934.37 33387 1807 87 641 604
1701563936.76 33388 1810 16 641 622
1701563943.52 33389 1816 86 641 622
1701563943.7 33390 1816 95 641 545
1701563946.19 33391 1819 34 641 623
1701563946.53 33392 1819 60 641 560
1701563948.0 33393 1820 98 641 633
1701563958.13 33394 1831 3 641 605
1701563961.86 33395 1834 68 641 619
1701563965.95 33396 1838 68 641 628
1701563968.71 33397 1841 35 641 620
1701563975.42 33398 1847 97 641 544
1701563980.07 33399 1852 53 641 631
1701563988.97 33400 1861 35 641 633
1701563992.37 33401 1864 67 641 520
1701563996.5 33402 1868 72 641 630
1701563997.31 33403 1869 44 641 588
1701564000.74 33404 1872 77 641 521
1701564005.04 33405 1877 0 641 619
1701564008.89 33406 1880 77 641 572
1701564013.2 33407 1884 99 641 626
1701564015.29 33408 1887 0 641 572
1701564021.07 33409 1892 70 641 611
1701564022.45 33410 1893 99 641 589
1701564022.87 33411 1894 32 641 563
1701564035.39 33412 1906 76 641 621
1701564042.61 33413 1913 90 641 611
1701564049.57 33414 1920 77 641 592
1701564057.89 33415 1929 1 641 590
1701564058.32 33416 1929 35 641 565
1701564059.83 33417 1930 77 641 610
1701564061.16 33418 1932 2 641 625
1701564065.9 33419 1936 68 641 577
1701564079.66 33420 1950 36 641 517
1701564081.23 33421 1951 85 641 546
1701564092.28 33422 1962 81 641 621
1701564093.86 33423 1964 30 641 630
1701564098.93 33424 1969 29 641 628
1701564099.02 33425 1969 29 640 533
1701564104.27 33426 1974 46 641 570
1701564109.69 33427 1979 80 641 596
1701564112.8 33428 1982 83 641 608
1701564114.86 33429 1984 80 641 632
1701564124.65 33430 1994 51 641 544
1701564132.4 33431 2002 17 641 628
1701564139.15 33432 2008 84 641 625
1701564143.33 33433 2012 93 641 622
1701564144.01 33434 2013 51 641 584
1701564145.55 33435 2014 97 641 610
1701564153.15 33436 2022 49 641 622
1701564155.98 33437 2025 22 641 598
1701564158.3 33438 2027 45 641 577
1701564158.67 33439 2027 73 641 559
1701564170.57 33440 2039 56 641 593
1701564181.9 33441 2050 81 641 620
1701564183.94 33442 2052 76 641 619
1701564185.45 33443 2054 18 641 624
1701564190.46 33444 2059 10 641 619
1701564193.51 33445 2062 7 641 625
1701564194.19 33446 2062 66 641 583
1701564206.3 33447 2074 69 641 543
1701564211.31 33448 2079 61 641 627
1701564216.58 33449 2084 81 641 619
1701564221.85 33450 2089 99 641 631
1701564223.73 33451 2091 78 641 623
1701564224.02 33452 2091 99 641 554
1701564225.22 33453 2093 10 641 513
1701564233.71 33454 2101 51 641 485
1701564238.34 33455 2106 6 641 578
1701564241.67 33456 2109 30 641 622
1701564241.76 33457 2109 30 640 532
1701564253.98 33458 2121 45 641 629
1701564257.54 33459 2124 92 641 572
1701564265.1 33460 2132 40 641 631
1701564267.38 33461 2134 59 641 630
1701564271.85 33462 2138 98 641 625
1701564274.71 33463 2141 76 641 609
1701564279.56 33464 2146 53 641 548
1701564284.57 33465 2151 45 641 463
1701564285.83 33466 2152 62 641 620
1701564287.47 33467 2154 17 641 609
1701564289.1 33468 2155 71 641 628
1701564290.39 33469 2156 91 641 621
1701564296.92 33470 2163 36 641 598
1701564298.78 33471 2165 14 641 632
1701564308.77 33472 2175 5 641 632
1701564311.93 33473 2178 13 641 628
1701564315.2 33474 2181 32 641 595
1701564316.12 33475 2182 14 641 596
1701564322.57 33476 2188 51 641 632
1701564324.75 33477 2190 60 641 619
1701564327.1 33478 2192 86 641 629
1701564336.82 33479 2202 50 641 625
1701564339.23 33480 2204 82 641 553
1701564339.39 33481 2204 90 641 542
1701564346.96 33482 2212 39 641 632
1701564348.68 33483 2214 2 641 620
1701564348.79 33484 2214 5 641 538
1701564353.01 33485 2218 19 641 607
1701564354.61 33486 2219 69 641 629
1701564355.04 33487 2220 4 641 504
1701564364.72 33488 2229 64 641 554
1701564366.17 33489 2231 0 641 632
1701564373.46 33490 2238 21 641 609
1701564378.81 33491 2243 47 641 509
1701564383.68 33492 2248 26 641 630
1701564392.88 33493 2257 38 641 623
1701564394.83 33494 2259 24 641 605
1701564404.81 33495 2269 14 641 628
1701564410.09 33496 2274 33 641 583
1701564411.97 33497 2276 12 641 585
1701564415.56 33498 2279 63 641 627
1701564418.43 33499 2282 42 641 627
1701564425.46 33500 2289 37 641 597
1701564450.64 33501 2314 48 641 632
1701564453.94 33502 2317 69 641 595
1701564460.63 33503 2324 30 641 630
1701564466.95 33504 2330 54 641 623
1701564468.38 33505 2331 87 641 542
1701564468.53 33506 2331 93 641 542
1701564472.59 33507 2335 91 641 610
1701564479.1 33508 2342 34 641 571
1701564479.2 33509 2342 34 640 532
1701564479.55 33510 2342 61 641 563
1701564483.76 33511 2346 73 641 563
1701564486.91 33512 2349 80 641 527
1701564487.04 33513 2349 84 641 484
1701564493.17 33514 2355 88 641 611
1701564493.3 33515 2355 91 641 539
1701564496.45 33516 2358 98 641 630
1701564503.76 33517 2366 20 641 622
1701564511.01 33518 2373 37 641 617
1701564516.15 33519 2378 42 641 630
1701564525.63 33520 2387 83 641 588
1701564528.21 33521 2390 32 641 626
1701564530.21 33522 2392 23 641 631
1701564535.89 33523 2397 83 641 612
1701564536.3 33524 2398 15 641 564
1701564540.95 33525 2402 72 641 562
1701564543.39 33526 2405 7 641 618
1701564551.88 33527 2413 48 641 620
1701564552.06 33528 2413 57 641 543
1701564562.44 33529 2423 87 641 519
1701564563.39 33530 2424 73 641 600
1701564564.79 33531 2426 4 641 629
1701564568.5 33532 2429 67 641 625
1701564582.44 33533 2443 53 641 630
1701564591.51 33534 2452 52 641 581
1701564593.43 33535 2454 35 641 630
1701564603.4 33536 2464 24 641 618
1701564613.97 33537 2474 73 641 527
1701564637.02 33538 2497 71 641 620
1701564665.04 33539 2525 68 641 551
1701564665.92 33540 2526 47 641 595
1701564673.99 33541 2534 46 641 612
1701564679.52 33542 2539 91 641 625
1701564680.59 33543 2540 88 641 608
1701564681.41 33544 2541 61 641 593
1701564692.29 33545 2552 42 641 627
1701564696.22 33546 2556 26 641 479
1701564721.01 33547 2580 99 641 630
1701564738.52 33548 2598 43 641 617
1701564742.99 33549 2602 82 641 623
1701564744.53 33550 2604 27 641 588
1701564765.18 33551 2624 85 641 619
1701564771.76 33552 2631 35 641 625
1701564772.73 33553 2632 23 641 556
1701564776.35 33554 2635 76 641 626
1701564783.69 33555 2643 2 641 627
1701564785.49 33556 2644 73 641 583
1701564798.02 33557 2657 19 641 622
1701564804.49 33558 2663 57 641 630
1701564825.0 33559 2684 2 641 621
1701564828.89 33560 2687 83 641 585
1701564836.05 33561 2694 91 641 600
1701564842.56 33562 2701 34 641 627
1701564844.42 33563 2703 11 641 630
1701564846.38 33564 2704 98 641 614
1701564847.92 33565 2706 43 641 596
1701564856.71 33566 2715 14 641 620
1701564856.8 33567 2715 14 640 533
1701564858.12 33568 2716 37 641 627
1701564863.78 33569 2721 95 641 532
1701564879.97 33570 2738 6 641 624
1701564887.52 33571 2745 53 641 620
1701564894.18 33572 2752 11 641 611
1701564904.22 33573 2762 6 641 621
1701564921.43 33574 2779 21 641 632
1701564926.23 33575 2783 92 641 630
1701564933.87 33576 2791 48 641 591
1701564951.91 33577 2809 46 641 591
1701564952.48 33578 2809 94 641 576
1701564962.4 33579 2819 78 641 629
1701564962.98 33580 2820 27 641 574
1701564967.33 33581 2824 54 641 536
1701564967.43 33582 2824 54 640 536
1701564973.58 33583 2830 62 641 617
1701564991.33 33584 2848 30 641 624
1701564998.68 33585 2855 57 641 627
1701565008.31 33586 2865 12 641 630
1701565010.03 33587 2866 75 641 624
1701565017.15 33588 2873 79 641 599
1701565020.19 33589 2876 75 641 606
1701565021.26 33590 2877 73 641 609
1701565040.07 33591 2896 47 641 625
1701565042.29 33592 2898 60 641 628
1701565045.58 33593 2901 80 641 612
1701565049.75 33594 2905 89 641 612
1701565053.43 33595 2909 48 641 631
1701565063.61 33596 2919 58 641 547
1701565067.73 33597 2923 62 641 607
1701565074.48 33598 2930 29 641 620
1701565075.36 33599 2931 8 641 596
1701565079.06 33600 2934 70 641 606
1701565080.6 33601 2936 15 641 621
1701565081.1 33602 2936 57 641 571
1701565083.0 33603 2938 38 641 623
1701565105.38 33604 2960 69 641 627
1701565111.62 33605 2966 85 641 620
1701565116.42 33606 2971 56 641 627
1701565120.97 33607 2976 3 641 543
1701565122.23 33608 2977 21 641 490
1701565133.5 33609 2988 40 641 630
1701565140.14 33610 2994 96 641 621
1701565146.14 33611 3000 88 641 620
1701565146.28 33612 3000 92 641 542
1701565147.0 33613 3001 56 641 589
1701565171.08 33614 3025 59 641 451
1701565178.94 33615 3033 36 641 627
1701565181.77 33616 3036 11 641 632
1701565183.8 33617 3038 5 641 617
1701565184.7 33618 3038 87 641 600
1701565198.54 33619 3052 64 641 629
1701565204.09 33620 3058 10 641 620
1701565208.64 33621 3062 57 641 628
1701565216.03 33622 3069 88 641 615
1701565226.85 33623 3080 62 641 618
1701565231.66 33624 3085 35 641 627
1701565248.46 33625 3102 8 641 602
1701565248.88 33626 3102 41 641 561
1701565256.39 33627 3109 84 641 616
1701565269.32 33628 3122 69 641 630
1701565273.53 33629 3126 81 641 624
1701565274.98 33630 3128 18 641 577
1701565275.9 33631 3129 2 641 462
1701565276.54 33632 3129 57 641 580
1701565277.62 33633 3130 56 641 610
1701565278.4 33634 3131 25 641 590
1701565282.08 33635 3134 84 641 619
1701565282.5 33636 3135 17 641 566
1701565286.19 33637 3138 77 641 627
1701565293.67 33638 3146 17 641 622
1701565308.4 33639 3160 83 641 632
1701565314.01 33640 3166 35 641 619
1701565323.77 33641 3176 3 641 620
1701565337.43 33642 3189 61 641 478
1701565345.39 33643 3197 49 641 511
1701565356.94 33644 3208 97 641 632
1701565359.17 33645 3211 11 641 530
1701565360.81 33646 3212 66 641 628
1701565363.63 33647 3215 39 641 621
1701565364.09 33648 3215 75 641 568
1701565364.82 33649 3216 39 641 576
1701565372.29 33650 3223 78 641 470
1701565374.59 33651 3225 99 641 611
1701565378.1 33652 3229 41 641 615
1701565397.72 33653 3248 96 641 620
1701565405.75 33654 3256 91 641 484
1701565406.99 33655 3258 6 641 592
1701565424.89 33656 3275 89 641 628
1701565425.51 33657 3276 41 641 575
1701565427.72 33658 3278 54 641 624
1701565435.8 33659 3286 53 641 631
1701565437.43 33660 3288 7 641 622
1701565437.52 33661 3288 8 641 538
1701565439.38 33662 3289 85 641 626
1701565442.09 33663 3292 47 641 615
1701565442.27 33664 3292 55 641 545
1701565452.05 33665 3302 25 641 624
1701565454.8 33666 3304 92 641 602
1701565465.03 33667 3315 7 641 623
1701565466.81 33668 3316 76 641 632
1701565469.39 33669 3319 26 641 626
1701565474.41 33670 3324 19 641 531
1701565485.41 33671 3335 12 641 630
1701565494.41 33672 3344 3 641 632
1701565494.5 33673 3344 3 640 535
1701565495.38 33674 3344 83 641 599
1701565496.05 33675 3345 41 641 582
1701565512.48 33676 3361 77 641 627
1701565522.47 33677 3371 68 641 627
1701565523.11 33678 3372 23 641 579
1701565532.53 33679 3381 57 641 616
1701565541.93 33680 3390 89 641 598
1701565549.24 33681 3398 12 641 621
1701565551.28 33682 3400 7 641 628
1701565566.86 33683 3415 60 641 616
1701565579.63 33684 3428 29 641 616
1701565583.73 33685 3432 31 641 619
1701565592.95 33686 3441 45 641 631
1701565596.98 33687 3445 39 641 620
1701565605.01 33688 3453 34 641 627
1701565608.74 33689 3456 99 641 629
1701565609.68 33690 3457 84 641 479
1701565612.53 33691 3460 60 641 627
1701565635.41 33692 3483 41 641 629
1701565644.8 33693 3492 73 641 623
1701565655.6 33694 3503 45 641 621
1701565659.6 33695 3507 36 641 628
1701565666.0 33696 3513 68 641 631
1701565675.0 33697 3522 60 641 544
1701565675.48 33698 3523 0 641 571
1701565675.87 33699 3523 31 641 561
1701565683.42 33700 3530 78 641 593
1701565689.23 33701 3536 50 641 628
1701565690.83 33702 3538 2 641 613
1701565702.47 33703 3549 58 641 627
1701565705.32 33704 3552 35 641 622
1701565709.79 33705 3556 73 641 518
1701565717.45 33706 3564 31 641 623
1701565717.79 33707 3564 56 641 509
1701565724.9 33708 3571 58 641 598
1701565730.36 33709 3576 96 641 622
1701565740.48 33710 3587 0 641 574
1701565742.47 33711 3588 91 641 516
1701565751.85 33712 3598 21 641 629
1701565752.12 33713 3598 38 641 553
1701565767.63 33714 3613 82 641 632
1701565768.16 33715 3614 26 641 570
1701565768.58 33716 3614 60 641 566
1701565769.16 33717 3615 9 641 492
1701565777.67 33718 3623 52 641 632
1701565807.47 33719 3653 26 641 595
1701565817.85 33720 3663 55 641 598
1701565836.75 33721 3682 39 641 566
1701565837.17 33722 3682 73 641 566
1701565855.08 33723 3700 57 641 625
1701565857.26 33724 3702 66 641 606
1701565861.95 33725 3707 27 641 592
1701565863.1 33726 3708 33 641 611
1701565865.09 33727 3710 23 641 604
1701565877.47 33728 3722 54 641 628
1701565882.91 33729 3727 90 641 545
1701565883.07 33730 3727 97 641 543
1701565884.86 33731 3729 67 641 612
1701565893.07 33732 3737 79 641 632
1701565904.67 33733 3749 31 641 616
1701565909.39 33734 3753 94 641 617
1701565921.63 33735 3766 11 641 527
1701565927.93 33736 3772 32 641 628
1701565928.87 33737 3773 17 641 596
1701565929.3 33738 3773 51 641 566
1701565931.02 33739 3775 14 641 628
1701565938.9 33740 3782 95 641 619
1701565943.12 33741 3787 8 641 610
1701565943.86 33742 3787 73 641 587
1701565957.65 33743 3801 44 641 610
1701565965.95 33744 3809 67 641 626
1701565967.74 33745 3811 37 641 620
1701565969.59 33746 3813 13 641 619
1701565983.38 33747 3826 85 641 627
1701565991.68 33748 3835 6 641 633
1701566009.6 33749 3852 92 641 620
1701566025.97 33750 3869 22 641 629
1701566033.29 33751 3876 45 641 602
1701566056.26 33752 3899 35 641 630
1701566059.29 33753 3902 30 641 548
1701566059.81 33754 3902 73 641 568
1701566060.74 33755 3903 56 641 599
1701566062.0 33756 3904 73 641 625
1701566062.47 33757 3905 12 641 527
1701566063.86 33758 3906 42 641 610
1701566069.0 33759 3911 47 641 584
1701566073.42 33760 3915 81 641 531
1701566078.93 33761 3921 24 641 586
1701566081.99 33762 3924 21 641 624
1701566095.86 33763 3938 1 641 574
1701566097.93 33764 3940 0 641 629
1701566101.63 33765 3943 62 641 628
1701566102.39 33766 3944 29 641 587
1701566105.38 33767 3947 19 641 632
1701566118.83 33768 3960 56 641 561
1701566119.02 33769 3960 66 641 546
1701566134.4 33770 3975 97 641 545
1701566141.39 33771 3982 87 641 430
1701566145.14 33772 3986 54 641 627
1701566145.52 33773 3986 83 641 560
1701566152.54 33774 3993 77 641 613
1701566153.05 33775 3994 19 641 571
1701566157.29 33776 3998 35 641 627
1701566162.5 33777 4003 47 641 615
1701566165.0 33778 4005 88 641 623
1701566173.72 33779 4014 52 641 621
1701566174.8 33780 4015 51 641 610
1701566182.47 33781 4023 10 641 577
1701566183.51 33782 4024 5 641 606
1701566186.31 33783 4026 76 641 621
1701566195.5 33784 4035 89 641 617
1701566198.37 33785 4038 67 641 622
1701566201.41 33786 4041 63 641 473
1701566201.55 33787 4041 67 641 540
1701566202.03 33788 4042 7 641 571
1701566209.89 33789 4049 85 641 624
1701566212.01 33790 4051 88 641 622
1701566213.51 33791 4053 30 641 624
1701566218.87 33792 4058 57 641 627
1701566220.9 33793 4060 51 641 553
1701566226.79 33794 4066 31 641 618
1701566230.97 33795 4070 41 641 600
1701566231.11 33796 4070 45 641 542
1701566233.35 33797 4072 60 641 595
1701566234.98 33798 4074 14 641 610
1701566248.58 33799 4087 67 641 629
1701566253.17 33800 4092 17 641 610
1701566256.54 33801 4095 46 641 626
1701566260.57 33802 4099 41 641 628
1701566263.16 33803 4101 91 641 597
1701566273.3 33804 4111 97 641 620
1701566273.41 33805 4111 99 641 537
1701566275.16 33806 4113 66 641 628
1701566275.62 33807 4114 3 641 567
1701566275.74 33808 4114 7 641 540
1701566302.52 33809 4140 79 641 505
1701566315.53 33810 4153 72 641 614
1701566331.17 33811 4169 29 641 611
1701566331.88 33812 4169 92 641 586
1701566335.91 33813 4173 86 641 519
1701566337.91 33814 4175 77 641 628
1701566345.77 33815 4183 55 641 627
1701566346.14 33816 4183 83 641 560
1701566346.25 33817 4183 85 641 538
1701566352.75 33818 4190 27 641 574
1701566355.26 33819 4192 69 641 613
1701566359.13 33820 4196 47 641 617
1701566369.11 33821 4206 38 641 510
1701566370.05 33822 4207 23 641 602
1701566378.61 33823 4215 71 641 632
1701566405.42 33824 4242 46 641 627
1701566426.3 33825 4263 27 641 534
1701566433.97 33826 4270 86 641 587
1701566437.31 33827 4274 11 641 621
1701566437.97 33828 4274 68 641 582
1701566446.68 33829 4283 31 641 622
1701566449.47 33830 4286 1 641 528
1701566462.29 33831 4298 76 641 632
1701566463.01 33832 4299 39 641 585
1701566467.02 33833 4303 31 641 618
1701566482.98 33834 4319 20 641 616
1701566488.44 33835 4324 57 641 630
1701566494.98 33836 4331 3 641 536
1701566497.58 33837 4333 55 641 620
1701566506.77 33838 4342 66 641 626
1701566509.18 33839 4344 98 641 628
1701566512.4 33840 4348 11 641 629
1701566517.62 33841 4353 24 641 630
1701566521.42 33842 4356 96 641 352
1701566521.68 33843 4357 13 641 553
1701566524.76 33844 4360 12 641 633
1701566527.64 33845 4362 92 641 631
1701566530.28 33846 4365 47 641 627
1701566534.69 33847 4369 79 641 631
1701566535.37 33848 4370 38 641 582
1701566537.83 33849 4372 76 641 623
1701566541.07 33850 4375 91 641 568
1701566542.46 33851 4377 21 641 630
1701566542.56 33852 4377 21 640 531
1701566550.95 33853 4385 52 641 630
1701566556.86 33854 4391 35 641 603
1701566561.26 33855 4395 66 641 625
1701566568.43 33856 4402 75 641 625
1701566571.02 33857 4405 25 641 600
1701566573.48 33858 4407 62 641 612
1701566577.49 33859 4411 55 641 620
1701566588.78 33860 4422 77 641 624
1701566589.78 33861 4423 67 641 606
1701566594.58 33862 4428 38 641 618
1701566603.67 33863 4437 39 641 629
1701566615.28 33864 4448 93 641 623
1701566623.73 33865 4457 30 641 634
1701566625.1 33866 4458 58 641 627
1701566642.94 33867 4476 35 641 508
1701566662.09 33868 4495 43 641 516
1701566662.86 33869 4496 11 641 591
1701566667.98 33870 4501 15 641 630
1701566674.78 33871 4507 86 641 625
1701566691.49 33872 4524 50 641 623
1701566695.25 33873 4528 17 641 630
1701566702.01 33874 4534 85 641 581
1701566702.11 33875 4534 85 640 532
1701566702.27 33876 4534 93 641 546
1701566715.06 33877 4547 64 641 601
1701566717.98 33878 4550 47 641 623
1701566721.64 33879 4554 4 641 614
1701566724.63 33880 4556 95 641 624
1701566729.96 33881 4562 19 641 630
1701566730.64 33882 4562 78 641 581
1701566735.06 33883 4567 12 641 533
1701566738.52 33884 4570 49 641 581
1701566750.68 33885 4582 57 641 529
1701566753.45 33886 4585 25 641 632
1701566755.13 33887 4586 84 641 627
1701566760.1 33888 4591 73 641 622
1701566774.05 33889 4605 60 641 628
1701566786.27 33890 4617 75 641 626
1701566787.54 33891 4618 93 641 595
1701566801.03 33892 4632 35 641 629
1701566804.34 33893 4635 57 641 630
1701566808.86 33894 4640 1 641 551
1701566809.15 33895 4640 20 641 553
1701566815.8 33896 4646 77 641 605
1701566816.41 33897 4647 29 641 576
1701566822.58 33898 4653 38 641 632
1701566822.84 33899 4653 55 641 551
1701566824.08 33900 4654 69 641 610
1701566828.05 33901 4658 59 641 627
1701566828.17 33902 4658 61 641 539
1701566830.45 33903 4660 80 641 622
1701566831.69 33904 4661 95 641 618
1701566837.36 33905 4667 53 641 627
1701566838.27 33906 4668 36 641 598
1701566838.74 33907 4668 73 641 569
1701566842.49 33908 4672 40 641 617
1701566845.02 33909 4674 84 641 631
1701566853.31 33910 4683 5 641 627
1701566854.72 33911 4684 38 641 585
1701566857.54 33912 4687 11 641 628
1701566858.14 33913 4687 62 641 577
1701566869.25 33914 4698 66 641 624
1701566874.13 33915 4703 45 641 620
1701566874.61 33916 4703 84 641 570
1701566874.81 33917 4703 95 641 547
1701566885.22 33918 4714 28 641 609
1701566894.01 33919 4723 0 641 624
1701566906.12 33920 4735 4 641 622
1701566914.16 33921 4742 99 641 468
1701566930.02 33922 4758 78 641 625
1701566932.11 33923 4760 78 641 635
1701566934.25 33924 4762 83 641 586
1701566936.58 33925 4765 8 641 625
1701566953.57 33926 4782 0 641 631
1701566959.63 33927 4787 98 641 624
1701566962.18 33928 4790 44 641 604
1701566965.82 33929 4793 99 641 587
1701566965.92 33930 4793 99 640 537
1701566967.56 33931 4795 56 641 627
1701566971.22 33932 4799 13 641 620
1701566974.22 33933 4802 4 641 611
1701566975.08 33934 4802 82 641 595
1701566982.8 33935 4810 46 641 631
1701566986.51 33936 4814 8 641 534
1701566992.64 33937 4820 13 641 609
1701566993.63 33938 4821 3 641 605
1701567004.55 33939 4831 87 641 603
1701567009.51 33940 4836 75 641 629
1701567011.0 33941 4838 16 641 636
1701567013.55 33942 4840 61 641 574
1701567019.15 33943 4846 13 641 615
1701567024.95 33944 4851 85 641 624
1701567027.09 33945 4853 91 641 622
1701567029.77 33946 4856 50 641 583
1701567030.94 33947 4857 58 641 575
1701567032.12 33948 4858 66 641 577
1701567035.78 33949 4862 24 641 623
1701567039.43 33950 4865 80 641 617
1701567058.39 33951 4884 69 641 619
1701567059.54 33952 4885 75 641 617
1701567063.71 33953 4889 83 641 537
1701567073.91 33954 4899 95 641 616
1701567074.65 33955 4900 60 641 587
1701567075.69 33956 4901 55 641 608
1701567101.65 33957 4927 45 641 518
1701567106.71 33958 4932 42 641 626
1701567109.67 33959 4935 29 641 621
1701567116.8 33960 4942 34 641 620
1701567122.58 33961 4948 3 641 625
1701567126.14 33962 4951 51 641 600
1701567126.72 33963 4952 0 641 576
1701567126.88 33964 4952 7 641 460
1701567128.45 33965 4953 55 641 494
1701567139.06 33966 4964 8 641 627
1701567145.09 33967 4970 3 641 622
1701567155.89 33968 4980 75 641 621
1701567161.16 33969 4985 94 641 630
1701567161.39 33970 4986 8 641 552
1701567162.32 33971 4986 92 641 602
1701567174.35 33972 4998 88 641 527
1701567178.85 33973 5003 29 641 520
1701567183.19 33974 5007 54 641 629
1701567186.21 33975 5010 47 641 580
1701567199.75 33976 5023 94 641 630
1701567205.45 33977 5029 56 641 543
1701567205.84 33978 5029 86 641 561
1701567216.91 33979 5040 85 641 618
1701567218.09 33980 5041 94 641 618
1701567223.41 33981 5047 18 641 627
1701567227.42 33982 5051 10 641 601
1701567229.61 33983 5053 20 641 633
1701567232.12 33984 5055 62 641 627
1701567236.83 33985 5060 24 641 623
1701567254.02 33986 5077 36 641 580
1701567257.44 33987 5080 69 641 628
1701567284.51 33988 5107 71 641 631
1701567291.56 33989 5114 68 641 631
1701567292.31 33990 5115 34 641 587
1701567298.36 33991 5121 31 641 627
1701567302.22 33992 5125 9 641 628
1701567312.47 33993 5135 26 641 583
1701567314.48 33994 5137 18 641 631
1701567335.89 33995 5158 52 641 626
1701567343.05 33996 5165 60 641 614
1701567343.52 33997 5165 98 641 566
1701567343.62 33998 5165 98 640 534
1701567349.97 33999 5172 26 641 619
1701567356.31 34000 5178 51 641 629
1701567357.74 34001 5179 85 641 457
1701567380.68 34002 5202 73 641 619
1701567382.96 34003 5204 92 641 593
1701567389.15 34004 5211 3 641 615
1701567414.62 34005 5236 44 641 395
1701567416.27 34006 5238 0 641 611
1701567424.77 34007 5246 42 641 624
1701567429.13 34008 5250 69 641 576
1701567436.34 34009 5257 82 641 624
1701567438.42 34010 5259 82 641 625
1701567441.61 34011 5262 92 641 610
1701567445.22 34012 5266 44 641 576
1701567456.2 34013 5277 34 641 631
1701567461.35 34014 5282 41 641 629
1701567470.98 34015 5291 96 641 591
1701567488.71 34016 5309 62 641 627
1701567489.78 34017 5310 60 641 609
1701567492.1 34018 5312 84 641 618
1701567496.79 34019 5317 44 641 502
1701567507.45 34020 5328 2 641 543
1701567511.1 34021 5331 59 641 600
1701567516.21 34022 5336 61 641 596
1701567527.6 34023 5347 93 641 590
1701567533.24 34024 5353 48 641 602
1701567540.16 34025 5360 32 641 616
1701567548.95 34026 5369 3 641 626
1701567552.19 34027 5372 19 641 626
1701567564.59 34028 5384 51 641 621
1701567577.33 34029 5397 17 641 588
1701567581.78 34030 5401 53 641 561
1701567586.32 34031 5405 99 641 566
1701567593.06 34032 5412 65 641 616
1701567608.11 34033 5427 62 641 521
1701567618.72 34034 5438 15 641 623
1701567621.61 34035 5440 96 641 631
1701567629.04 34036 5448 31 641 629
1701567630.86 34037 5450 5 641 412
1701567633.8 34038 5452 90 641 635
1701567635.65 34039 5454 66 641 625
1701567638.87 34040 5457 80 641 626
1701567645.59 34041 5464 43 641 607
1701567654.25 34042 5473 1 641 629
1701567656.42 34043 5475 10 641 515
1701567656.7 34044 5475 29 641 551
1701567666.93 34045 5485 44 641 563
1701567677.53 34046 5495 95 641 618
1701567680.75 34047 5499 9 641 589
1701567686.66 34048 5504 92 641 628
1701567688.58 34049 5506 75 641 620
1701567691.33 34050 5509 41 641 620
1701567692.8 34051 5510 79 641 625
1701567693.81 34052 5511 71 641 577
1701567697.3 34053 5515 12 641 625
1701567702.19 34054 5519 92 641 626
1701567719.07 34055 5536 73 641 630
1701567722.86 34056 5540 44 641 582
1701567724.12 34057 5541 60 641 521
1701567728.85 34058 5546 24 641 558
1701567729.08 34059 5546 38 641 550
1701567730.03 34060 5547 25 641 605
1701567731.1 34061 5548 23 641 611
1701567738.14 34062 5555 19 641 627
1701567741.74 34063 5558 70 641 527
1701567744.28 34064 5561 15 641 493
1701567764.49 34065 5581 29 641 630
1701567766.17 34066 5582 89 641 570
1701567774.47 34067 5591 11 641 622
1701567784.4 34068 5600 95 641 629
1701567788.26 34069 5604 73 641 632
1701567796.38 34070 5612 77 641 591
1701567797.57 34071 5613 87 641 615
1701567802.8 34072 5619 2 641 614
1701567803.57 34073 5619 71 641 588
1701567805.62 34074 5621 67 641 620
1701567806.07 34075 5622 3 641 569
1701567815.64 34076 5631 52 641 632
1701567816.62 34077 5632 42 641 576
1701567838.19 34078 5653 92 641 627
1701567845.76 34079 5661 40 641 621
1701567861.91 34080 5677 48 641 627
1701567863.11 34081 5678 59 641 570
1701567867.81 34082 5683 20 641 627
1701567876.54 34083 5691 86 641 619
1701567877.65 34084 5692 88 641 611
1701567881.17 34085 5696 31 641 631
1701567888.51 34086 5703 57 641 630
1701567889.68 34087 5704 65 641 615
1701567893.08 34088 5707 96 641 628
1701567895.67 34089 5710 46 641 528
1701567896.32 34090 5711 2 641 579
1701567906.6 34091 5721 22 641 616
1701567909.96 34092 5724 50 641 620
1701567925.88 34093 5740 34 641 622
1701567945.29 34094 5759 68 641 620
1701567953.89 34095 5768 20 641 621
1701567954.55 34096 5768 77 641 583
1701567954.65 34097 5768 77 640 532
1701567957.16 34098 5771 21 641 603
1701567957.79 34099 5771 74 641 580
1701567958.08 34100 5771 95 641 558
1701567963.04 34101 5776 83 641 560
1701567966.18 34102 5779 88 641 628
1701567969.42 34103 5783 3 641 626
1701567976.19 34104 5789 72 641 626
1701567980.81 34105 5794 25 641 627
1701567988.22 34106 5801 58 641 633
1701567994.34 34107 5807 62 641 577
1701568002.29 34108 5815 49 641 636
1701568006.87 34109 5819 98 641 467
1701568017.21 34110 5830 24 641 632
1701568028.61 34111 5841 57 641 628
1701568033.09 34112 5845 96 641 624
1701568045.68 34113 5858 47 641 626
1701568047.61 34114 5860 31 641 533
1701568048.3 34115 5860 92 641 584
1701568048.4 34116 5860 92 640 533
1701568053.33 34117 5865 77 641 589
1701568059.25 34118 5871 61 641 629
1701568065.18 34119 5877 45 641 626
1701568067.54 34120 5879 73 641 630
1701568067.74 34121 5879 84 641 549
1701568067.92 34122 5879 94 641 434
1701568077.56 34123 5889 50 641 552
1701568078.78 34124 5890 63 641 622
1701568086.78 34125 5898 54 641 626
1701568087.19 34126 5898 86 641 564
1701568087.87 34127 5899 45 641 587
1701568089.1 34128 5900 59 641 548
1701568099.7 34129 5911 11 641 618
1701568103.17 34130 5914 50 641 629
1701568103.89 34131 5915 13 641 585
1701568109.8 34132 5920 96 641 624
1701568116.03 34133 5927 11 641 626
1701568121.65 34134 5932 65 641 622
1701568122.85 34135 5933 75 641 615
1701568127.85 34136 5938 67 641 625
1701568128.28 34137 5939 2 641 565
1701568135.95 34138 5946 60 641 612
1701568150.14 34139 5960 72 641 536
1701568159.23 34140 5969 72 641 637
1701568160.7 34141 5971 10 641 607
1701568165.43 34142 5975 75 641 522
1701568167.89 34143 5978 12 641 617
1701568172.3 34144 5982 45 641 596
1701568172.75 34145 5982 81 641 565
1701568192.22 34146 6002 20 641 628
1701568203.84 34147 6013 74 641 617
1701568210.63 34148 6020 45 641 629
1701568212.75 34149 6022 48 641 584
1701568224.25 34150 6033 89 641 585
1701568227.08 34151 6036 64 641 617
1701568233.81 34152 6043 29 641 619
1701568241.97 34153 6051 36 641 624
1701568246.66 34154 6055 96 641 619
1701568247.35 34155 6056 56 641 585
1701568255.59 34156 6064 73 641 608
1701568256.42 34157 6065 46 641 591
1701568259.57 34158 6068 53 641 563
1701568266.94 34159 6075 81 641 630
1701568271.12 34160 6079 90 641 624
1701568271.77 34161 6080 47 641 579
1701568274.11 34162 6082 72 641 619
1701568275.13 34163 6083 66 641 603
1701568278.14 34164 6086 58 641 620
1701568278.81 34165 6087 16 641 583
1701568278.9 34166 6087 16 640 534
1701568300.37 34167 6108 57 641 621
1701568300.47 34168 6108 57 640 535
1701568304.03 34169 6112 5 641 626
1701568307.3 34170 6115 23 641 547
1701568314.52 34171 6122 38 641 508
1701568324.65 34172 6132 42 641 624
1701568325.4 34173 6133 9 641 588
1701568326.55 34174 6134 15 641 579
1701568333.97 34175 6141 50 641 624
1701568334.5 34176 6141 94 641 570
1701568336.19 34177 6143 54 641 612
1701568339.3 34178 6146 56 641 545
1701568340.39 34179 6147 56 641 570
1701568347.99 34180 6155 8 641 492
1701568350.03 34181 6157 4 641 615
1701568352.1 34182 6159 2 641 625
1701568352.49 34183 6159 33 641 562
1701568358.07 34184 6164 82 641 620
1701568359.0 34185 6165 66 641 600
1701568360.02 34186 6166 60 641 610
1701568371.86 34187 6178 36 641 627
1701568374.02 34188 6180 44 641 620
1701568374.98 34189 6181 31 641 605
1701568382.1 34190 6188 34 641 625
1701568388.04 34191 6194 20 641 627
1701568389.71 34192 6195 78 641 615
1701568392.4 34193 6198 38 641 629
1701568394.27 34194 6200 16 641 632
1701568395.21 34195 6201 1 641 602
1701568398.34 34196 6204 6 641 607
1701568405.85 34197 6211 49 641 630
1701568405.95 34198 6211 50 641 536
1701568408.24 34199 6213 71 641 620
1701568415.82 34200 6221 21 641 629
1701568418.46 34201 6223 77 641 610
1701568419.31 34202 6224 53 641 592
1701568419.74 34203 6224 87 641 566
1701568421.65 34204 6226 69 641 601
1701568424.24 34205 6229 19 641 613
1701568429.22 34206 6234 9 641 612
1701568429.32 34207 6234 9 640 536
1701568432.09 34208 6236 79 641 626
1701568439.4 34209 6244 2 641 627
1701568447.33 34210 6251 87 641 629
1701568453.06 34211 6257 52 641 629
1701568471.68 34212 6276 7 641 626
1701568473.86 34213 6278 16 641 603
1701568477.61 34214 6281 82 641 628
1701568483.02 34215 6287 15 641 614
1701568498.51 34216 6302 56 641 619
1701568513.35 34217 6317 33 641 628
1701568548.69 34218 6352 62 641 564
1701568549.82 34219 6353 66 837 837
1701568553.05 34220 6356 80 641 623
1701568557.23 34221 6360 90 641 621
1701568559.34 34222 6362 92 641 583
1701568563.95 34223 6367 45 641 619
1701568571.75 34224 6375 17 641 558
1701568571.85 34225 6375 17 640 534
1701568582.81 34226 6386 7 641 594
1701568590.47 34227 6393 65 641 630
1701568591.53 34228 6394 62 641 593
1701568602.49 34229 6405 50 641 623
1701568603.9 34230 6406 82 641 518
1701568607.91 34231 6410 75 641 629
1701568609.06 34232 6411 81 641 615
1701568618.25 34233 6420 92 641 599
1701568633.92 34234 6436 51 641 626
1701568634.88 34235 6437 39 641 557
1701568644.42 34236 6446 85 641 625
1701568647.11 34237 6449 45 641 636
1701568653.99 34238 6456 24 641 618
1701568659.16 34239 6461 33 641 626
1701568660.24 34240 6462 32 641 442
1701568663.68 34241 6465 67 641 597
1701568663.92 34242 6465 82 641 548
1701568667.29 34243 6469 10 641 628
1701568667.54 34244 6469 26 641 552
1701568673.03 34245 6474 66 641 629
1701568674.93 34246 6476 47 641 626
1701568677.47 34247 6478 92 641 402
1701568683.0 34248 6484 36 641 428
1701568688.32 34249 6489 60 641 626
1701568698.9 34250 6500 10 641 584
1701568702.07 34251 6503 18 641 621
1701568703.86 34252 6504 88 641 504
1701568705.11 34253 6506 4 641 606
1701568712.56 34254 6513 41 641 627
1701568713.61 34255 6514 37 641 607
1701568738.18 34256 6538 88 641 522
1701568743.14 34257 6543 75 641 621
1701568771.51 34258 6572 7 641 633
1701568784.67 34259 6585 15 641 602
1701568785.46 34260 6585 85 641 591
1701568786.23 34261 6586 53 641 589
1701568798.22 34262 6598 44 641 592
1701568802.59 34263 6602 74 641 630
1701568808.61 34264 6608 67 641 624
1701568812.67 34265 6612 65 641 624
1701568813.6 34266 6613 49 641 600
1701568817.04 34267 6616 83 641 633
1701568826.13 34268 6625 84 641 622
1701568844.73 34269 6644 37 641 632
1701568845.59 34270 6645 14 641 598
1701568863.55 34271 6663 3 641 626
1701568867.05 34272 6666 44 641 627
1701568867.15 34273 6666 45 640 533
1701568869.86 34274 6669 9 641 615
1701568879.79 34275 6678 94 641 621
1701568883.87 34276 6682 94 641 620
1701568884.75 34277 6683 73 641 571
1701568909.94 34278 6708 86 641 608
1701568914.29 34279 6713 12 641 625
1701568915.38 34280 6714 12 641 611
1701568919.77 34281 6718 42 641 628
1701568921.26 34282 6719 83 641 545
1701568950.06 34283 6748 57 641 628
1701568953.02 34284 6751 44 641 620
1701568955.78 34285 6754 12 641 627
1701568968.0 34286 6766 26 641 629
1701568968.53 34287 6766 71 641 575
1701568972.48 34288 6770 57 641 624
1701568978.77 34289 6776 78 641 614
1701568981.68 34290 6779 60 641 627
1701568986.25 34291 6784 9 641 610
1701568991.01 34292 6788 77 641 625
1701568994.79 34293 6792 47 641 616
1701569000.63 34294 6798 22 641 623
1701569017.19 34295 6814 71 641 625
1701569021.03 34296 6818 46 641 617
1701569028.03 34297 6825 38 641 601
1701569037.91 34298 6835 18 641 515
1701569044.78 34299 6841 97 641 624
1701569055.96 34300 6853 7 641 630
1701569057.78 34301 6854 80 641 633
1701569061.83 34302 6858 77 641 625
1701569073.63 34303 6870 49 641 593
1701569075.89 34304 6872 66 641 619
1701569076.97 34305 6873 65 641 551
1701569077.58 34306 6874 17 641 580
1701569084.24 34307 6880 75 641 627
1701569087.68 34308 6884 10 641 632
1701569105.98 34309 6902 33 641 624
1701569106.33 34310 6902 58 641 556
1701569111.46 34311 6907 63 641 627
1701569114.82 34312 6910 91 641 508
1701569117.15 34313 6913 15 641 627
1701569133.24 34314 6929 16 641 620
1701569137.03 34315 6932 87 641 582
1701569138.93 34316 6934 69 641 622
1701569139.59 34317 6935 25 641 583
1701569140.55 34318 6936 13 641 604
1701569147.78 34319 6943 27 641 627
1701569149.02 34320 6944 43 641 623
1701569158.08 34321 6953 40 641 615
1701569158.57 34322 6953 80 641 569
1701569162.41 34323 6957 56 641 622
1701569164.33 34324 6959 39 641 624
1701569170.27 34325 6965 24 641 632
1701569177.23 34326 6972 12 641 625
1701569177.33 34327 6972 12 640 533
1701569182.95 34328 6977 66 641 632
1701569186.14 34329 6980 77 641 626
1701569196.45 34330 6991 0 641 622
1701569207.25 34331 7001 72 641 628
1701569209.68 34332 7004 6 641 613
1701569219.86 34333 7014 17 641 613
1701569237.02 34334 7031 26 641 625
1701569239.27 34335 7033 42 641 506
1701569242.51 34336 7036 58 641 626
1701569248.38 34337 7042 37 641 581
1701569251.15 34338 7045 6 641 594
1701569255.34 34339 7049 16 641 624
1701569256.4 34340 7050 13 641 545
1701569259.63 34341 7053 27 641 622
1701569269.67 34342 7063 23 641 620
1701569285.02 34343 7078 50 641 627
1701569287.58 34344 7080 97 641 621
1701569289.74 34345 7083 4 641 627
1701569310.24 34346 7103 47 641 629
1701569314.18 34347 7107 32 641 629
1701569331.5 34348 7124 57 641 629
1701569346.02 34349 7139 2 641 625
1701569347.48 34350 7140 39 641 606
1701569355.93 34351 7148 76 641 631
1701569358.87 34352 7151 62 641 629
1701569359.2 34353 7151 86 641 559
1701569382.94 34354 7175 54 641 587
1701569385.19 34355 7177 70 641 627
1701569387.73 34356 7180 15 641 627
1701569390.3 34357 7182 63 641 522
1701569410.21 34358 7202 47 641 627
1701569411.34 34359 7203 51 641 466
1701569414.87 34360 7206 95 641 593
1701569417.95 34361 7209 94 641 621
1701569423.06 34362 7214 97 641 628
1701569423.75 34363 7215 57 641 517
1701569428.19 34364 7219 93 641 630
1701569436.96 34365 7228 62 641 630
1701569446.51 34366 7238 9 641 626
1701569446.6 34367 7238 9 640 536
1701569455.83 34368 7247 25 641 621
1701569458.35 34369 7249 68 641 624
1701569464.67 34370 7255 91 641 622
1701569466.09 34371 7257 24 641 632
1701569468.32 34372 7259 38 641 409
1701569472.41 34373 7263 39 641 572
1701569480.9 34374 7271 80 641 629
1701569491.1 34375 7281 92 641 629
1701569491.21 34376 7281 94 641 540
1701569499.05 34377 7289 69 641 618
1701569502.72 34378 7293 28 641 627
1701569508.01 34379 7298 48 641 628
1701569512.81 34380 7303 19 641 414
1701569513.3 34381 7303 58 641 571
1701569523.98 34382 7314 18 641 630
1701569526.02 34383 7316 13 641 627
1701569530.26 34384 7320 28 641 622
1701569535.54 34385 7325 47 641 623
1701569544.17 34386 7334 4 641 630
1701569550.68 34387 7340 46 641 611
1701569558.57 34388 7348 27 641 623
1701569570.82 34389 7360 44 641 629
1701569572.53 34390 7362 6 641 629
1701569574.04 34391 7363 49 641 620
1701569577.5 34392 7366 86 641 626
1701569577.95 34393 7367 22 641 567
1701569591.44 34394 7380 63 641 578
1701569593.4 34395 7382 50 641 572
1701569597.62 34396 7386 63 641 613
1701569602.8 34397 7391 72 641 629
1701569606.71 34398 7395 55 641 628
1701569613.41 34399 7402 16 641 558
1701569643.56 34400 7432 26 641 621
1701569644.68 34401 7433 29 641 595
1701569648.73 34402 7437 26 641 624
1701569657.14 34403 7445 58 641 625
1701569659.06 34404 7447 41 641 625
1701569661.58 34405 7449 84 641 596
1701569666.81 34406 7454 99 641 627
1701569677.54 34407 7465 64 641 626
1701569691.08 34408 7479 11 641 630
1701569703.41 34409 7491 36 641 612
1701569709.57 34410 7497 43 641 630
1701569710.72 34411 7498 50 641 615
1701569715.3 34412 7503 0 641 616
1701569715.8 34413 7503 40 641 569
1701569718.0 34414 7505 51 641 627
1701569724.85 34415 7512 28 641 603
1701569729.7 34416 7517 5 641 622
1701569732.57 34417 7519 83 641 598
1701569748.41 34418 7535 60 641 621
1701569756.48 34419 7543 59 641 590
1701569771.43 34420 7558 46 641 546
1701569774.73 34421 7561 69 641 616
1701569776.12 34422 7562 98 641 605
1701569791.02 34423 7577 81 641 432
1701569791.4 34424 7578 10 641 560
1701569792.03 34425 7578 65 641 579
1701569797.07 34426 7583 61 641 622
1701569798.36 34427 7584 81 641 624
1701569800.2 34428 7586 56 641 630
1701569806.13 34429 7592 41 641 622
1701569810.46 34430 7596 65 641 504
1701569810.57 34431 7596 67 641 536
1701569815.07 34432 7601 8 641 614
1701569817.12 34433 7603 5 641 516
1701569828.22 34434 7614 8 641 622
1701569829.44 34435 7615 21 641 600
1701569835.26 34436 7620 94 641 632
1701569838.45 34437 7624 4 641 524
1701569842.55 34438 7628 6 641 620
1701569846.23 34439 7631 66 641 591
1701569847.48 34440 7632 82 641 569
1701569859.53 34441 7644 79 641 605
1701569870.01 34442 7655 19 641 631
1701569875.83 34443 7660 93 641 628
1701569882.22 34444 7667 23 641 608
1701569883.24 34445 7668 16 641 604
1701569884.68 34446 7669 51 641 529
1701569896.76 34447 7681 51 641 627
1701569899.35 34448 7684 2 641 625
1701569900.58 34449 7685 15 641 614
1701569903.38 34450 7687 86 641 622
1701569904.75 34451 7689 15 641 516
1701569906.31 34452 7690 61 641 615
1701569912.38 34453 7696 60 641 610
1701569914.99 34454 7699 12 641 615
1701569925.0 34455 7709 5 641 604
1701569926.73 34456 7710 70 641 627
1701569927.18 34457 7711 6 641 569
1701569932.45 34458 7716 25 641 617
1701569935.87 34459 7719 58 641 621
1701569944.5 34460 7728 12 641 598
1701569944.73 34461 7728 27 641 551
1701569945.31 34462 7728 75 641 577
1701569958.88 34463 7742 25 641 624
1701569968.39 34464 7751 68 641 613
1701569974.51 34465 7757 72 641 514
1701569975.55 34466 7758 67 641 575
1701569978.21 34467 7761 24 641 625
1701569981.72 34468 7764 66 641 555
1701570000.27 34469 7783 14 641 625
1701570001.28 34470 7784 6 641 604
1701570008.6 34471 7791 30 641 628
1701570013.97 34472 7796 58 641 622
1701570016.82 34473 7799 35 641 543
1701570018.51 34474 7800 95 641 513
1701570023.56 34475 7805 91 641 610
1701570025.19 34476 7807 45 641 628
1701570036.33 34477 7818 52 641 628
1701570038.01 34478 7820 11 641 625
1701570059.78 34479 7841 81 641 610
1701570060.54 34480 7842 48 641 589
1701570071.19 34481 7853 5 641 632
1701570079.6 34482 7861 39 641 625
1701570081.55 34483 7863 25 641 523
1701570084.15 34484 7865 77 641 620
1701570091.56 34485 7873 10 641 565
1701570093.63 34486 7875 9 641 630
1701570098.37 34487 7879 74 641 624
1701570113.54 34488 7894 84 641 620
1701570114.35 34489 7895 56 641 574
1701570116.22 34490 7897 34 641 632
1701570116.74 34491 7897 77 641 574
1701570118.2 34492 7899 14 641 621
1701570135.59 34493 7916 46 641 634
1701570141.09 34494 7921 87 641 624
1701570146.74 34495 7927 44 641 628
1701570152.07 34496 7932 68 641 620
1701570164.16 34497 7944 70 641 626
1701570171.91 34498 7952 36 641 611
1701570176.77 34499 7957 15 641 621
1701570180.08 34500 7960 37 641 625
1701570201.02 34501 7981 24 641 533
1701570202.15 34502 7982 29 641 611
1701570202.33 34503 7982 38 641 545
1701570205.14 34504 7985 10 641 629
1701570209.3 34505 7989 17 641 484
1701570214.53 34506 7994 33 641 472
1701570215.49 34507 7995 19 641 472
1701570220.97 34508 8000 59 641 507
1701570224.93 34509 8004 47 641 564
1701570229.52 34510 8008 97 641 533
1701570234.67 34511 8014 4 641 556
1701570237.86 34512 8017 15 641 614
1701570246.02 34513 8025 22 641 537
1701570246.15 34514 8025 27 641 543
1701570251.52 34515 8030 55 641 630
1701570252.56 34516 8031 50 641 612
1701570259.93 34517 8038 79 641 633
1701570263.49 34518 8042 25 641 629
1701570263.58 34519 8042 25 640 535
1701570265.95 34520 8044 54 641 617
1701570266.96 34521 8045 46 641 605
1701570270.9 34522 8049 31 641 584
1701570277.88 34523 8056 21 641 627
1701570282.0 34524 8060 24 641 626
1701570292.82 34525 8070 98 641 621
1701570302.95 34526 8081 3 641 625
1701570304.8 34527 8082 79 641 625
1701570308.25 34528 8086 15 641 630
1701570316.84 34529 8094 66 641 624
1701570321.74 34530 8099 47 641 553
1701570325.97 34531 8103 62 641 629
1701570326.42 34532 8103 98 641 565
1701570328.66 34533 8106 13 641 632
1701570331.18 34534 8108 56 641 623
1701570345.71 34535 8123 2 641 461
1701570346.18 34536 8123 40 641 568
1701570355.15 34537 8132 29 641 630
1701570362.44 34538 8139 50 641 567
1701570376.06 34539 8153 5 641 631
1701570378.45 34540 8155 36 641 576
1701570379.92 34541 8156 73 641 628
1701570382.93 34542 8159 65 641 620
1701570386.52 34543 8163 17 641 618
1701570388.59 34544 8165 15 641 632
1701570388.68 34545 8165 15 640 534
1701570417.32 34546 8193 74 641 490
1701570417.61 34547 8193 93 641 547
1701570418.11 34548 8194 35 641 569
1701570424.61 34549 8200 76 641 620
1701570451.58 34550 8227 68 641 628
1701570455.3 34551 8231 31 641 622
1701570480.85 34552 8256 80 641 627
1701570489.34 34553 8265 21 641 631
1701570496.95 34554 8272 73 641 627
1701570499.96 34555 8275 66 641 513
1701570510.28 34556 8285 90 641 624
1701570511.62 34557 8287 15 641 628
1701570515.6 34558 8291 6 641 581
1701570516.74 34559 8292 11 641 613
1701570536.69 34560 8311 99 641 627
1701570541.68 34561 8316 90 641 627
1701570543.46 34562 8318 59 641 586
1701570543.62 34563 8318 66 641 545
1701570550.87 34564 8325 82 641 616
1701570557.63 34565 8332 50 641 625
1701570564.72 34566 8339 52 641 632
1701570577.38 34567 8352 11 641 605
1701570581.89 34568 8356 53 641 625
1701570582.75 34569 8357 30 641 595
1701570590.09 34570 8364 56 641 627
1701570602.75 34571 8377 14 641 618
1701570609.41 34572 8383 71 641 514
1701570626.79 34573 8401 3 641 624
1701570629.25 34574 8403 41 641 619
1701570635.44 34575 8409 51 641 542
1701570656.12 34576 8430 13 641 608
1701570676.18 34577 8450 12 641 628
1701570685.12 34578 8458 98 641 624
1701570702.52 34579 8476 30 641 626
1701570703.61 34580 8477 31 641 611
1701570705.93 34581 8479 54 641 552
1701570708.65 34582 8482 17 641 623
1701570718.29 34583 8491 73 641 490
1701570732.86 34584 8506 23 641 605
1701570738.13 34585 8511 41 641 624
1701570747.0 34586 8520 20 641 632
1701570753.68 34587 8526 79 641 624
1701570756.84 34588 8529 87 641 624
1701570761.75 34589 8534 69 641 626
1701570764.22 34590 8537 8 641 578
1701570780.1 34591 8552 88 641 627
1701570787.1 34592 8559 80 641 510
1701570793.77 34593 8566 39 641 631
1701570795.46 34594 8567 99 641 628
1701570813.46 34595 8585 93 641 574
1701570824.11 34596 8596 50 641 626
1701570824.24 34597 8596 54 641 542
1701570824.86 34598 8597 8 641 585
1701570827.06 34599 8599 19 641 615
1701570831.26 34600 8603 31 641 569
1701570831.86 34601 8603 82 641 577
1701570832.93 34602 8604 80 641 598
1701570836.82 34603 8608 61 641 554
1701570848.75 34604 8620 46 641 622
1701570849.41 34605 8621 4 641 584
1701570851.39 34606 8622 93 641 631
1701570853.77 34607 8625 22 641 636
1701570857.46 34608 8628 83 641 473
1701570872.69 34609 8643 98 641 630
1701570875.49 34610 8646 69 641 557
1701570880.03 34611 8651 15 641 609
1701570902.51 34612 8673 56 641 627
1701570905.6 34613 8676 56 641 601
1701570906.43 34614 8677 30 641 596
1701570920.26 34615 8691 6 641 627
1701570922.85 34616 8693 56 641 534
1701570923.58 34617 8694 20 641 588
1701570929.4 34618 8699 94 641 627
1701570948.25 34619 8718 72 641 629
1701570954.8 34620 8725 19 641 585
1701570955.41 34621 8725 71 641 577
1701570957.68 34622 8727 89 641 580
1701570957.78 34623 8727 89 640 534
1701570960.78 34624 8730 81 641 632
1701570972.77 34625 8742 73 641 618
1701570974.35 34626 8744 22 641 600
1701570975.16 34627 8744 94 641 595
1701570975.49 34628 8745 18 641 557
1701570986.67 34629 8756 28 641 628
1701570990.4 34630 8759 92 641 630
1701570991.85 34631 8761 29 641 617
1701570992.72 34632 8762 7 641 597
1701570992.93 34633 8762 19 641 548
1701570995.01 34634 8764 18 641 627
1701571002.62 34635 8771 70 641 624
1701571006.51 34636 8775 51 641 624
1701571014.21 34637 8783 12 641 543
1701571021.47 34638 8790 30 641 587
1701571032.71 34639 8801 46 641 378
1701571032.92 34640 8801 58 641 550
1701571034.47 34641 8803 4 641 531
1701571048.21 34642 8816 72 641 616
1701571054.48 34643 8822 91 641 526
1701571056.05 34644 8824 39 641 616
1701571058.69 34645 8826 94 641 627
1701571083.25 34646 8851 44 641 622
1701571087.61 34647 8855 72 641 624
1701571092.93 34648 8860 95 641 624
1701571098.22 34649 8866 16 641 627
1701571116.05 34650 8883 92 641 627
1701571117.72 34651 8885 49 641 624
1701571119.08 34652 8886 76 641 602
1701571125.74 34653 8893 34 641 575
1701571127.55 34654 8895 6 641 591
1701571130.81 34655 8898 23 641 625
1701571146.67 34656 8914 2 641 605
1701571148.61 34657 8915 87 641 632
1701571162.99 34658 8930 18 641 626
1701571177.15 34659 8944 27 641 480
1701571182.75 34660 8949 78 641 627
1701571183.19 34661 8950 13 641 566
1701571191.56 34662 8958 42 641 626
1701571204.2 34663 8970 99 641 629
1701571215.25 34664 8981 96 641 629
1701571225.05 34665 8991 68 641 508
1701571233.03 34666 8999 59 641 532
1701571237.47 34667 9003 94 641 620
1701571243.97 34668 9010 35 641 601
1701571245.15 34669 9011 45 641 617
1701571272.11 34670 9038 35 641 631
1701571273.56 34671 9039 71 641 622
1701571273.82 34672 9039 88 641 553
1701571275.57 34673 9041 54 641 630
1701571276.31 34674 9042 19 641 589
1701571284.25 34675 9050 5 641 630
1701571291.59 34676 9057 31 641 568
1701571303.54 34677 9069 18 641 621
1701571306.55 34678 9072 10 641 547
1701571308.68 34679 9074 14 641 621
1701571310.44 34680 9075 81 641 525
1701571322.0 34681 9087 29 641 629
1701571324.38 34682 9089 59 641 625
1701571329.31 34683 9094 43 641 559
1701571331.28 34684 9096 31 641 632
1701571332.02 34685 9096 95 641 587
1701571333.85 34686 9098 69 641 624
1701571341.43 34687 9106 19 641 634
1701571342.77 34688 9107 44 641 627
1701571347.13 34689 9111 71 641 622
1701571351.03 34690 9115 52 641 617
1701571363.53 34691 9127 95 641 546
1701571364.4 34692 9128 73 641 598
1701571365.54 34693 9129 78 641 584
1701571366.98 34694 9131 13 641 614
1701571373.89 34695 9137 96 641 611
1701571374.99 34696 9138 97 641 590
1701571375.21 34697 9139 11 641 553
1701571379.57 34698 9143 38 641 630
1701571382.7 34699 9146 43 641 616
1701571383.42 34700 9147 7 641 588
1701571384.22 34701 9147 78 641 595
1701571400.25 34702 9163 73 641 632
1701571415.5 34703 9178 91 641 631
1701571416.41 34704 9179 73 641 601
1701571422.27 34705 9185 51 641 566
1701571428.24 34706 9191 40 641 624
1701571429.41 34707 9192 48 641 618
1701571435.93 34708 9198 92 641 630
1701571449.34 34709 9212 26 641 601
1701571459.83 34710 9222 67 641 625
1701571463.36 34711 9226 11 641 514
1701571466.22 34712 9228 88 641 626
1701571466.92 34713 9229 48 641 583
1701571467.47 34714 9229 94 641 575
1701571469.2 34715 9231 58 641 622
1701571474.33 34716 9236 63 641 622
1701571475.09 34717 9237 31 641 564
1701571476.87 34718 9239 0 641 627
1701571484.98 34719 9247 3 641 618
1701571498.79 34720 9260 77 641 626
1701571505.29 34721 9267 19 641 544
1701571506.27 34722 9268 8 641 589
1701571524.47 34723 9286 22 641 632
1701571524.79 34724 9286 44 641 554
1701571534.99 34725 9296 56 641 625
1701571535.24 34726 9296 72 641 511
1701571543.34 34727 9304 75 641 628
1701571552.02 34728 9313 34 641 593
1701571553.16 34729 9314 39 641 614
1701571557.45 34730 9318 59 641 623
1701571560.99 34731 9322 5 641 624
1701571562.14 34732 9323 11 641 613
1701571564.31 34733 9325 19 641 632
1701571591.59 34734 9352 41 641 615
1701571595.64 34735 9356 38 641 488
1701571597.65 34736 9358 30 641 627
1701571606.8 34737 9367 36 641 627
1701571611.64 34738 9372 12 641 626
1701571626.05 34739 9386 45 641 626
1701571627.62 34740 9387 93 641 620
1701571632.16 34741 9392 39 641 615
1701571649.45 34742 9409 60 641 574
1701571652.19 34743 9412 26 641 436
1701571653.79 34744 9413 77 641 616
1701571654.24 34745 9414 13 641 545
1701571661.7 34746 9421 50 641 619
1701571663.47 34747 9423 18 641 623
1701571665.07 34748 9424 69 641 624
1701571670.9 34749 9430 44 641 620
1701571675.48 34750 9434 94 641 539
1701571681.46 34751 9440 84 641 460
1701571689.94 34752 9449 24 641 619
1701571694.74 34753 9453 95 641 627
1701571704.45 34754 9463 58 641 621
1701571705.32 34755 9464 35 641 598
1701571713.48 34756 9472 43 641 620
1701571721.58 34757 9480 45 641 633
1701571722.62 34758 9481 40 641 567
1701571737.2 34759 9495 91 641 630
1701571741.92 34760 9500 54 641 543
1701571754.3 34761 9512 86 641 614
1701571765.66 34762 9524 14 641 620
1701571768.19 34763 9526 58 641 630
1701571772.26 34764 9530 56 641 619
1701571776.18 34765 9534 40 641 623
1701571786.05 34766 9544 19 641 624
1701571787.95 34767 9546 0 641 450
1701571795.75 34768 9553 72 641 623
1701571796.92 34769 9554 80 641 617
1701571800.31 34770 9558 11 641 628
1701571815.03 34771 9572 76 641 624
1701571818.85 34772 9576 49 641 592
1701571819.74 34773 9577 29 641 599
1701571825.09 34774 9582 55 641 536
1701571826.6 34775 9583 97 641 624
1701571830.01 34776 9587 29 641 508
1701571830.8 34777 9587 99 641 592
1701571837.2 34778 9594 30 641 625
1701571856.67 34779 9613 71 641 624
1701571860.72 34780 9617 67 641 625
1701571865.9 34781 9622 77 641 630
1701571866.02 34782 9622 80 641 541
1701571874.97 34783 9631 67 641 629
1701571875.8 34784 9632 41 641 595
1701571885.34 34785 9641 87 641 627
1701571886.67 34786 9643 11 641 597
1701571889.48 34787 9645 83 641 625
1701571890.69 34788 9646 95 641 622
1701571896.8 34789 9652 97 641 460
1701571901.92 34790 9658 1 641 628
1701571903.47 34791 9659 48 641 599
1701571915.42 34792 9671 35 641 626
1701571917.39 34793 9673 24 641 628
1701571925.3 34794 9681 7 641 608
1701571928.75 34795 9684 43 641 625
1701571929.09 34796 9684 68 641 559
1701571946.6 34797 9702 12 641 623
1701571948.91 34798 9704 34 641 630
1701571959.06 34799 9714 42 641 604
1701571960.54 34800 9715 81 641 606
1701571963.76 34801 9718 95 641 632
1701571963.87 34802 9718 97 641 539
1701571976.09 34803 9731 11 641 622
1701571977.29 34804 9732 23 641 621
1701571977.5 34805 9732 34 641 545
1701571981.74 34806 9736 50 641 614
1701571983.14 34807 9737 81 641 631
1701571998.19 34808 9752 79 641 606
1701572000.53 34809 9755 4 641 425
1701572002.38 34810 9756 81 641 628
1701572006.8 34811 9761 15 641 622
1701572007.45 34812 9761 70 641 581
1701572007.9 34813 9762 6 641 570
1701572011.62 34814 9765 70 641 624
1701572016.62 34815 9770 61 641 625
1701572022.78 34816 9776 69 641 632
1701572024.68 34817 9778 50 641 615
1701572030.33 34818 9784 6 641 523
1701572039.13 34819 9792 78 641 556
1701572045.03 34820 9798 60 641 624
1701572057.32 34821 9810 81 641 527
1701572064.81 34822 9818 22 641 625
1701572065.22 34823 9818 54 641 563
1701572069.88 34824 9823 11 641 616
1701572070.54 34825 9823 69 641 585
1701572082.34 34826 9835 41 641 628
1701572085.49 34827 9838 48 641 628
1701572087.54 34828 9840 44 641 633
1701572091.18 34829 9844 0 641 599
1701572096.52 34830 9849 25 641 626
1701572100.01 34831 9852 65 641 621
1701572105.16 34832 9857 71 641 625
1701572107.35 34833 9859 81 641 576
1701572116.26 34834 9868 65 641 626
1701572116.58 34835 9868 88 641 556
1701572117.87 34836 9870 8 641 628
1701572131.43 34837 9883 57 641 620
1701572133.21 34838 9885 26 641 631
1701572138.71 34839 9890 67 641 526
1701572139.28 34840 9891 15 641 533
1701572145.73 34841 9897 51 641 579
1701572159.18 34842 9910 89 641 628
1701572164.83 34843 9916 45 641 552
1701572167.66 34844 9919 20 641 586
1701572170.23 34845 9921 68 641 628
1701572172.05 34846 9923 41 641 594
1701572177.96 34847 9929 23 641 580
1701572190.78 34848 9941 98 641 504
1701572191.86 34849 9942 97 641 611
1701572199.62 34850 9950 65 641 611
1701572203.9 34851 9954 84 641 542
1701572205.42 34852 9956 27 641 469
1701572206.95 34853 9957 71 641 609
1701572207.71 34854 9958 38 641 578
1701572208.17 34855 9958 75 641 491
1701572210.21 34856 9960 70 641 628
1701572219.3 34857 9969 71 641 620
1701572228.83 34858 9979 16 641 602
1701572229.7 34859 9979 94 641 598
1701572232.74 34860 9982 89 641 589
1701572242.22 34861 9992 30 641 609
1701572254.51 34862 10004 50 641 624
1701572265.46 34863 10015 38 641 624
1701572265.79 34864 10015 62 641 558
1701572267.81 34865 10017 55 641 620
1701572275.63 34866 10025 28 641 624
1701572276.75 34867 10026 31 641 568
1701572288.54 34868 10038 2 641 628
1701572289.24 34869 10038 62 641 582
1701572292.78 34870 10042 7 641 620
1701572293.42 34871 10042 62 641 578
1701572297.35 34872 10046 47 641 622
1701572308.61 34873 10057 65 641 627
1701572347.44 34874 10096 42 641 619
1701572347.93 34875 10096 82 641 571
1701572358.3 34876 10107 11 641 625
1701572359.54 34877 10108 26 641 621
1701572362.54 34878 10111 17 641 627
1701572363.29 34879 10111 83 641 590
1701572372.39 34880 10120 84 641 629
1701572387.53 34881 10135 90 641 572
1701572389.68 34882 10137 96 641 561
1701572405.29 34883 10153 49 641 627
1701572414.46 34884 10162 58 641 519
1701572416.11 34885 10164 13 641 617
1701572439.97 34886 10187 93 641 626
1701572440.55 34887 10188 41 641 576
1701572447.5 34888 10195 27 641 573
1701572451.31 34889 10198 99 641 634
1701572456.89 34890 10204 48 641 630
1701572458.29 34891 10205 78 641 608
1701572462.93 34892 10210 34 641 610
1701572467.15 34893 10214 47 641 627
1701572468.9 34894 10216 12 641 628
1701572481.06 34895 10228 20 641 620
1701572489.07 34896 10236 12 641 615
1701572513.1 34897 10260 9 641 621
1701572524.42 34898 10271 33 641 622
1701572529.87 34899 10276 70 641 626
1701572539.37 34900 10286 11 641 618
1701572543.03 34901 10289 68 641 616
1701572548.58 34902 10295 14 641 621
1701572557.48 34903 10303 95 641 628
1701572562.6 34904 10308 99 641 487
1701572569.51 34905 10315 81 641 620
1701572585.42 34906 10331 64 641 628
1701572586.08 34907 10332 21 641 580
1701572587.69 34908 10333 73 641 625
1701572592.66 34909 10338 61 641 627
1701572599.34 34910 10345 20 641 626
1701572600.21 34911 10345 98 641 600
1701572605.59 34912 10351 27 641 565
1701572610.6 34913 10356 19 641 613
1701572612.45 34914 10357 95 641 596
1701572617.19 34915 10362 61 641 616
1701572620.24 34916 10365 57 641 623
1701572625.64 34917 10370 89 641 543
1701572628.88 34918 10374 3 641 456
1701572636.9 34919 10381 97 641 622
1701572642.79 34920 10387 77 641 617
1701572663.01 34921 10407 92 641 504
1701572665.97 34922 10410 79 641 556
1701572682.27 34923 10427 1 641 603
1701572688.88 34924 10433 54 641 623
1701572698.81 34925 10443 39 641 587
1701572708.24 34926 10452 74 641 615
1701572711.73 34927 10456 14 641 627
1701572720.26 34928 10464 58 641 622
1701572730.4 34929 10474 63 641 563
1701572731.44 34930 10475 58 641 601
1701572735.48 34931 10479 53 641 620
1701572739.61 34932 10483 56 641 619
1701572745.75 34933 10489 61 641 624
1701572752.49 34934 10496 27 641 625
1701572754.01 34935 10497 69 641 611
1701572754.99 34936 10498 58 641 604
1701572762.41 34937 10505 92 641 621
1701572762.51 34938 10505 92 640 534
1701572763.94 34939 10507 27 641 615
1701572769.81 34940 10513 5 641 507
1701572779.15 34941 10522 31 641 628
1701572802.08 34942 10545 17 641 636
1701572802.66 34943 10545 65 641 576
1701572807.9 34944 10550 80 641 580
1701572810.49 34945 10553 31 641 617
1701572816.55 34946 10559 28 641 628
1701572820.79 34947 10563 43 641 589
1701572825.13 34948 10567 68 641 602
1701572826.7 34949 10569 16 641 611
1701572836.0 34950 10578 38 641 627
1701572846.75 34951 10589 6 641 623
1701572847.02 34952 10589 23 641 553
1701572873.84 34953 10615 99 641 619
1701572876.78 34954 10618 84 641 628
1701572877.88 34955 10619 85 641 612
1701572882.24 34956 10624 12 641 521
1701572882.5 34957 10624 29 641 554
1701572890.92 34958 10632 63 641 609
1701572899.05 34959 10640 67 641 571
1701572899.47 34960 10640 99 640 268
1701572900.48 34961 10641 91 641 608
1701572900.81 34962 10642 14 641 558
1701572904.02 34963 10645 26 641 573
1701572910.92 34964 10652 7 641 380
1701572915.45 34965 10656 51 641 623
1701572948.93 34966 10689 93 641 629
1701572950.56 34967 10691 46 641 508
1701572961.72 34968 10702 54 641 624
1701572965.46 34969 10706 18 641 630
1701572966.1 34970 10706 73 641 579
1701572972.46 34971 10713 1 641 614
1701572977.67 34972 10718 13 641 609
1701572995.2 34973 10735 59 641 611
1701572995.93 34974 10736 22 641 586
1701573001.56 34975 10741 76 641 624
1701573005.74 34976 10745 85 641 626
1701573006.09 34977 10746 11 641 559
1701573020.07 34978 10760 1 641 513
1701573029.88 34979 10769 75 641 620
1701573032.49 34980 10772 26 641 630
1701573043.6 34981 10783 30 641 531
1701573049.24 34982 10788 84 641 592
1701573053.48 34983 10792 99 641 623
1701573053.58 34984 10793 0 641 537
1701573062.15 34985 10801 49 641 617
1701573067.88 34986 10807 13 637 234
1701573072.07 34987 10811 24 641 629
1701573077.16 34988 10816 23 641 624
1701573079.07 34989 10818 5 641 600
1701573082.44 34990 10821 34 641 629
1701573088.91 34991 10827 72 641 632
1701573091.15 34992 10829 87 641 628
1701573099.2 34993 10837 83 641 409
1701573104.85 34994 10843 40 641 621
1701573113.34 34995 10851 81 641 583
1701573119.25 34996 10857 63 641 415
1701573119.35 34997 10857 63 640 533
1701573120.52 34998 10858 72 641 623
1701573127.04 34999 10865 15 641 621
1701573135.77 35000 10873 80 641 629
1701573135.98 35001 10873 92 641 547
1701573138.03 35002 10875 87 641 397
1701573141.89 35003 10879 64 641 621
1701573145.7 35004 10883 36 641 632
1701573154.18 35005 10891 76 641 486
1701573158.38 35006 10895 86 641 621
1701573167.04 35007 10904 44 641 615
1701573168.06 35008 10905 37 641 606
1701573172.41 35009 10909 63 641 628
1701573172.51 35010 10909 63 640 533
1701573175.75 35011 10912 78 641 628
1701573179.56 35012 10916 50 641 588
1701573190.26 35013 10927 12 641 628
1701573191.37 35014 10928 13 641 583
1701573192.38 35015 10929 5 641 609
1701573193.32 35016 10929 90 641 557
1701573205.33 35017 10941 83 641 620
1701573206.99 35018 10943 40 641 612
1701573212.47 35019 10948 78 641 600
1701573213.31 35020 10949 53 641 593
1701573215.2 35021 10951 32 641 534
1701573217.01 35022 10953 4 641 620
1701573219.79 35023 10955 73 641 586
1701573220.06 35024 10955 91 641 494
1701573220.26 35025 10956 1 641 545
1701573223.58 35026 10959 25 641 623
1701573226.6 35027 10962 17 641 631
1701573233.06 35028 10968 55 641 627
1701573245.0 35029 10980 40 641 627
1701573252.08 35030 10987 39 641 508
1701573253.17 35031 10988 39 641 616
1701573262.67 35032 10997 81 641 622
1701573262.89 35033 10997 93 641 551
1701573268.29 35034 11003 25 641 620
1701573271.82 35035 11006 68 641 628
1701573280.09 35036 11014 86 641 408
1701573285.4 35037 11020 9 641 576
1701573287.05 35038 11021 65 641 622
1701573290.39 35039 11024 90 641 625
1701573291.64 35040 11026 5 641 624
1701573297.24 35041 11031 57 641 629
1701573299.45 35042 11033 69 641 619
1701573335.66 35043 11069 84 641 620
1701573359.06 35044 11093 17 641 625
1701573360.77 35045 11094 79 641 561
1701573369.94 35046 11103 87 641 615
1701573377.58 35047 11111 43 641 627
1701573390.14 35048 11123 91 641 591
1701573392.54 35049 11126 21 641 593
1701573394.28 35050 11127 85 641 625
1701573397.53 35051 11131 2 641 562
1701573400.55 35052 11133 95 641 622
1701573411.94 35053 11145 26 641 629
1701573415.1 35054 11148 32 641 616
1701573424.94 35055 11158 9 641 628
1701573431.41 35056 11164 48 641 622
1701573437.5 35057 11170 48 641 630
1701573437.89 35058 11170 77 641 560
1701573441.41 35059 11174 20 641 627
1701573448.67 35060 11181 37 641 606
1701573449.59 35061 11182 19 641 538
1701573466.57 35062 11199 10 641 614
1701573474.23 35063 11206 67 641 627
1701573481.6 35064 11213 96 641 627
1701573488.47 35065 11220 74 641 630
1701573513.22 35066 11245 43 641 618
1701573522.71 35067 11254 83 641 622
1701573537.11 35068 11269 15 641 628
1701573538.12 35069 11270 7 641 605
1701573541.85 35070 11273 72 641 627
1701573552.32 35071 11284 10 641 622
1701573555.38 35072 11287 7 641 624
1701573557.28 35073 11288 88 641 626
1701573564.48 35074 11295 99 641 630
1701573564.61 35075 11296 3 641 542
1701573571.6 35076 11302 94 641 630
1701573574.17 35077 11305 42 641 630
1701573575.18 35078 11306 33 641 507
1701573575.51 35079 11306 57 641 558
1701573582.05 35080 11313 3 641 594
1701573589.45 35081 11320 35 641 629
1701573594.03 35082 11324 83 641 632
1701573594.19 35083 11324 90 641 540
1701573596.4 35084 11327 2 641 595
1701573596.49 35085 11327 2 640 537
1701573598.96 35086 11329 41 641 488
1701573603.52 35087 11333 87 641 632
1701573604.31 35088 11334 57 641 593
1701573607.98 35089 11338 15 641 633
1701573608.71 35090 11338 79 641 588
1701573619.08 35091 11349 7 641 628
1701573626.23 35092 11356 15 641 627
1701573640.88 35093 11370 71 641 597
1701573642.3 35094 11372 4 641 613
1701573654.58 35095 11384 24 641 427
1701573657.94 35096 11387 52 641 630
1701573666.11 35097 11395 60 641 628
1701573669.12 35098 11398 52 641 626
1701573681.74 35099 11411 6 641 628
1701573684.38 35100 11413 61 641 565
1701573689.22 35101 11418 36 641 632
1701573699.46 35102 11428 51 641 610
1701573701.24 35103 11430 20 641 617
1701573704.57 35104 11433 44 641 629
1701573714.54 35105 11443 33 641 611
1701573715.04 35106 11443 74 641 570
1701573719.63 35107 11448 24 641 617
1701573724.91 35108 11453 43 641 557
1701573725.33 35109 11453 75 636 141
1701573729.69 35110 11458 3 641 625
1701573732.29 35111 11460 54 641 571
1701573732.49 35112 11460 64 641 546
1701573740.12 35113 11468 18 641 629
1701573741.62 35114 11469 59 641 589
1701573749.71 35115 11477 60 641 610
1701573750.23 35116 11478 2 641 571
1701573751.05 35117 11478 76 641 595
1701573756.28 35118 11483 90 641 631
1701573756.8 35119 11484 32 641 576
1701573764.95 35120 11492 38 641 629
1701573767.9 35121 11495 24 641 549
1701573771.46 35122 11498 71 641 609
1701573773.4 35123 11500 55 641 599
1701573784.79 35124 11511 87 641 622
1701573786.53 35125 11513 52 641 628
1701573800.3 35126 11527 21 641 615
1701573808.55 35127 11535 38 641 588
1701573815.69 35128 11542 43 641 631
1701573825.32 35129 11551 97 641 628
1701573836.89 35130 11563 46 641 501
1701573845.65 35131 11572 13 641 630
1701573853.57 35132 11579 96 641 602
1701573853.89 35133 11580 19 641 522
1701573856.34 35134 11582 55 641 537
1701573859.34 35135 11585 45 640 326
1701573863.5 35136 11589 52 641 626
1701573864.04 35137 11589 96 641 573
1701573865.53 35138 11591 36 641 624
1701573873.99 35139 11599 74 641 620
1701573876.92 35140 11602 57 641 619
1701573897.88 35141 11623 46 641 521
1701573907.93 35142 11633 43 641 591
1701573913.73 35143 11639 14 641 550
1701573915.99 35144 11641 31 641 624
1701573916.39 35145 11641 61 641 562
1701573916.66 35146 11641 78 641 555
1701573917.25 35147 11642 29 641 583
1701573923.86 35148 11648 81 641 562
1701573936.72 35149 11661 59 641 618
1701573937.0 35150 11661 77 641 552
1701573937.78 35151 11662 46 641 554
1701573960.27 35152 11684 88 641 613
1701573961.8 35153 11686 32 641 608
1701573965.67 35154 11690 10 641 626
1701573966.26 35155 11690 60 641 518
1701573970.04 35156 11694 28 641 626
1701573981.02 35157 11705 18 641 631
1701573982.61 35158 11706 68 641 540
1701573985.35 35159 11709 33 641 624
1701573989.27 35160 11713 17 641 618
1701573995.32 35161 11719 13 641 631
1701574011.51 35162 11735 24 641 573
1701574024.38 35163 11748 3 641 616
1701574024.57 35164 11748 13 641 548
1701574033.51 35165 11756 98 641 631
1701574034.43 35166 11757 81 641 600
1701574035.11 35167 11758 40 641 586
1701574038.11 35168 11761 31 641 596
1701574038.25 35169 11761 35 641 461
1701574043.15 35170 11766 17 641 621
1701574047.21 35171 11770 14 641 520
1701574047.86 35172 11770 70 641 583
