1702425607.31 45643 64712 59 641 624
1702425608.45 45644 64713 64 641 624
1702425610.36 45645 64715 46 641 602
1702425611.3 45646 64716 31 641 548
1702425634.5 45647 64739 44 641 628
1702425638.74 45648 64743 59 641 626
1702425645.61 45649 64750 37 641 625
1702425648.59 45650 64753 26 641 621
1702425652.24 45651 64756 82 641 402
1702425680.82 45652 64785 34 641 626
1702425681.35 45653 64785 77 641 576
1702425684.72 45654 64789 5 641 618
1702425693.26 45655 64797 51 641 628
1702425705.4 45656 64809 57 641 588
1702425724.85 45657 64828 95 641 626
1702425748.38 45658 64852 41 641 588
1702425757.19 45659 64861 13 641 627
1702425770.82 45660 64874 69 641 624
1702425770.96 45661 64874 73 641 538
1702425781.14 45662 64884 84 641 629
1702425782.97 45663 64886 58 641 623
1702425796.94 45664 64900 47 641 632
1702425803.62 45665 64907 6 641 624
1702425806.09 45666 64909 45 641 635
1702425816.57 45667 64919 84 641 628
1702425818.27 45668 64921 45 641 593
1702425824.18 45669 64927 27 641 610
1702425827.26 45670 64930 26 641 627
1702425832.29 45671 64935 20 641 628
1702425839.01 45672 64941 83 641 618
1702425843.07 45673 64945 80 641 626
1702425851.92 45674 64954 57 641 629
1702425857.14 45675 64959 70 641 624
1702425857.67 45676 64960 14 640 440
1702425875.71 45677 64978 10 641 622
1702425884.23 45678 64986 54 641 562
1702425886.6 45679 64988 82 641 626
1702425888.68 45680 64990 81 641 558
1702425895.81 45681 64997 84 641 583
1702425900.01 45682 65001 96 641 631
1702425905.64 45683 65007 50 641 621
1702425908.62 45684 65010 39 641 625
1702425922.6 45685 65024 29 641 627
1702425929.78 45686 65031 38 641 606
1702425931.67 45687 65033 19 641 632
1702425938.42 45688 65039 85 641 619
1702425939.04 45689 65040 38 641 583
1702425939.31 45690 65040 55 641 520
1702425943.55 45691 65044 70 641 513
1702425947.48 45692 65048 54 641 539
1702425952.88 45693 65053 85 641 607
1702425956.05 45694 65056 93 641 605
1702425960.07 45695 65060 86 641 599
1702425964.34 45696 65065 5 641 619
1702425966.87 45697 65067 48 641 614
1702425968.12 45698 65068 65 641 614
1702425971.08 45699 65071 52 641 592
1702425973.17 45700 65073 52 641 491
1702425976.37 45701 65076 63 641 600
1702425977.4 45702 65077 57 641 617
1702425982.16 45703 65082 24 641 622
1702425988.46 45704 65088 44 641 627
1702425990.58 45705 65090 47 641 631
1702425993.21 45706 65093 1 641 631
1702425997.74 45707 65097 45 641 628
1702426002.63 45708 65102 25 641 610
1702426009.75 45709 65109 28 641 588
1702426011.71 45710 65111 15 641 626
1702426014.61 45711 65113 96 641 614
1702426017.64 45712 65116 90 641 625
1702426018.29 45713 65117 46 641 586
1702426018.64 45714 65117 71 641 563
1702426030.21 45715 65129 20 641 621
1702426036.88 45716 65135 78 641 634
1702426040.75 45717 65139 55 641 628
1702426043.55 45718 65142 26 641 553
1702426048.31 45719 65146 93 641 626
1702426048.41 45720 65146 93 640 532
1702426064.55 45721 65163 1 641 628
1702426066.77 45722 65165 14 641 618
1702426069.12 45723 65167 39 641 624
1702426070.16 45724 65168 34 641 617
1702426074.56 45725 65172 65 641 633
1702426079.79 45726 65177 79 641 620
1702426080.83 45727 65178 74 641 615
1702426083.67 45728 65181 48 641 618
1702426094.81 45729 65192 54 641 622
1702426105.16 45730 65202 81 641 619
1702426111.77 45731 65209 33 641 623
1702426113.25 45732 65210 72 641 626
1702426118.66 45733 65216 4 641 518
1702426121.29 45734 65218 58 641 629
1702426138.61 45735 65235 82 641 538
1702426156.57 45736 65253 71 641 629
1702426158.37 45737 65255 42 641 628
1702426163.31 45738 65260 27 641 585
1702426173.79 45739 65270 66 641 635
1702426179.29 45740 65276 7 641 633
1702426198.69 45741 65295 39 641 626
1702426199.73 45742 65296 34 641 614
1702426201.18 45743 65297 69 641 623
1702426215.02 45744 65311 46 641 622
1702426216.33 45745 65312 68 641 611
1702426225.05 45746 65321 32 641 613
1702426227.71 45747 65323 89 641 534
1702426229.14 45748 65325 22 641 629
1702426232.15 45749 65328 14 641 638
1702426241.32 45750 65337 23 641 618
1702426242.6 45751 65338 41 641 588
1702426252.4 45752 65348 13 641 630
1702426263.19 45753 65358 84 641 625
1702426264.81 45754 65360 36 641 627
1702426269.12 45755 65364 58 641 615
1702426281.56 45756 65376 94 641 627
1702426319.2 45757 65414 53 641 628
1702426321.07 45758 65416 31 641 629
1702426324.86 45759 65420 1 641 626
1702426324.99 45760 65420 4 641 541
1702426327.81 45761 65422 77 641 616
1702426332.25 45762 65427 12 641 622
1702426333.73 45763 65428 51 641 607
1702426333.83 45764 65428 51 640 533
1702426338.53 45765 65433 13 640 271
1702426342.17 45766 65436 68 641 559
1702426343.12 45767 65437 54 641 607
1702426348.46 45768 65442 80 641 621
1702426367.41 45769 65461 68 641 630
1702426372.06 45770 65466 24 641 538
1702426374.02 45771 65468 10 641 629
1702426382.21 45772 65476 20 641 627
1702426387.64 45773 65481 56 641 620
1702426394.33 45774 65488 16 641 620
1702426405.97 45775 65499 73 641 612
1702426406.84 45776 65500 51 641 604
1702426407.04 45777 65500 61 641 546
1702426407.73 45778 65501 20 641 593
1702426407.86 45779 65501 24 641 544
1702426408.2 45780 65501 48 641 522
1702426425.49 45781 65518 70 641 621
1702426433.85 45782 65526 97 641 605
1702426434.82 45783 65527 85 641 610
1702426438.18 45784 65531 12 641 617
1702426468.76 45785 25 65 641 630
1702426469.01 45786 25 81 641 553
1702426471.4 45787 28 12 641 588
1702426472.3 45788 28 94 641 601
1702426479.58 45789 36 14 641 626
1702426482.83 45790 39 31 641 600
1702426485.9 45791 42 31 641 621
1702426486.42 45792 42 74 641 575
1702426488.42 45793 44 66 641 631
1702426496.7 45794 52 86 641 613
1702426501.79 45795 57 87 641 580
1702426508.86 45796 64 86 641 624
1702426513.24 45797 69 17 641 586
1702426529.09 45798 84 95 641 631
1702426541.78 45799 97 57 641 624
1702426541.9 45800 97 61 641 541
1702426554.09 45801 109 73 641 603
1702426554.57 45802 110 13 641 573
1702426555.74 45803 111 21 641 456
1702426563.86 45804 119 26 641 622
1702426565.48 45805 120 80 641 619
1702426580.53 45806 135 78 641 624
1702426583.46 45807 138 62 641 624
1702426585.92 45808 141 0 641 633
1702426590.32 45809 145 32 641 630
1702426596.18 45810 151 10 641 515
1702426598.67 45811 153 50 641 625
1702426603.39 45812 158 15 641 629
1702426610.35 45813 165 3 641 630
1702426613.73 45814 168 33 641 617
1702426616.42 45815 170 93 641 513
1702426621.38 45816 175 81 641 623
1702426621.53 45817 175 87 641 543
1702426627.74 45818 182 0 641 623
1702426636.39 45819 190 58 641 620
1702426643.87 45820 197 97 641 581
1702426655.5 45821 209 53 641 632
1702426657.81 45822 211 76 641 628
1702426675.64 45823 229 52 641 594
1702426676.93 45824 230 72 641 631
1702426685.86 45825 239 58 641 630
1702426689.04 45826 242 67 641 400
1702426692.85 45827 246 40 641 509
1702426699.91 45828 253 38 641 630
1702426704.34 45829 257 73 641 536
1702426708.38 45830 261 68 641 626
1702426714.67 45831 267 89 641 616
1702426716.42 45832 269 56 641 627
1702426719.54 45833 272 60 641 629
1702426726.95 45834 279 93 641 630
1702426730.12 45835 283 1 641 621
1702426735.96 45836 288 77 641 619
1702426738.38 45837 291 12 641 626
1702426744.02 45838 296 68 641 609
1702426748.31 45839 300 88 641 625
1702426767.14 45840 319 65 641 628
1702426790.36 45841 342 82 641 627
1702426792.13 45842 344 51 641 625
1702426817.94 45843 370 26 641 628
1702426821.93 45844 374 17 641 606
1702426825.45 45845 377 61 641 620
1702426826.74 45846 378 82 641 613
1702426827.59 45847 379 59 641 577
1702426829.74 45848 381 65 641 628
1702426831.85 45849 383 68 641 630
1702426838.14 45850 389 89 641 624
1702426848.94 45851 400 62 641 588
1702426851.05 45852 402 64 641 606
1702426862.33 45853 413 85 641 631
1702426877.4 45854 428 85 641 629
1702426889.4 45855 440 78 641 621
1702426898.85 45856 450 16 641 623
1702426901.52 45857 452 74 641 620
1702426911.38 45858 462 52 641 611
1702426922.82 45859 473 89 641 601
1702426931.74 45860 482 73 641 590
1702426936.46 45861 487 37 641 619
1702426939.25 45862 490 8 641 619
1702426941.71 45863 492 46 641 532
1702426948.95 45864 499 62 641 630
1702426951.08 45865 501 66 641 624
1702426956.43 45866 506 94 641 617
1702426990.15 45867 540 61 641 627
1702427009.83 45868 560 22 641 620
1702427011.05 45869 561 36 641 628
1702427011.57 45870 561 80 641 576
1702427011.93 45871 562 7 641 489
1702427023.41 45872 573 48 641 602
1702427025.11 45873 575 10 641 623
1702427026.86 45874 576 76 641 623
1702427033.21 45875 583 3 641 511
1702427033.44 45876 583 18 641 551
1702427056.44 45877 606 12 641 624
1702427062.1 45878 611 69 641 541
1702427063.36 45879 612 87 641 626
1702427063.89 45880 613 32 641 573
1702427064.34 45881 613 68 641 501
1702427072.68 45882 621 95 641 630
1702427088.12 45883 637 32 641 630
1702427089.63 45884 638 74 641 615
1702427094.91 45885 643 94 641 619
1702427107.45 45886 656 42 641 607
1702427119.66 45887 668 55 641 630
1702427120.94 45888 669 74 641 633
1702427131.49 45889 680 22 641 556
1702427132.38 45890 681 2 641 461
1702427159.69 45891 708 28 641 631
1702427171.87 45892 720 38 641 621
1702427173.05 45893 721 48 641 626
1702427178.98 45894 727 33 641 615
1702427181.69 45895 729 96 641 621
1702427183.78 45896 731 97 641 550
1702427184.83 45897 732 93 641 593
1702427195.64 45898 743 66 641 631
1702427199.88 45899 747 82 641 629
1702427201.78 45900 749 64 641 633
1702427202.83 45901 750 60 641 616
1702427211.15 45902 758 85 641 607
1702427214.72 45903 762 34 641 429
1702427233.48 45904 781 4 641 628
1702427243.2 45905 790 69 641 615
1702427246.14 45906 793 55 641 624
1702427248.28 45907 795 60 641 636
1702427253.59 45908 800 84 641 622
1702427253.8 45909 800 96 641 551
1702427255.18 45910 802 25 641 608
1702427256.63 45911 803 62 641 596
1702427259.84 45912 806 75 641 629
1702427276.47 45913 823 31 641 567
1702427281.19 45914 827 95 641 628
1702427282.85 45915 829 52 641 540
1702427292.49 45916 839 9 640 297
1702427293.23 45917 839 75 641 591
1702427296.54 45918 842 98 641 623
1702427298.14 45919 844 50 641 623
1702427304.78 45920 851 6 641 630
1702427307.89 45921 854 9 641 614
1702427309.15 45922 855 27 640 260
1702427314.75 45923 860 79 641 616
1702427318.05 45924 864 1 641 623
1702427319.83 45925 865 70 641 569
1702427324.06 45926 869 85 641 627
1702427324.84 45927 870 54 641 531
1702427325.63 45928 871 24 641 594
1702427331.1 45929 876 64 641 587
1702427335.34 45930 880 79 641 628
1702427338.09 45931 883 45 641 629
1702427341.25 45932 886 53 641 392
1702427341.41 45933 886 61 641 545
1702427346.39 45934 891 51 641 632
1702427349.63 45935 894 66 641 616
1702427356.51 45936 901 47 641 516
1702427357.18 45937 902 5 641 586
1702427358.46 45938 903 25 641 588
1702427362.96 45939 907 66 641 601
1702427374.86 45940 919 49 641 629
1702427378.11 45941 922 65 641 627
1702427379.05 45942 923 50 641 606
1702427379.53 45943 923 90 641 505
1702427382.79 45944 927 7 641 629
1702427383.93 45945 928 13 641 619
1702427384.39 45946 928 50 641 571
1702427390.42 45947 934 45 641 622
1702427394.02 45948 937 97 641 617
1702427399.85 45949 943 72 641 628
1702427414.04 45950 957 84 641 627
1702427424.44 45951 968 16 641 579
1702427429.16 45952 972 80 641 633
1702427435.6 45953 979 16 641 626
1702427436.07 45954 979 55 641 568
1702427436.16 45955 979 55 640 534
1702427441.71 45956 985 2 641 624
1702427445.96 45957 989 21 641 618
1702427449.97 45958 993 13 641 606
1702427454.87 45959 997 95 641 626
1702427463.04 45960 1006 5 641 625
1702427465.94 45961 1008 86 641 628
1702427476.09 45962 1018 94 641 536
1702427476.62 45963 1019 37 641 577
1702427481.14 45964 1023 80 641 624
1702427494.64 45965 1037 22 641 633
1702427497.3 45966 1039 80 641 611
1702427500.43 45967 1042 84 641 620
1702427512.73 45968 1055 6 641 627
1702427513.27 45969 1055 52 641 577
1702427520.95 45970 1063 11 641 596
1702427526.55 45971 1068 63 641 620
1702427530.85 45972 1072 85 641 622
1702427535.48 45973 1077 39 641 621
1702427537.61 45974 1079 43 641 624
1702427548.97 45975 1090 71 641 632
1702427559.79 45976 1101 46 641 624
1702427573.1 45977 1114 69 641 624
1702427580.46 45978 1121 97 641 558
1702427581.16 45979 1122 59 641 518
1702427583.33 45980 1124 67 641 624
1702427584.45 45981 1125 69 641 570
1702427597.84 45982 1139 2 641 625
1702427602.39 45983 1143 48 641 626
1702427606.13 45984 1147 14 641 615
1702427610.04 45985 1150 96 641 441
1702427629.9 45986 1170 75 641 619
1702427635.52 45987 1176 28 641 624
1702427639.33 45988 1180 0 641 620
1702427639.67 45989 1180 26 641 561
1702427640.75 45990 1181 25 641 620
1702427641.04 45991 1181 44 641 556
1702427644.51 45992 1184 83 641 625
1702427662.8 45993 1203 4 641 627
1702427664.49 45994 1204 65 641 632
1702427668.43 45995 1208 50 641 625
1702427669.79 45996 1209 77 641 606
1702427672.81 45997 1212 70 641 602
1702427673.61 45998 1213 41 641 598
1702427679.22 45999 1218 93 641 614
1702427680.34 46000 1219 96 641 620
1702427683.33 46001 1222 87 641 626
1702427686.84 46002 1226 29 641 583
1702427687.04 46003 1226 40 641 551
1702427698.84 46004 1238 12 641 575
1702427703.5 46005 1242 69 641 552
1702427703.74 46006 1242 84 641 550
1702427705.64 46007 1244 65 641 573
1702427708.71 46008 1247 63 641 631
1702427715.78 46009 1254 63 641 624
1702427718.04 46010 1256 80 641 598
1702427735.89 46011 1274 58 641 583
1702427739.66 46012 1278 26 641 630
1702427739.78 46013 1278 29 641 537
1702427754.72 46014 1293 16 641 624
1702427760.36 46015 1298 72 641 627
1702427770.07 46016 1308 35 641 632
1702427781.28 46017 1319 48 641 625
1702427788.37 46018 1326 49 641 495
1702427796.27 46019 1334 31 641 634
1702427797.52 46020 1335 47 641 476
1702427801.34 46021 1339 20 641 625
1702427801.5 46022 1339 26 641 544
1702427803.05 46023 1340 73 641 592
1702427809.24 46024 1346 84 641 625
1702427815.08 46025 1352 60 641 584
1702427828.0 46026 1365 43 641 623
1702427850.6 46027 1387 98 641 616
1702427852.79 46028 1390 8 641 630
1702427855.19 46029 1392 39 641 627
1702427859.4 46030 1396 52 641 625
1702427863.09 46031 1400 13 641 630
1702427880.87 46032 1417 83 641 621
1702427890.1 46033 1426 98 641 606
1702427890.8 46034 1427 59 641 589
1702427896.46 46035 1433 17 641 616
1702427907.83 46036 1444 45 641 604
1702427918.8 46037 1455 35 641 611
1702427936.68 46038 1473 16 641 632
1702427938.92 46039 1475 31 641 618
1702427942.67 46040 1478 98 641 626
1702427947.89 46041 1484 11 641 556
1702427963.53 46042 1499 68 641 621
1702427966.47 46043 1502 53 641 521
1702427971.26 46044 1507 23 641 622
1702427985.48 46045 1521 38 641 628
1702427987.37 46046 1523 18 641 555
1702427990.96 46047 1526 69 641 620
1702427996.16 46048 1531 80 641 622
1702428006.05 46049 1541 61 641 560
1702428017.33 46050 1552 82 641 627
1702428021.69 46051 1557 9 641 622
1702428022.99 46052 1558 31 641 611
1702428024.62 46053 1559 84 641 521
1702428031.26 46054 1566 40 641 551
1702428034.31 46055 1569 36 641 630
1702428036.03 46056 1571 0 641 626
1702428043.08 46057 1577 97 641 607
1702428046.12 46058 1580 92 641 634
1702428047.7 46059 1582 41 641 504
1702428051.73 46060 1586 36 641 626
1702428053.19 46061 1587 73 641 621
1702428053.72 46062 1588 16 641 575
1702428068.54 46063 1602 90 641 626
1702428072.87 46064 1607 15 641 624
1702428079.78 46065 1613 98 641 626
1702428085.36 46066 1619 48 641 622
1702428085.46 46067 1619 48 640 535
1702428096.38 46068 1630 33 641 621
1702428099.67 46069 1633 53 641 627
1702428102.01 46070 1635 78 641 622
1702428111.51 46071 1645 20 641 526
1702428113.04 46072 1646 64 641 628
1702428118.01 46073 1651 53 641 612
1702428123.26 46074 1656 70 641 630
1702428124.99 46075 1658 34 641 433
1702428125.86 46076 1659 12 641 600
1702428127.08 46077 1660 25 641 610
1702428140.06 46078 1673 16 641 617
1702428141.97 46079 1674 97 641 468
1702428147.69 46080 1680 61 641 567
1702428152.05 46081 1684 89 641 621
1702428159.77 46082 1692 53 641 627
1702428166.54 46083 1699 22 641 619
1702428170.27 46084 1702 86 641 629
1702428172.23 46085 1704 73 641 625
1702428177.55 46086 1709 96 641 632
1702428180.35 46087 1712 68 641 629
1702428184.26 46088 1716 51 641 628
1702428185.47 46089 1717 63 641 624
1702428186.05 46090 1718 12 641 579
1702428190.16 46091 1722 14 641 605
1702428199.53 46092 1731 43 641 543
1702428200.98 46093 1732 79 641 607
1702428201.86 46094 1733 59 641 602
1702428202.89 46095 1734 52 641 611
1702428211.14 46096 1742 69 641 617
1702428215.95 46097 1747 41 641 630
1702428222.32 46098 1753 70 641 622
1702428235.12 46099 1766 43 641 627
1702428235.22 46100 1766 43 640 532
1702428237.78 46101 1768 91 641 467
1702428241.94 46102 1772 99 641 630
1702428250.02 46103 1780 98 641 623
1702428252.35 46104 1783 22 641 601
1702428252.44 46105 1783 22 640 534
1702428255.96 46106 1786 66 641 624
1702428258.96 46107 1789 58 641 627
1702428266.2 46108 1796 74 641 619
1702428272.26 46109 1802 71 641 599
1702428272.35 46110 1802 71 640 535
1702428274.12 46111 1804 40 641 632
1702428279.92 46112 1810 12 641 626
1702428288.3 46113 1818 42 641 611
1702428288.83 46114 1818 86 641 573
1702428290.89 46115 1820 83 641 623
1702428303.51 46116 1833 37 641 627
1702428304.93 46117 1834 71 641 606
1702428305.26 46118 1834 94 641 506
1702428307.01 46119 1836 60 641 586
1702428317.89 46120 1847 41 641 629
1702428318.81 46121 1848 24 641 602
1702428319.13 46122 1848 46 641 559
1702428327.7 46123 1856 96 641 627
1702428328.78 46124 1857 95 641 615
1702428329.19 46125 1858 26 641 502
1702428331.07 46126 1860 6 641 622
1702428341.34 46127 1870 25 641 620
1702428342.15 46128 1870 96 641 598
1702428342.4 46129 1871 12 641 554
1702428345.41 46130 1874 5 641 605
1702428349.12 46131 1877 67 641 624
1702428351.52 46132 1879 99 641 629
1702428361.66 46133 1890 5 641 604
1702428366.65 46134 1894 96 641 628
1702428380.52 46135 1908 76 641 578
1702428383.75 46136 1911 90 641 632
1702428385.82 46137 1913 88 641 600
1702428387.23 46138 1915 20 641 463
1702428391.32 46139 1919 20 641 627
1702428391.73 46140 1919 53 641 565
1702428395.12 46141 1922 83 641 627
1702428399.05 46142 1926 67 641 573
1702428401.93 46143 1929 46 641 615
1702428415.2 46144 1942 65 641 590
1702428416.0 46145 1943 36 641 594
1702428418.71 46146 1945 98 641 624
1702428419.65 46147 1946 83 641 604
1702428424.57 46148 1951 67 641 628
1702428425.85 46149 1952 86 641 584
1702428433.57 46150 1960 50 640 337
1702428436.88 46151 1963 72 641 630
1702428441.84 46152 1968 60 641 623
1702428445.64 46153 1972 32 641 578
1702428448.6 46154 1975 19 641 615
1702428460.16 46155 1986 67 641 627
1702428462.27 46156 1988 69 641 624
1702428463.92 46157 1990 25 641 600
1702428474.58 46158 2000 84 641 621
1702428486.39 46159 2012 57 641 620
1702428491.29 46160 2017 38 641 532
1702428496.87 46161 2022 88 641 625
1702428506.24 46162 2032 16 641 627
1702428507.96 46163 2033 80 641 618
1702428518.59 46164 2044 35 641 632
1702428524.9 46165 2050 57 641 626
1702428534.95 46166 2060 54 641 585
1702428537.28 46167 2062 78 641 603
1702428537.9 46168 2063 31 641 582
1702428547.01 46169 2072 35 641 525
1702428547.5 46170 2072 75 641 572
1702428548.18 46171 2073 33 641 588
1702428553.72 46172 2078 80 641 628
1702428555.14 46173 2080 12 641 577
1702428576.4 46174 2101 32 641 596
1702428576.49 46175 2101 32 640 534
1702428577.02 46176 2101 76 641 578
1702428579.12 46177 2103 78 641 588
1702428586.99 46178 2111 57 641 613
1702428608.23 46179 2132 74 641 614
1702428616.69 46180 2141 12 641 606
