1702512025.46 60355 18787 92 641 622
1702512027.69 60356 18790 6 641 612
1702512029.26 60357 18791 54 641 594
1702512050.09 60358 18812 30 641 399
1702512067.75 60359 18829 89 641 594
1702512083.0 60360 18845 6 641 625
1702512087.7 60361 18849 68 641 624
1702512092.57 60362 18854 46 641 620
1702512093.66 60363 18855 45 641 534
1702512099.05 60364 18860 75 641 626
1702512100.2 60365 18861 80 641 579
1702512101.09 60366 18862 60 641 571
1702512124.81 60367 18886 25 641 630
1702512125.59 60368 18886 93 641 563
1702512145.21 60369 18906 48 641 614
1702512145.45 60370 18906 62 641 542
1702512150.36 60371 18911 44 641 502
1702512154.74 60372 18915 74 641 627
1702512156.46 60373 18917 36 641 534
1702512195.36 60374 18956 22 641 589
1702512208.37 60375 18969 15 641 518
1702512213.13 60376 18973 82 641 628
1702512221.08 60377 18981 68 641 628
1702512225.91 60378 18986 42 641 612
1702512226.99 60379 18987 41 641 576
1702512250.61 60380 19010 95 641 595
1702512267.51 60381 19027 77 641 619
1702512277.37 60382 19037 55 641 628
1702512290.3 60383 19050 40 641 613
1702512294.93 60384 19054 94 641 529
1702512299.26 60385 19059 18 640 438
1702512317.53 60386 19077 38 641 627
1702512321.08 60387 19080 84 641 621
1702512333.0 60388 19092 67 641 609
1702512346.0 60389 19105 59 641 594
1702512363.09 60390 19122 60 641 627
1702512370.08 60391 19129 51 641 606
1702512370.39 60392 19129 73 641 547
1702512372.7 60393 19131 95 641 620
1702512377.46 60394 19136 62 641 620
1702512377.58 60395 19136 64 641 540
1702512379.94 60396 19138 90 641 546
1702512381.02 60397 19139 89 641 575
1702512386.38 60398 19145 16 641 619
1702512393.64 60399 19152 33 641 618
1702512394.16 60400 19152 76 641 555
1702512408.21 60401 19166 72 641 536
1702512412.14 60402 19170 56 641 619
1702512420.68 60403 19179 2 641 624
1702512435.3 60404 19193 56 641 630
1702512436.41 60405 19194 58 641 578
1702512440.29 60406 19198 38 641 624
1702512449.44 60407 19207 44 641 531
1702512463.32 60408 19221 25 641 615
1702512463.46 60409 19221 29 641 540
1702512467.78 60410 19225 52 641 633
1702512468.21 60411 19225 86 641 553
1702512469.84 60412 19227 40 641 598
1702512476.2 60413 19233 67 641 625
1702512478.91 60414 19236 29 641 615
1702512487.09 60415 19244 39 641 625
1702512490.29 60416 19247 49 641 609
1702512492.87 60417 19249 98 641 581
1702512504.99 60418 19262 3 641 627
1702512505.09 60419 19262 3 640 533
1702512506.11 60420 19262 97 641 577
1702512506.21 60421 19262 97 640 533
1702512520.17 60422 19276 86 641 628
1702512524.13 60423 19280 73 641 625
1702512526.28 60424 19282 79 641 614
1702512537.67 60425 19294 10 641 620
1702512538.55 60426 19294 88 641 568
1702512542.42 60427 19298 66 641 637
1702512557.27 60428 19313 43 641 625
1702512558.89 60429 19314 96 641 531
1702512563.09 60430 19319 7 641 625
1702512570.73 60431 19326 62 641 630
1702512577.16 60432 19332 97 641 624
1702512581.34 60433 19337 6 641 612
1702512585.47 60434 19341 10 641 611
1702512587.39 60435 19342 93 641 604
1702512588.16 60436 19343 60 641 564
1702512594.43 60437 19349 79 641 622
1702512594.89 60438 19350 15 641 555
1702512599.27 60439 19354 44 641 613
1702512604.6 60440 19359 68 641 627
1702512607.08 60441 19362 7 641 626
1702512614.76 60442 19369 67 641 618
1702512618.25 60443 19373 6 641 604
1702512620.59 60444 19375 31 641 620
1702512621.42 60445 19376 5 641 568
1702512622.76 60446 19377 30 641 589
1702512638.74 60447 19393 21 641 626
1702512648.94 60448 19403 33 641 630
1702512650.66 60449 19404 96 641 599
1702512680.52 60450 19434 76 641 615
1702512681.87 60451 19436 1 641 590
1702512681.96 60452 19436 1 640 533
1702512689.6 60453 19443 58 641 626
1702512699.65 60454 19453 54 641 621
1702512699.94 60455 19453 74 641 545
1702512705.52 60456 19459 23 641 625
1702512719.28 60457 19472 90 641 627
1702512720.32 60458 19473 86 641 574
1702512725.46 60459 19478 90 641 625
1702512740.9 60460 19494 27 641 589
1702512742.46 60461 19495 74 641 597
1702512756.11 60462 19509 32 641 427
1702512766.34 60463 19519 46 641 535
1702512771.23 60464 19524 26 641 474
1702512778.64 60465 19531 59 641 623
1702512786.57 60466 19539 43 641 599
1702512792.78 60467 19545 56 641 549
1702512796.19 60468 19548 88 641 586
1702512808.01 60469 19560 61 641 625
1702512810.27 60470 19562 78 641 487
1702512816.89 60471 19569 31 641 631
1702512849.56 60472 19601 92 641 626
1702512850.81 60473 19603 8 641 582
1702512857.49 60474 19609 67 641 624
1702512860.37 60475 19612 46 641 530
1702512865.94 60476 19617 94 641 622
1702512866.32 60477 19618 23 641 551
1702512868.54 60478 19620 36 641 620
1702512870.04 60479 19621 77 641 595
1702512873.9 60480 19625 54 641 615
1702512875.46 60481 19627 1 641 596
1702512887.69 60482 19639 16 641 598
1702512893.19 60483 19644 57 641 626
1702512896.26 60484 19647 55 641 624
1702512897.26 60485 19648 46 641 573
1702512899.58 60486 19650 69 641 584
1702512907.63 60487 19658 65 641 534
1702512923.13 60488 19674 8 641 610
1702512926.61 60489 19677 48 641 492
1702512927.19 60490 19677 97 641 560
1702512935.11 60491 19685 80 641 614
1702512942.61 60492 19693 22 641 597
1702512943.81 60493 19694 32 641 584
1702512954.92 60494 19705 34 641 632
1702512963.19 60495 19713 52 641 617
1702512972.15 60496 19722 40 641 622
1702512981.31 60497 19731 47 641 561
1702512985.36 60498 19735 43 641 436
1702512995.27 60499 19745 25 641 624
1702512995.49 60500 19745 38 641 544
1702513012.58 60501 19762 38 641 595
1702513026.57 60502 19776 30 641 517
1702513027.47 60503 19777 10 641 494
1702513028.32 60504 19777 86 641 569
1702513028.53 60505 19777 98 641 544
1702513035.59 60506 19784 95 641 572
1702513039.52 60507 19788 79 641 630
1702513039.99 60508 19789 17 641 553
1702513040.4 60509 19789 48 641 555
1702513052.11 60510 19801 11 641 625
1702513053.1 60511 19802 0 641 573
1702513055.5 60512 19804 31 641 608
1702513075.15 60513 19823 88 641 620
1702513086.75 60514 19835 40 641 620
1702513088.63 60515 19837 19 641 606
1702513091.53 60516 19840 0 641 547
1702513117.35 60517 19865 76 641 614
1702513119.09 60518 19867 40 641 513
1702513120.48 60519 19868 70 641 590
1702513120.67 60520 19868 80 641 545
1702513120.78 60521 19868 82 641 541
1702513134.81 60522 19882 77 641 611
1702513137.23 60523 19885 10 641 591
1702513139.16 60524 19886 93 641 516
1702513145.21 60525 19892 90 641 484
1702513146.39 60526 19893 99 641 583
1702513153.1 60527 19900 61 641 631
1702513156.75 60528 19904 18 641 575
1702513160.12 60529 19907 45 641 527
1702513161.73 60530 19908 97 641 596
1702513172.75 60531 19919 90 641 622
1702513174.71 60532 19921 77 641 607
1702513176.16 60533 19923 13 641 594
1702513177.32 60534 19924 20 641 582
1702513182.57 60535 19929 35 641 544
1702513185.99 60536 19932 68 641 630
1702513194.86 60537 19941 47 641 629
1702513201.05 60538 19947 57 641 631
1702513204.55 60539 19950 98 641 627
1702513214.47 60540 19960 82 641 613
1702513215.75 60541 19962 1 641 586
1702513217.6 60542 19963 77 641 607
1702513222.53 60543 19968 61 641 618
1702513225.38 60544 19971 37 641 621
1702513227.25 60545 19973 15 641 608
1702513241.35 60546 19987 17 641 610
1702513256.78 60547 20002 52 641 615
1702513257.71 60548 20003 35 641 574
1702513260.05 60549 20005 60 641 622
1702513260.84 60550 20006 30 641 569
1702513270.27 60551 20015 64 641 544
1702513282.35 60552 20027 65 641 609
1702513292.95 60553 20038 16 641 609
1702513299.87 60554 20045 0 641 438
1702513300.64 60555 20045 67 641 563
1702513304.77 60556 20049 71 641 624
1702513305.92 60557 20050 77 641 525
1702513323.34 60558 20068 12 641 366
1702513333.8 60559 20078 50 641 629
1702513337.69 60560 20082 29 641 609
1702513356.5 60561 20101 3 641 623
1702513357.12 60562 20101 56 641 558
1702513363.63 60563 20107 98 641 631
1702513369.85 60564 20114 11 641 625
1702513386.95 60565 20131 13 641 627
1702513395.07 60566 20139 17 641 615
1702513399.47 60567 20143 48 641 623
1702513402.49 60568 20146 40 641 619
1702513408.36 60569 20152 19 641 619
1702513417.59 60570 20161 34 641 627
1702513422.89 60571 20166 55 641 569
1702513425.58 60572 20169 15 641 628
1702513427.08 60573 20170 56 641 593
1702513442.29 60574 20185 69 641 627
1702513443.05 60575 20186 35 641 568
1702513443.91 60576 20187 12 641 571
1702513446.49 60577 20189 61 641 633
1702513448.2 60578 20191 23 641 602
1702513449.7 60579 20192 63 641 595
1702513451.18 60580 20194 3 641 597
1702513458.51 60581 20201 27 641 551
1702513460.46 60582 20203 13 641 615
1702513470.26 60583 20212 84 641 624
1702513473.98 60584 20216 47 641 583
1702513477.57 60585 20219 97 641 620
1702513480.94 60586 20223 26 641 624
1702513481.04 60587 20223 26 640 533
1702513492.38 60588 20234 52 641 622
1702513498.89 60589 20240 94 641 623
1702513500.9 60590 20242 86 641 591
1702513521.44 60591 20263 33 641 620
1702513521.95 60592 20263 74 641 556
1702513522.11 60593 20263 82 641 539
1702513526.1 60594 20267 72 641 629
1702513536.89 60595 20278 43 641 629
1702513542.04 60596 20283 49 641 624
1702513543.91 60597 20285 26 641 566
1702513550.09 60598 20291 36 641 435
1702513556.54 60599 20297 71 641 617
1702513585.17 60600 20326 29 641 621
1702513585.69 60601 20326 72 641 557
1702513590.54 60602 20331 48 641 628
1702513597.18 60603 20338 4 641 627
1702513599.65 60604 20340 42 641 609
1702513600.47 60605 20341 14 640 312
1702513625.9 60606 20366 50 641 597
1702513628.82 60607 20369 33 641 619
1702513632.1 60608 20372 52 641 627
1702513632.54 60609 20372 86 641 555
1702513634.97 60610 20375 20 641 632
1702513636.92 60611 20377 6 641 611
1702513638.9 60612 20378 96 641 613
1702513640.99 60613 20380 95 641 528
1702513657.0 60614 20396 88 641 627
1702513666.97 60615 20406 77 641 619
1702513674.28 60616 20414 0 641 620
1702513688.95 60617 20428 60 641 622
1702513689.8 60618 20429 35 641 568
1702513698.88 60619 20438 35 641 626
1702513699.43 60620 20438 81 641 556
1702513703.61 60621 20442 90 641 598
1702513724.72 60622 20463 93 641 614
1702513725.77 60623 20464 89 641 580
1702513727.58 60624 20466 61 641 609
1702513735.67 60625 20474 61 641 599
1702513746.73 60626 20485 60 641 626
1702513751.72 60627 20490 49 641 538
1702513753.28 60628 20491 96 641 548
1702513758.12 60629 20496 71 641 559
1702513764.03 60630 20502 53 641 625
1702513766.85 60631 20505 26 641 628
1702513782.24 60632 20520 57 641 617
1702513784.47 60633 20522 71 641 597
1702513786.48 60634 20524 63 641 613
1702513788.93 60635 20526 99 641 632
1702513811.23 60636 20549 21 641 637
1702513830.47 60637 20568 39 641 540
1702513840.55 60638 20578 38 641 628
1702513841.87 60639 20579 60 641 587
1702513845.4 60640 20583 4 641 620
1702513865.81 60641 20603 38 641 626
1702513866.7 60642 20604 18 641 573
1702513876.18 60643 20613 57 641 626
1702513876.27 60644 20613 57 640 532
1702513887.58 60645 20624 80 641 560
1702513896.8 60646 20633 93 641 610
1702513902.63 60647 20639 68 641 628
1702513911.77 60648 20648 73 641 600
1702513920.22 60649 20657 10 641 549
1702513937.73 60650 20674 54 641 627
1702513939.87 60651 20676 59 641 617
1702513943.52 60652 20680 15 641 620
1702513946.1 60653 20682 64 641 627
1702513949.05 60654 20685 50 641 610
1702513950.99 60655 20687 34 641 473
1702513956.04 60656 20692 31 641 619
1702513966.6 60657 20702 80 641 621
1702513967.76 60658 20703 87 641 582
1702513968.34 60659 20704 35 641 562
1702513971.8 60660 20707 72 641 628
1702513971.94 60661 20707 77 641 540
1702513974.1 60662 20709 83 641 620
1702513987.29 60663 20722 94 641 520
1702513988.18 60664 20723 75 641 568
1702513991.16 60665 20726 64 641 622
1702513993.32 60666 20728 71 641 615
1702513998.39 60667 20733 69 641 629
1702514015.64 60668 20750 86 641 625
1702514017.18 60669 20752 31 641 556
1702514045.13 60670 20780 20 641 624
1702514046.99 60671 20781 96 641 506
1702514056.14 60672 20791 3 641 624
1702514057.74 60673 20792 54 641 533
1702514057.89 60674 20792 60 641 539
1702514059.7 60675 20794 32 641 553
1702514060.0 60676 20794 53 641 548
1702514068.58 60677 20803 3 641 603
1702514074.86 60678 20809 22 641 621
1702514081.74 60679 20816 1 641 614
1702514085.73 60680 20819 92 641 633
1702514097.85 60681 20831 95 641 631
1702514098.37 60682 20832 38 641 556
1702514100.73 60683 20834 65 641 602
1702514103.77 60684 20837 59 641 504
1702514115.78 60685 20849 52 641 622
1702514119.43 60686 20853 8 641 627
1702514125.84 60687 20859 41 641 624
1702514127.57 60688 20861 5 641 598
1702514128.76 60689 20862 15 641 579
1702514129.11 60690 20862 41 641 547
1702514143.05 60691 20876 27 641 624
1702514148.76 60692 20881 89 641 616
1702514154.69 60693 20887 74 641 536
1702514156.56 60694 20889 52 641 602
1702514160.52 60695 20893 39 641 528
1702514168.68 60696 20901 46 641 459
1702514169.79 60697 20902 48 641 580
1702514170.24 60698 20902 83 641 472
1702514171.68 60699 20904 19 641 596
1702514173.28 60700 20905 70 641 601
1702514182.38 60701 20914 71 641 631
1702514186.09 60702 20918 33 641 622
1702514202.72 60703 20934 88 641 617
1702514205.51 60704 20937 58 641 634
1702514207.31 60705 20939 28 641 601
1702514208.76 60706 20940 64 641 590
1702514210.99 60707 20942 78 641 621
1702514212.08 60708 20943 78 641 577
1702514216.96 60709 20948 57 641 624
1702514221.19 60710 20952 71 641 620
1702514222.47 60711 20953 90 641 506
1702514225.73 60712 20957 6 641 632
1702514226.17 60713 20957 41 641 554
1702514227.64 60714 20958 79 641 595
1702514229.22 60715 20960 28 641 599
1702514233.42 60716 20964 39 641 585
1702514235.65 60717 20966 53 641 621
1702514248.55 60718 20979 35 641 630
1702514255.22 60719 20985 94 641 515
1702514257.11 60720 20987 73 641 611
1702514258.42 60721 20988 95 641 588
1702514259.85 60722 20990 29 641 519
1702514260.22 60723 20990 56 641 551
1702514262.32 60724 20992 56 641 616
1702514270.67 60725 21000 83 641 617
1702514283.47 60726 21013 55 641 618
1702514289.36 60727 21019 36 641 630
1702514289.77 60728 21019 67 641 507
1702514290.66 60729 21020 47 641 574
1702514292.11 60730 21021 83 641 594
1702514300.36 60731 21030 0 641 556
1702514303.68 60732 21033 23 641 520
1702514314.91 60733 21044 38 641 580
1702514322.53 60734 21051 91 641 630
1702514339.79 60735 21069 10 641 627
1702514342.93 60736 21072 14 641 391
1702514354.34 60737 21083 48 641 602
1702514358.81 60738 21087 86 641 622
1702514360.92 60739 21089 87 641 615
1702514361.69 60740 21090 56 641 488
1702514364.87 60741 21093 65 641 616
1702514378.25 60742 21106 94 641 625
1702514381.45 60743 21110 6 641 632
1702514385.33 60744 21113 84 641 625
1702514387.79 60745 21116 21 641 593
1702514389.46 60746 21117 79 641 601
1702514401.6 60747 21129 85 641 628
1702514405.88 60748 21134 4 641 629
1702514407.1 60749 21135 17 641 511
1702514410.4 60750 21138 38 641 606
1702514413.2 60751 21141 9 641 635
1702514417.82 60752 21145 62 641 542
1702514419.62 60753 21147 33 641 606
1702514421.69 60754 21149 32 641 616
1702514427.61 60755 21155 15 641 620
1702514428.98 60756 21156 43 641 575
1702514438.1 60757 21165 46 641 622
1702514444.49 60758 21171 77 641 584
1702514449.38 60759 21176 57 641 624
1702514449.64 60760 21176 74 641 545
1702514467.58 60761 21194 60 641 619
1702514470.19 60762 21197 11 641 630
1702514473.45 60763 21200 29 641 515
1702514478.51 60764 21205 26 641 594
1702514484.91 60765 21211 57 641 441
1702514485.8 60766 21212 37 641 573
1702514487.11 60767 21213 58 641 589
1702514489.4 60768 21215 78 641 625
1702514493.07 60769 21219 36 641 507
1702514494.62 60770 21220 81 641 494
1702514498.63 60771 21224 74 641 552
1702514505.96 60772 21231 98 641 630
1702514506.19 60773 21232 11 641 541
1702514513.2 60774 21239 3 641 627
1702514513.3 60775 21239 4 641 536
1702514520.83 60776 21246 49 641 627
1702514523.81 60777 21249 38 641 613
1702514524.4 60778 21249 88 641 480
1702514533.89 60779 21259 29 641 545
1702514535.26 60780 21260 56 641 590
1702514542.08 60781 21267 29 641 623
1702514546.65 60782 21271 77 641 615
1702514550.41 60783 21275 44 641 518
1702514554.93 60784 21279 87 641 625
1702514555.03 60785 21279 87 640 534
1702514559.78 60786 21284 54 641 627
1702514560.06 60787 21284 72 641 545
1702514572.9 60788 21297 48 641 618
1702514573.0 60789 21297 48 640 530
1702514580.85 60790 21305 25 641 534
1702514580.99 60791 21305 29 641 540
1702514581.64 60792 21305 85 641 565
1702514591.51 60793 21315 63 641 592
1702514601.95 60794 21325 99 641 605
1702514608.66 60795 21332 60 641 625
1702514611.94 60796 21335 79 641 626
1702514613.8 60797 21337 55 641 606
1702514628.91 60798 21352 58 641 626
1702514629.69 60799 21353 26 641 563
1702514631.74 60800 21355 22 641 562
1702514635.04 60801 21358 43 641 581
1702514635.21 60802 21358 50 641 541
1702514653.2 60803 21376 42 641 611
1702514655.9 60804 21379 3 641 449
1702514657.81 60805 21380 85 641 607
1702514659.17 60806 21382 12 641 587
1702514661.16 60807 21384 2 641 610
1702514682.41 60808 21405 20 641 624
1702514700.19 60809 21422 91 641 615
1702514707.29 60810 21429 93 641 595
1702514708.63 60811 21431 17 641 585
1702514710.65 60812 21433 10 641 611
1702514724.19 60813 21446 56 641 410
1702514731.03 60814 21453 31 641 620
1702514732.96 60815 21455 15 641 609
1702514735.01 60816 21457 11 641 611
1702514759.64 60817 21481 67 641 600
1702514763.02 60818 21484 96 641 623
1702514763.12 60819 21484 96 640 535
1702514780.55 60820 21502 32 641 588
1702514780.85 60821 21502 53 641 546
1702514787.48 60822 21509 8 641 627
1702514789.91 60823 21511 42 641 588
1702514797.09 60824 21518 51 641 626
1702514798.33 60825 21519 66 641 583
1702514803.88 60826 21525 12 641 628
1702514803.98 60827 21525 12 640 529
1702514804.21 60828 21525 27 641 545
1702514818.21 60829 21539 18 641 627
1702514821.05 60830 21541 93 641 627
1702514826.43 60831 21547 22 641 515
1702514832.49 60832 21553 19 641 620
1702514832.61 60833 21553 21 641 496
1702514851.09 60834 21571 62 641 633
1702514853.35 60835 21573 78 641 617
1702514855.48 60836 21575 82 641 615
1702514859.25 60837 21579 50 641 618
1702514868.29 60838 21588 45 641 624
1702514871.84 60839 21591 91 641 630
1702514879.03 60840 21599 2 641 629
1702514880.66 60841 21600 56 641 596
1702514883.82 60842 21603 63 641 620
1702514889.08 60843 21608 80 641 623
1702514890.11 60844 21609 73 641 509
1702514890.36 60845 21609 89 641 545
1702514892.43 60846 21611 87 641 553
1702514894.84 60847 21614 18 641 626
1702514897.66 60848 21616 91 641 623
1702514901.36 60849 21620 52 641 620
1702514901.46 60850 21620 52 640 532
1702514903.88 60851 21622 86 641 627
1702514905.24 60852 21624 13 641 588
1702514906.2 60853 21625 0 641 572
1702514907.08 60854 21625 78 641 570
1702514907.55 60855 21626 17 641 553
1702514907.68 60856 21626 21 641 541
1702514908.74 60857 21627 17 641 580
1702514910.12 60858 21628 45 641 582
1702514912.26 60859 21630 50 641 615
1702514913.56 60860 21631 70 641 580
1702514930.02 60861 21648 8 641 566
1702514936.53 60862 21654 51 641 624
1702514955.58 60863 21673 48 641 624
1702514960.0 60864 21677 81 641 612
1702514961.94 60865 21679 65 641 608
1702514963.39 60866 21681 2 641 590
1702514975.39 60867 21692 94 641 628
1702514976.89 60868 21694 35 641 591
1702514980.66 60869 21698 3 641 620
1702514985.85 60870 21703 13 641 624
1702514987.61 60871 21704 80 641 585
1702514987.76 60872 21704 85 641 542
1702514995.86 60873 21712 87 641 593
1702515002.25 60874 21719 18 641 620
1702515005.21 60875 21722 5 641 569
1702515005.3 60876 21722 5 640 534
1702515006.97 60877 21723 63 641 604
1702515007.07 60878 21723 63 640 530
1702515025.61 60879 21742 11 640 291
1702515027.24 60880 21743 64 641 597
1702515028.81 60881 21745 12 641 593
1702515033.69 60882 21749 90 641 618
1702515033.79 60883 21749 90 640 530
1702515034.2 60884 21750 23 641 553
1702515034.74 60885 21750 68 641 558
1702515036.37 60886 21752 22 641 599
1702515038.57 60887 21754 32 641 475
1702515053.49 60888 21769 16 641 627
1702515056.02 60889 21771 60 641 577
1702515056.51 60890 21771 99 641 556
1702515056.61 60891 21771 99 640 536
1702515058.14 60892 21773 44 641 595
1702515059.69 60893 21774 90 641 416
1702515066.21 60894 21781 33 641 630
1702515071.38 60895 21786 41 641 618
1702515075.7 60896 21790 64 641 627
1702515079.41 60897 21794 26 641 617
1702515082.77 60898 21797 52 641 625
1702515084.56 60899 21799 23 641 599
1702515088.77 60900 21803 34 641 624
1702515112.04 60901 21826 55 641 632
1702515117.89 60902 21832 30 641 632
1702515121.42 60903 21835 74 641 618
1702515128.43 60904 21842 66 641 558
1702515131.07 60905 21845 22 641 626
1702515139.18 60906 21853 24 641 630
1702515142.08 60907 21856 5 641 608
1702515147.1 60908 21860 98 641 523
1702515148.19 60909 21861 98 641 576
1702515160.77 60910 21874 49 641 627
1702515167.63 60911 21881 26 641 616
1702515173.15 60912 21886 69 641 630
1702515174.18 60913 21887 62 641 575
1702515180.7 60914 21894 6 641 624
1702515185.17 60915 21898 44 641 501
1702515186.42 60916 21899 60 641 583
1702515187.54 60917 21900 64 641 580
1702515198.33 60918 21911 35 641 625
1702515203.78 60919 21916 71 641 616
1702515213.98 60920 21926 83 641 610
1702515222.12 60921 21934 89 641 619
1702515222.94 60922 21935 61 641 564
1702515228.17 60923 21940 75 641 614
1702515231.4 60924 21943 88 641 620
1702515233.79 60925 21946 18 641 460
1702515240.48 60926 21952 79 641 626
1702515251.39 60927 21963 61 641 621
1702515260.72 60928 21972 87 641 632
1702515265.0 60929 21977 6 641 627
1702515275.29 60930 21987 27 641 627
1702515277.74 60931 21989 62 641 599
1702515279.27 60932 21991 6 641 589
1702515291.15 60933 22002 86 641 619
1702515295.21 60934 22006 83 641 623
1702515302.99 60935 22014 53 641 568
1702515303.62 60936 22015 6 641 561
1702515304.6 60937 22015 95 641 570
1702515304.87 60938 22016 13 641 544
1702515306.21 60939 22017 38 641 585
1702515306.38 60940 22017 45 641 539
1702515310.81 60941 22021 79 641 583
1702515317.41 60942 22028 30 641 561
1702515325.68 60943 22036 49 641 625
1702515332.29 60944 22043 1 641 619
1702515334.53 60945 22045 16 641 609
1702515348.43 60946 22058 98 641 604
1702515366.2 60947 22076 68 641 625
1702515385.39 60948 22095 80 641 629
1702515403.51 60949 22113 85 641 620
1702515410.17 60950 22120 42 641 620
1702515412.13 60951 22122 29 641 602
1702515414.76 60952 22124 82 641 623
1702515416.04 60953 22126 2 641 579
1702515429.71 60954 22139 61 641 627
1702515434.85 60955 22144 66 641 550
1702515443.71 60956 22153 43 641 626
1702515451.89 60957 22161 52 641 574
1702515458.52 60958 22168 7 641 624
1702515473.57 60959 22183 4 641 630
1702515480.51 60960 22189 90 641 620
1702515481.37 60961 22190 67 641 567
1702515484.48 60962 22193 69 641 583
1702515487.3 60963 22196 41 641 624
1702515499.78 60964 22208 82 641 626
1702515502.04 60965 22210 99 641 607
1702515503.92 60966 22212 78 641 600
1702515504.6 60967 22213 36 641 518
1702515512.4 60968 22221 8 641 628
1702515530.85 60969 22239 46 641 597
1702515545.84 60970 22254 37 641 446
1702515547.27 60971 22255 71 641 579
1702515550.11 60972 22258 46 641 627
1702515551.36 60973 22259 62 641 578
1702515554.11 60974 22262 28 641 624
1702515560.96 60975 22269 5 641 575
1702515561.42 60976 22269 41 641 552
1702515571.06 60977 22278 97 641 627
1702515579.46 60978 22287 28 641 541
1702515584.61 60979 22292 34 641 626
1702515586.72 60980 22294 36 641 607
1702515586.82 60981 22294 36 640 537
1702515590.84 60982 22298 30 641 399
1702515595.83 60983 22303 20 641 503
1702515597.19 60984 22304 47 641 584
1702515604.86 60985 22312 5 641 541
1702515604.99 60986 22312 9 641 537
1702515609.73 60987 22316 74 641 468
1702515620.17 60988 22327 10 641 603
1702515633.27 60989 22340 12 641 624
1702515650.61 60990 22357 38 641 622
1702515650.95 60991 22357 62 641 549
1702515657.26 60992 22363 84 641 631
1702515658.75 60993 22365 24 641 585
1702515659.92 60994 22366 31 641 583
1702515665.21 60995 22371 51 641 608
1702515667.79 60996 22374 0 641 618
1702515668.93 60997 22375 5 641 573
1702515684.11 60998 22390 15 641 620
1702515689.42 60999 22395 37 641 581
1702515701.17 61000 22407 4 641 623
1702515701.27 61001 22407 5 641 536
1702515714.78 61002 22420 48 641 627
1702515720.71 61003 22426 32 641 624
1702515740.13 61004 22445 67 641 630
1702515740.98 61005 22446 42 641 565
1702515745.8 61006 22451 15 641 606
1702515748.37 61007 22453 63 641 620
1702515748.87 61008 22454 4 641 554
1702515749.7 61009 22454 77 641 566
1702515752.26 61010 22457 24 641 508
1702515753.14 61011 22458 2 641 568
1702515772.02 61012 22476 83 641 583
1702515772.8 61013 22477 51 637 254
1702515778.56 61014 22483 18 641 628
1702515779.3 61015 22483 83 641 564
1702515803.6 61016 22508 6 641 624
1702515806.79 61017 22511 17 641 623
1702515807.3 61018 22511 58 641 558
1702515822.2 61019 22526 40 641 623
1702515826.52 61020 22530 63 641 616
1702515829.49 61021 22533 51 641 606
1702515840.62 61022 22544 55 641 625
1702515843.76 61023 22547 60 641 616
1702515853.7 61024 22557 45 641 619
1702515860.32 61025 22563 98 641 624
1702515863.88 61026 22567 45 641 627
1702515866.76 61027 22570 23 641 624
1702515877.36 61028 22580 75 641 626
1702515878.21 61029 22581 50 641 567
1702515881.41 61030 22584 61 641 598
1702515883.31 61031 22586 42 641 601
1702515884.58 61032 22587 59 641 582
1702515886.12 61033 22589 4 641 591
1702515896.53 61034 22599 37 641 626
1702515899.75 61035 22602 50 641 620
1702515902.73 61036 22605 39 641 616
1702515904.98 61037 22607 55 641 576
1702515906.37 61038 22608 85 641 585
1702515910.26 61039 22612 64 641 621
1702515912.31 61040 22614 61 641 609
1702515923.16 61041 22625 38 641 622
1702515925.92 61042 22628 5 641 629
1702515927.9 61043 22629 94 641 606
1702515940.35 61044 22642 31 641 606
1702515941.76 61045 22643 63 641 588
1702515945.53 61046 22647 31 641 624
1702515953.28 61047 22654 98 641 577
1702515957.11 61048 22658 72 641 627
1702515961.46 61049 22662 98 641 412
1702515965.75 61050 22667 18 641 587
1702515971.29 61051 22672 63 641 629
1702515974.6 61052 22675 85 641 613
1702515976.16 61053 22677 32 641 592
1702515981.77 61054 22682 84 641 629
1702515985.84 61055 22686 82 641 625
1702515993.35 61056 22694 25 641 616
1702515998.91 61057 22699 72 641 567
1702515999.66 61058 22700 38 641 510
1702516017.39 61059 22718 3 641 579
1702516023.38 61060 22723 94 641 615
1702516034.12 61061 22734 59 641 621
1702516046.99 61062 22747 38 641 617
1702516069.04 61063 22769 36 641 536
1702516072.39 61064 22772 62 641 626
1702516073.16 61065 22773 30 641 565
1702516086.58 61066 22786 64 641 398
1702516089.13 61067 22789 10 641 601
1702516100.04 61068 22799 93 641 619
1702516108.82 61069 22808 62 641 521
1702516109.31 61070 22809 2 641 556
1702516115.35 61071 22814 97 641 630
1702516120.61 61072 22820 14 641 609
1702516125.87 61073 22825 31 641 622
1702516127.36 61074 22826 71 641 592
1702516151.01 61075 22850 29 641 598
1702516166.21 61076 22865 42 641 619
1702516171.59 61077 22870 71 641 620
1702516172.79 61078 22871 82 641 578
1702516180.16 61079 22879 10 641 606
1702516183.28 61080 22882 12 641 626
1702516183.38 61081 22882 12 640 537
1702516192.62 61082 22891 29 641 620
1702516199.53 61083 22898 11 641 607
1702516202.74 61084 22901 23 641 630
1702516202.84 61085 22901 23 640 535
1702516210.32 61086 22908 64 641 628
1702516214.53 61087 22912 76 641 618
1702516217.34 61088 22915 48 641 635
1702516221.75 61089 22919 80 641 562
1702516221.94 61090 22919 90 641 542
1702516235.39 61091 22933 27 641 628
1702516237.42 61092 22935 21 641 591
1702516242.03 61093 22939 73 641 629
1702516249.02 61094 22946 63 641 630
1702516264.38 61095 22961 91 641 633
1702516267.28 61096 22964 71 641 623
1702516270.07 61097 22967 41 641 615
1702516273.83 61098 22971 8 641 630
1702516274.34 61099 22971 50 641 491
1702516277.51 61100 22974 58 641 617
1702516286.15 61101 22983 14 641 618
1702516302.83 61102 22999 75 641 627
1702516305.63 61103 23002 45 641 617
1702516309.02 61104 23005 75 641 595
1702516313.35 61105 23009 99 641 618
1702516320.73 61106 23017 29 641 620
1702516326.08 61107 23022 55 641 624
1702516331.54 61108 23027 93 641 612
1702516352.56 61109 23048 88 641 627
1702516370.2 61110 23066 45 641 564
1702516374.54 61111 23070 70 641 626
1702516377.71 61112 23073 77 641 624
1702516389.53 61113 23085 51 641 583
1702516398.68 61114 23094 58 641 393
1702516424.07 61115 23119 90 641 629
1702516427.8 61116 23123 54 641 602
1702516436.4 61117 23132 6 641 628
1702516443.77 61118 23139 34 641 632
1702516450.22 61119 23145 70 641 633
1702516460.94 61120 23156 34 641 456
1702516462.62 61121 23157 92 641 536
1702516480.13 61122 23175 36 641 623
1702516480.79 61123 23175 93 641 535
1702516481.69 61124 23176 73 641 568
1702516501.04 61125 23196 1 641 633
1702516502.32 61126 23197 20 641 587
1702516505.39 61127 23200 18 641 598
1702516517.71 61128 23212 42 641 588
1702516518.7 61129 23213 31 641 574
1702516523.65 61130 23218 18 641 609
1702516528.84 61131 23223 28 641 588
1702516531.49 61132 23225 84 641 630
1702516532.06 61133 23226 32 641 557
1702516539.87 61134 23234 5 641 564
1702516544.87 61135 23238 96 641 602
1702516585.54 61136 23279 58 641 629
1702516598.47 61137 23292 42 641 581
1702516598.56 61138 23292 42 640 533
1702516600.65 61139 23294 42 641 618
1702516603.0 61140 23296 68 641 622
1702516606.75 61141 23300 33 641 465
1702516632.43 61142 23325 95 641 534
1702516636.53 61143 23329 96 641 620
1702516644.29 61144 23337 63 641 589
1702516649.0 61145 23342 25 641 615
1702516653.11 61146 23346 26 641 579
1702516653.92 61147 23346 98 641 499
1702516681.76 61148 23374 76 641 620
1702516683.88 61149 23376 79 641 611
1702516686.42 61150 23379 24 641 545
1702516689.13 61151 23381 86 641 632
1702516690.5 61152 23383 14 641 589
1702516696.86 61153 23389 41 641 627
1702516702.23 61154 23394 69 641 627
1702516710.76 61155 23403 13 641 564
1702516713.55 61156 23405 83 641 625
1702516721.15 61157 23413 36 641 628
1702516722.28 61158 23414 39 641 580
1702516725.26 61159 23417 28 641 618
1702516732.64 61160 23424 57 641 622
1702516733.73 61161 23425 57 641 568
1702516749.95 61162 23441 71 641 627
1702516751.13 61163 23442 79 641 579
1702516753.14 61164 23444 71 641 609
1702516762.38 61165 23453 87 641 629
1702516775.97 61166 23467 39 641 621
1702516777.15 61167 23468 47 641 580
1702516780.7 61168 23471 94 641 630
1702516781.37 61169 23472 52 641 561
1702516787.85 61170 23478 91 641 627
1702516793.22 61171 23484 19 641 612
1702516801.26 61172 23492 14 641 622
1702516804.31 61173 23495 10 641 611
1702516808.28 61174 23498 98 641 598
1702516811.4 61175 23502 1 641 612
1702516817.28 61176 23507 80 641 630
1702516823.94 61177 23514 38 641 612
1702516828.49 61178 23518 84 641 629
1702516830.0 61179 23520 25 641 593
1702516836.83 61180 23527 0 641 624
1702516843.58 61181 23533 66 641 618
1702516844.67 61182 23534 66 641 580
1702516847.1 61183 23537 0 641 617
1702516851.21 61184 23541 2 641 626
1702516851.96 61185 23541 68 641 566
1702516854.44 61186 23544 7 641 627
1702516860.84 61187 23550 38 641 567
1702516864.68 61188 23554 13 641 591
1702516872.84 61189 23562 20 641 617
1702516875.87 61190 23565 14 641 396
1702516877.01 61191 23566 18 641 583
1702516880.22 61192 23569 31 641 622
1702516884.63 61193 23573 62 641 576
1702516900.96 61194 23589 88 641 608
1702516904.62 61195 23593 45 641 613
1702516915.36 61196 23604 11 641 631
1702516951.07 61197 23639 77 641 624
1702516951.2 61198 23639 80 641 541
1702516958.38 61199 23646 90 641 629
1702516960.41 61200 23648 84 641 516
1702516962.09 61201 23650 42 641 603
1702516964.03 61202 23652 27 641 610
1702516973.23 61203 23661 38 641 605
1702516973.99 61204 23662 5 641 563
1702516978.77 61205 23666 75 641 628
1702516982.17 61206 23670 5 641 619
1702516989.51 61207 23677 31 641 577
1702516990.57 61208 23678 28 641 580
1702517013.49 61209 23701 13 641 617
1702517034.02 61210 23721 59 641 623
1702517054.61 61211 23742 11 641 627
1702517054.71 61212 23742 11 640 531
1702517067.55 61213 23754 88 836 836
1702517067.87 61214 23755 10 641 547
1702517078.25 61215 23765 40 641 630
1702517080.4 61216 23767 46 641 613
1702517099.21 61217 23786 20 641 519
1702517103.23 61218 23790 13 641 617
1702517117.41 61219 23804 23 641 595
1702517117.59 61220 23804 32 641 542
1702517119.61 61221 23806 24 641 615
1702517127.77 61222 23814 32 641 606
1702517130.02 61223 23816 48 641 614
1702517130.24 61224 23816 61 641 544
1702517131.12 61225 23817 40 641 572
1702517134.79 61226 23820 97 641 616
1702517149.48 61227 23835 59 641 633
1702517153.71 61228 23839 72 641 583
1702517155.41 61229 23841 33 641 600
1702517155.76 61230 23841 58 641 548
1702517162.0 61231 23847 74 641 578
1702517165.56 61232 23851 21 641 617
1702517182.16 61233 23867 73 641 628
1702517190.19 61234 23875 68 641 625
1702517212.17 61235 23897 59 641 621
1702517232.71 61236 23918 6 641 618
1702517234.18 61237 23919 44 641 590
1702517243.4 61238 23928 57 641 631
1702517247.06 61239 23932 14 641 625
1702517248.13 61240 23933 11 641 576
1702517265.53 61241 23950 44 641 625
1702517265.63 61242 23950 44 640 536
1702517265.74 61243 23950 46 641 538
1702517280.11 61244 23964 75 641 623
1702517288.93 61245 23973 48 641 561
1702517298.66 61246 23983 13 641 585
1702517307.7 61247 23992 9 641 606
1702517309.04 61248 23993 33 641 582
1702517314.85 61249 23999 6 641 617
1702517321.88 61250 24006 1 641 628
1702517329.32 61251 24013 36 641 622
1702517332.85 61252 24016 80 641 627
1702517337.69 61253 24021 56 641 623
1702517338.06 61254 24021 83 641 493
1702517342.33 61255 24026 1 641 633
1702517346.05 61256 24029 64 641 617
1702517348.82 61257 24032 32 641 595
1702517354.96 61258 24038 38 641 506
1702517360.14 61259 24043 47 641 624
1702517365.79 61260 24049 3 641 626
1702517393.41 61261 24076 59 641 619
1702517397.41 61262 24080 50 641 626
1702517402.51 61263 24085 51 641 620
1702517405.98 61264 24088 89 641 628
1702517406.35 61265 24089 17 641 552
1702517407.48 61266 24090 20 641 577
1702517424.27 61267 24106 91 641 629
1702517427.64 61268 24110 19 641 612
1702517434.74 61269 24117 20 641 625
1702517438.39 61270 24120 77 641 628
1702517452.3 61271 24134 60 641 520
1702517462.34 61272 24144 56 641 620
1702517464.7 61273 24146 83 641 615
1702517465.6 61274 24147 63 641 571
1702517468.93 61275 24150 87 641 535
1702517470.81 61276 24152 65 641 601
1702517485.66 61277 24167 43 641 632
1702517490.98 61278 24172 66 641 561
1702517497.39 61279 24178 98 641 630
1702517499.99 61280 24181 49 641 609
1702517511.45 61281 24192 86 641 576
1702517515.52 61282 24196 84 641 622
1702517517.14 61283 24198 36 641 584
1702517537.21 61284 24218 37 641 632
1702517540.19 61285 24221 26 641 595
1702517541.88 61286 24222 86 641 597
1702517543.57 61287 24224 46 641 598
1702517553.02 61288 24233 82 641 529
1702517554.03 61289 24234 74 641 576
1702517564.71 61290 24245 33 641 630
1702517565.01 61291 24245 54 641 548
1702517574.01 61292 24254 46 641 586
1702517583.13 61293 24263 49 641 631
1702517583.23 61294 24263 49 640 531
1702517589.72 61295 24269 91 641 628
1702517595.82 61296 24275 92 641 585
1702517597.28 61297 24277 29 641 586
1702517601.97 61298 24281 89 641 624
1702517605.06 61299 24284 89 641 608
1702517623.36 61300 24303 11 641 630
1702517644.34 61301 24324 3 641 590
1702517649.99 61302 24329 59 641 628
1702517660.08 61303 24339 60 641 622
1702517662.92 61304 24342 35 641 611
1702517689.49 61305 24368 85 641 536
1702517703.85 61306 24383 14 641 623
1702517705.73 61307 24384 93 641 603
1702517707.83 61308 24386 94 641 611
1702517708.34 61309 24387 36 641 556
1702517715.78 61310 24394 72 641 529
1702517736.36 61311 24415 23 641 626
1702517736.91 61312 24415 69 641 555
1702517746.34 61313 24425 3 641 622
1702517746.55 61314 24425 15 641 342
1702517748.64 61315 24427 14 641 591
1702517754.52 61316 24432 94 641 627
1702517768.07 61317 24446 41 641 620
1702517768.87 61318 24447 12 641 568
1702517774.64 61319 24452 81 641 597
1702517787.77 61320 24465 86 641 598
1702517791.32 61321 24469 32 641 629
1702517793.12 61322 24471 3 641 599
1702517803.76 61323 24481 58 641 606
1702517808.64 61324 24486 37 641 624
1702517824.52 61325 24502 17 641 521
1702517831.15 61326 24508 72 641 626
1702517835.57 61327 24513 5 641 620
1702517850.18 61328 24527 59 641 567
1702517855.03 61329 24532 35 641 627
1702517860.47 61330 24537 71 641 626
1702517861.65 61331 24538 79 641 578
1702517871.42 61332 24548 47 641 624
1702517871.58 61333 24548 54 641 502
1702517876.63 61334 24553 51 641 608
1702517883.52 61335 24560 31 641 625
1702517886.26 61336 24562 97 641 615
1702517886.66 61337 24563 27 641 550
1702517892.19 61338 24568 71 641 624
1702517892.42 61339 24568 85 641 542
1702517893.47 61340 24569 80 641 436
1702517912.87 61341 24589 13 641 622
1702517913.08 61342 24589 25 641 543
1702517914.26 61343 24590 34 641 583
1702517922.31 61344 24598 30 641 620
1702517927.79 61345 24603 69 641 620
1702517938.46 61346 24614 28 641 621
1702517943.01 61347 24618 74 641 625
1702517943.83 61348 24619 47 641 565
1702517955.44 61349 24631 0 641 612
1702517958.62 61350 24634 9 641 615
1702517959.0 61351 24634 38 641 504
1702517975.54 61352 24650 84 641 624
1702517977.67 61353 24652 87 641 613
1702517979.29 61354 24654 40 641 596
1702517981.93 61355 24656 95 641 614
1702517983.48 61356 24658 41 641 592
1702517996.71 61357 24671 55 641 625
1702517997.8 61358 24672 55 641 579
1702517999.35 61359 24674 2 641 595
1702518002.98 61360 24677 56 641 630
1702518004.77 61361 24679 26 641 600
1702518010.24 61362 24684 64 641 619
1702518011.27 61363 24685 57 641 476
1702518017.95 61364 24692 17 641 585
1702518024.03 61365 24698 16 641 626
1702518028.13 61366 24702 17 641 627
1702518034.46 61367 24708 41 641 620
1702518039.94 61368 24713 81 641 628
1702518046.86 61369 24720 64 641 622
1702518059.42 61370 24733 12 641 603
1702518064.32 61371 24737 93 641 620
1702518068.67 61372 24742 19 641 631
1702518069.95 61373 24743 38 641 582
1702518071.98 61374 24745 32 641 607
1702518086.62 61375 24759 88 641 627
1702518118.62 61376 24791 82 641 626
1702518120.48 61377 24793 58 641 602
1702518125.79 61378 24798 81 641 627
1702518138.84 61379 24811 78 641 611
1702518144.39 61380 24817 24 641 589
1702518145.69 61381 24818 44 641 583
1702518148.24 61382 24820 90 641 625
1702518150.05 61383 24822 62 641 587
1702518161.05 61384 24833 54 641 620
1702518167.97 61385 24840 37 641 624
1702518173.04 61386 24845 34 641 625
1702518173.63 61387 24845 84 641 504
1702518181.98 61388 24854 10 641 625
1702518188.9 61389 24860 94 641 624
1702518198.42 61390 24870 37 641 628
1702518218.41 61391 24890 29 641 630
1702518219.93 61392 24891 72 641 591
1702518229.29 61393 24901 0 641 625
1702518238.47 61394 24910 10 641 602
1702518241.46 61395 24913 0 641 625
1702518261.21 61396 24932 68 641 617
1702518285.45 61397 24956 85 641 630
1702518285.76 61398 24957 6 641 549
1702518295.35 61399 24966 58 641 616
1702518299.14 61400 24970 27 641 617
1702518305.98 61401 24977 3 641 597
1702518317.07 61402 24988 4 641 619
1702518322.65 61403 24993 54 641 630
1702518330.12 61404 25000 92 641 588
1702518330.84 61405 25001 54 641 559
1702518332.21 61406 25002 82 641 575
1702518339.34 61407 25009 86 641 573
1702518345.54 61408 25015 97 641 502
1702518345.64 61409 25015 97 640 536
1702518348.03 61410 25018 28 641 491
1702518350.42 61411 25020 58 641 621
1702518351.35 61412 25021 42 641 572
1702518357.13 61413 25027 11 641 585
1702518359.11 61414 25029 0 641 608
1702518365.79 61415 25035 60 641 511
1702518366.35 61416 25036 6 641 556
1702518376.71 61417 25046 34 641 625
1702518378.3 61418 25047 84 641 595
1702518380.39 61419 25049 84 641 611
1702518383.28 61420 25052 64 641 636
1702518384.28 61421 25053 54 641 573
1702518397.41 61422 25066 59 641 617
1702518398.27 61423 25067 37 641 566
1702518403.68 61424 25072 69 641 623
1702518409.23 61425 25078 15 641 620
1702518413.23 61426 25082 7 641 624
1702518415.65 61427 25084 40 641 593
1702518419.58 61428 25088 24 641 627
1702518425.67 61429 25094 24 641 626
1702518443.77 61430 25112 27 641 633
1702518447.63 61431 25116 5 641 624
1702518465.16 61432 25133 50 641 623
1702518472.32 61433 25140 57 641 620
1702518475.82 61434 25143 98 641 635
1702518485.07 61435 25153 15 641 596
1702518485.79 61436 25153 77 641 562
1702518487.47 61437 25155 35 641 600
1702518500.81 61438 25168 61 641 620
1702518521.69 61439 25189 42 641 616
1702518523.36 61440 25191 0 641 536
1702518524.71 61441 25192 26 641 584
1702518534.28 61442 25201 76 641 627
1702518540.6 61443 25207 99 641 606
1702518546.93 61444 25214 23 641 623
1702518548.96 61445 25216 17 641 608
1702518553.62 61446 25220 73 641 623
1702518565.94 61447 25232 98 641 626
1702518568.01 61448 25234 97 641 608
1702518568.99 61449 25235 85 641 521
1702518579.16 61450 25245 93 641 619
1702518580.56 61451 25247 24 641 585
1702518581.82 61452 25248 41 641 580
1702518585.07 61453 25251 57 641 572
1702518586.44 61454 25252 85 641 586
1702518587.77 61455 25254 8 641 536
1702518589.43 61456 25255 66 641 597
1702518595.43 61457 25261 57 641 627
1702518608.79 61458 25274 85 641 621
1702518610.51 61459 25276 49 641 594
1702518623.33 61460 25289 23 641 596
1702518632.09 61461 25297 90 641 633
1702518633.85 61462 25299 56 641 599
1702518637.89 61463 25303 52 641 628
1702518644.0 61464 25309 54 641 619
1702518656.14 61465 25321 60 641 629
1702518664.16 61466 25329 54 641 627
1702518671.58 61467 25336 87 641 620
1702518671.8 61468 25337 0 641 542
1702518679.99 61469 25345 11 641 621
1702518684.63 61470 25349 66 641 619
1702518686.53 61471 25351 47 641 604
1702518689.05 61472 25353 90 641 610
1702518689.87 61473 25354 63 641 567
1702518692.03 61474 25356 70 641 612
1702518695.47 61475 25360 5 641 488
1702518718.62 61476 25383 13 641 610
1702518725.6 61477 25390 3 641 626
1702518728.6 61478 25392 94 641 611
1702518749.11 61479 25413 39 641 621
1702518751.39 61480 25415 57 641 616
1702518758.15 61481 25422 25 641 557
1702518760.36 61482 25424 37 641 496
1702518760.67 61483 25424 58 641 546
1702518765.96 61484 25429 78 641 624
1702518768.58 61485 25432 32 641 536
1702518769.56 61486 25433 20 641 533
1702518781.48 61487 25445 4 641 636
1702518789.64 61488 25453 12 641 448
1702518799.38 61489 25462 77 641 596
1702518801.4 61490 25464 70 641 609
1702518801.75 61491 25464 95 641 547
1702518810.46 61492 25473 58 641 625
1702518837.34 61493 25500 39 641 625
1702518838.22 61494 25501 18 641 569
1702518840.42 61495 25503 28 641 617
1702518843.16 61496 25505 93 641 627
1702518845.57 61497 25508 25 641 620
1702518848.89 61498 25511 48 641 627
1702518849.56 61499 25512 5 641 560
1702518852.12 61500 25514 52 641 628
1702518852.77 61501 25515 8 641 562
1702518866.92 61502 25529 15 641 451
1702518889.41 61503 25551 57 641 626
1702518892.56 61504 25554 64 641 629
1702518895.66 61505 25557 65 641 627
1702518906.41 61506 25568 32 641 627
1702518910.82 61507 25572 63 641 615
1702518917.23 61508 25578 96 641 617
1702518920.96 61509 25582 59 641 615
1702518929.54 61510 25591 9 641 631
1702518933.6 61511 25595 7 641 624
1702518936.04 61512 25597 42 641 623
1702518937.81 61513 25599 10 641 601
1702518940.65 61514 25601 84 641 623
1702518941.89 61515 25602 99 641 585
1702518950.59 61516 25611 61 641 542
1702518957.67 61517 25618 60 641 630
1702518961.36 61518 25622 19 641 627
1702518983.99 61519 25644 75 641 611
1702518991.56 61520 25652 25 641 613
1702519002.7 61521 25663 30 641 631
1702519005.01 61522 25665 52 641 620
1702519011.56 61523 25671 98 641 598
1702519025.19 61524 25685 54 641 625
1702519025.71 61525 25685 96 641 553
1702519035.68 61526 25695 85 641 457
1702519038.53 61527 25698 61 641 636
1702519039.36 61528 25699 34 641 569
1702519045.18 61529 25705 8 641 586
1702519048.18 61530 25707 99 641 610
1702519049.25 61531 25708 97 641 579
1702519052.87 61532 25712 49 641 622
1702519055.5 61533 25715 3 641 489
1702519055.61 61534 25715 5 641 540
1702519057.83 61535 25717 18 641 568
1702519077.27 61536 25736 55 641 627
1702519079.24 61537 25738 42 641 611
1702519086.54 61538 25745 64 641 627
1702519095.71 61539 25754 72 641 551
1702519095.95 61540 25754 87 641 478
1702519096.3 61541 25755 12 641 544
1702519101.46 61542 25760 20 641 589
1702519117.82 61543 25776 48 641 610
1702519128.61 61544 25787 19 641 625
1702519132.48 61545 25790 97 641 629
1702519136.09 61546 25794 49 641 607
1702519144.77 61547 25803 9 641 621
1702519146.07 61548 25804 30 641 585
1702519146.17 61549 25804 31 641 536
1702519147.71 61550 25805 75 641 601
1702519151.55 61551 25809 51 641 629
1702519152.66 61552 25810 53 641 505
1702519167.34 61553 25825 13 641 615
1702519171.86 61554 25829 56 641 619
1702519183.57 61555 25841 19 641 618
1702519184.01 61556 25841 53 641 553
1702519184.11 61557 25841 53 640 536
1702519187.07 61558 25844 41 641 600
1702519202.91 61559 25860 18 641 628
1702519206.79 61560 25863 97 641 635
1702519208.45 61561 25865 54 641 599
1702519209.84 61562 25866 83 641 588
1702519211.41 61563 25868 30 641 591
1702519215.68 61564 25872 48 641 623
1702519219.19 61565 25875 90 641 588
1702519220.89 61566 25877 50 641 598
1702519220.99 61567 25877 51 640 536
1702519230.69 61568 25887 13 641 627
1702519248.36 61569 25904 72 641 626
1702519263.16 61570 25919 44 641 632
1702519265.09 61571 25921 28 641 606
1702519273.13 61572 25929 23 641 624
1702519275.64 61573 25931 65 641 595
1702519276.05 61574 25931 96 641 550
1702519276.4 61575 25932 21 641 551
1702519295.94 61576 25951 68 641 632
1702519308.76 61577 25964 41 641 631
1702519315.85 61578 25971 41 641 630
1702519328.55 61579 25984 3 641 617
1702519328.66 61580 25984 6 641 539
1702519340.86 61581 25996 18 641 616
1702519360.5 61582 26015 75 641 584
1702519362.32 61583 26017 48 641 601
1702519364.15 61584 26019 21 641 505
1702519367.46 61585 26022 43 641 621
1702519371.2 61586 26026 8 641 598
1702519373.87 61587 26028 66 641 631
1702519374.09 61588 26028 79 641 539
1702519378.28 61589 26032 89 641 627
1702519379.65 61590 26034 17 641 585
1702519392.01 61591 26046 45 641 622
1702519395.78 61592 26050 13 641 630
1702519414.06 61593 26068 33 641 459
1702519418.64 61594 26072 82 641 615
1702519429.15 61595 26083 25 641 620
1702519429.58 61596 26083 59 641 554
1702519432.23 61597 26086 15 641 633
1702519438.15 61598 26091 98 641 620
1702519441.39 61599 26095 13 641 619
1702519467.44 61600 26121 11 641 540
1702519469.78 61601 26123 36 641 621
1702519470.38 61602 26123 87 641 560
1702519471.69 61603 26125 8 641 585
1702519473.64 61604 26126 94 641 604
1702519477.31 61605 26130 52 641 624
1702519480.1 61606 26133 22 641 607
1702519480.66 61607 26133 69 641 556
1702519489.97 61608 26142 91 641 545
1702519490.62 61609 26143 46 641 561
1702519497.49 61610 26150 25 641 628
1702519500.01 61611 26152 67 641 626
1702519503.8 61612 26156 38 641 631
1702519521.62 61613 26174 12 641 604
1702519523.59 61614 26176 0 641 610
1702519523.68 61615 26176 0 640 529
1702519524.61 61616 26176 85 641 576
1702519542.71 61617 26194 87 641 627
1702519544.29 61618 26196 36 641 580
1702519546.51 61619 26198 49 641 595
1702519548.08 61620 26199 96 641 595
1702519548.8 61621 26200 59 641 560
1702519550.26 61622 26201 95 641 592
1702519561.22 61623 26212 83 641 634
1702519561.56 61624 26213 8 641 485
1702519569.05 61625 26220 49 641 623
1702519574.89 61626 26226 24 641 595
1702519586.18 61627 26237 45 641 629
1702519591.78 61628 26242 96 641 627
1702519598.28 61629 26249 37 641 620
1702519601.19 61630 26252 19 641 636
1702519612.53 61631 26263 45 641 615
1702519620.36 61632 26271 19 641 625
1702519621.49 61633 26272 23 641 579
1702519625.04 61634 26275 68 641 526
1702519635.86 61635 26286 41 641 626
1702519637.03 61636 26287 50 641 581
1702519637.51 61637 26287 89 641 553
1702519640.87 61638 26291 16 641 633
1702519641.19 61639 26291 38 641 547
1702519649.89 61640 26299 99 641 624
1702519650.85 61641 26300 86 641 573
1702519655.47 61642 26305 38 641 603
1702519676.38 61643 26326 22 641 624
1702519690.69 61644 26340 45 641 618
1702519693.1 61645 26342 77 641 485
1702519693.86 61646 26343 44 641 567
1702519696.39 61647 26345 88 641 506
1702519696.67 61648 26346 7 641 550
1702519704.52 61649 26353 83 641 624
1702519706.59 61650 26355 81 641 613
1702519709.34 61651 26358 47 641 614
1702519709.79 61652 26358 82 641 553
1702519712.44 61653 26361 38 641 593
1702519712.99 61654 26361 83 641 561
1702519716.51 61655 26365 26 641 620
1702519722.71 61656 26371 37 641 625
1702519729.76 61657 26378 34 641 628
1702519738.48 61658 26386 98 641 632
1702519742.22 61659 26390 63 641 583
1702519745.47 61660 26393 79 641 627
1702519749.73 61661 26397 96 641 628
1702519754.64 61662 26402 78 641 618
1702519759.4 61663 26407 45 641 620
1702519762.61 61664 26410 57 641 625
1702519763.06 61665 26410 93 641 555
1702519784.26 61666 26432 6 641 615
1702519784.74 61667 26432 45 641 550
1702519787.49 61668 26435 11 641 605
1702519797.86 61669 26445 39 641 629
1702519820.59 61670 26468 5 641 631
1702519825.48 61671 26472 85 641 618
1702519827.03 61672 26474 31 641 599
1702519830.02 61673 26477 21 641 626
1702519835.01 61674 26482 10 641 629
1702519839.82 61675 26486 82 641 626
1702519848.7 61676 26495 62 641 628
1702519854.19 61677 26501 2 641 614
1702519858.08 61678 26504 82 641 621
1702519858.34 61679 26504 99 641 549
1702519860.45 61680 26507 1 641 512
1702519863.0 61681 26509 46 641 608
1702519867.32 61682 26513 69 641 627
1702519870.22 61683 26516 50 641 606
1702519880.55 61684 26526 75 641 624
1702519884.76 61685 26530 87 641 622
1702519885.64 61686 26531 65 641 567
1702519892.47 61687 26538 39 641 615
1702519897.2 61688 26543 4 641 626
1702519914.82 61689 26560 59 641 612
1702519920.11 61690 26565 78 641 624
1702519921.14 61691 26566 72 641 574
1702519929.19 61692 26574 69 641 628
1702519937.48 61693 26582 89 641 587
1702519940.12 61694 26585 44 641 621
1702519941.46 61695 26586 69 641 488
1702519946.84 61696 26591 98 641 621
1702519947.31 61697 26592 35 641 555
1702519948.52 61698 26593 46 641 567
1702519953.55 61699 26598 41 641 612
1702519954.44 61700 26599 21 641 572
1702519955.39 61701 26600 6 641 574
1702519956.82 61702 26601 40 641 591
1702519959.92 61703 26604 41 641 625
1702519962.27 61704 26606 67 641 621
1702519972.92 61705 26617 24 641 603
1702519974.33 61706 26618 55 641 591
1702519980.25 61707 26624 39 641 563
1702519996.17 61708 26640 23 641 435
1702519998.23 61709 26642 19 641 615
1702520002.25 61710 26646 12 641 615
1702520004.75 61711 26648 53 641 631
1702520006.4 61712 26650 10 641 600
1702520039.18 61713 26682 82 641 620
1702520041.91 61714 26685 46 641 470
1702520056.33 61715 26699 79 641 619
1702520059.7 61716 26703 7 641 504
1702520061.72 61717 26705 0 641 587
1702520066.27 61718 26709 47 641 638
1702520087.57 61719 26730 71 641 498
1702520092.93 61720 26735 98 641 619
1702520108.43 61721 26751 40 641 602
1702520114.07 61722 26756 96 641 628
1702520123.66 61723 26766 46 641 627
1702520124.56 61724 26767 27 641 573
1702520135.99 61725 26778 61 641 630
1702520145.36 61726 26787 90 641 632
1702520176.09 61727 26818 57 641 509
1702520179.34 61728 26821 73 641 620
1702520191.19 61729 26833 50 641 589
1702520192.17 61730 26834 38 641 572
1702520203.57 61731 26845 70 641 610
1702520204.86 61732 26846 90 641 586
1702520205.74 61733 26847 68 641 570
1702520223.15 61734 26865 2 641 620
1702520226.22 61735 26868 1 641 610
1702520226.32 61736 26868 1 640 530
1702520242.64 61737 26884 26 641 600
1702520255.51 61738 26897 6 641 623
1702520257.85 61739 26899 31 641 606
1702520258.11 61740 26899 47 641 547
1702520272.26 61741 26913 54 641 608
1702520272.67 61742 26913 86 641 552
1702520273.68 61743 26914 78 641 576
1702520280.78 61744 26921 79 641 623
1702520286.27 61745 26927 20 641 606
1702520286.44 61746 26927 27 641 541
1702520287.33 61747 26928 7 641 572
1702520290.15 61748 26930 80 641 510
1702520298.13 61749 26938 69 641 630
1702520299.06 61750 26939 53 641 572
1702520300.31 61751 26940 69 641 586
1702520307.77 61752 26948 7 641 621
1702520318.55 61753 26958 77 641 576
1702520321.78 61754 26961 91 641 550
1702520333.73 61755 26973 77 641 604
1702520336.94 61756 26976 89 641 607
1702520347.28 61757 26987 15 641 631
1702520354.29 61758 26994 8 641 621
1702520356.46 61759 26996 15 641 556
1702520359.44 61760 26999 5 641 613
1702520373.81 61761 27013 35 641 529
1702520385.24 61762 27024 70 641 555
1702520391.29 61763 27030 66 641 634
1702520392.32 61764 27031 59 641 576
1702520396.28 61765 27035 47 641 627
1702520398.06 61766 27037 16 641 602
1702520403.81 61767 27042 82 641 601
1702520407.1 61768 27046 2 641 627
1702520408.79 61769 27047 61 641 596
1702520415.32 61770 27054 5 641 606
1702520415.58 61771 27054 23 641 545
1702520416.03 61772 27054 59 641 555
1702520416.94 61773 27055 41 641 572
1702520417.29 61774 27055 66 641 548
1702520421.97 61775 27060 26 640 279
1702520425.27 61776 27063 47 641 624
1702520429.84 61777 27067 95 641 625
1702520432.23 61778 27070 25 641 621
1702520432.33 61779 27070 25 640 532
1702520432.97 61780 27070 81 641 562
1702520438.8 61781 27076 54 641 626
1702520438.9 61782 27076 54 640 534
1702520445.53 61783 27083 9 641 625
1702520455.85 61784 27093 33 641 608
1702520456.93 61785 27094 31 641 574
1702520465.56 61786 27102 86 641 619
1702520466.76 61787 27103 96 641 579
1702520475.41 61788 27112 53 641 605
1702520475.92 61789 27112 94 641 557
1702520506.15 61790 27143 11 641 630
1702520511.2 61791 27148 7 641 592
1702520513.85 61792 27150 63 641 622
1702520515.12 61793 27151 82 641 512
1702520521.01 61794 27157 62 641 605
1702520522.51 61795 27159 3 641 590
1702520522.83 61796 27159 26 641 548
1702520523.55 61797 27159 88 641 562
1702520527.54 61798 27163 78 641 623
1702520539.55 61799 27175 71 641 628
1702520544.63 61800 27180 70 641 582
1702520545.42 61801 27181 40 641 565
1702520551.1 61802 27186 99 641 519
1702520551.76 61803 27187 56 641 560
1702520554.59 61804 27190 29 641 632
1702520554.86 61805 27190 47 640 505
1702520560.47 61806 27195 99 641 628
1702520569.06 61807 27204 49 641 544
1702520569.79 61808 27205 12 641 563
1702520579.25 61809 27214 50 641 626
1702520589.81 61810 27224 98 641 569
1702520602.84 61811 27237 93 641 627
1702520610.02 61812 27245 2 641 604
1702520623.35 61813 27258 28 641 620
1702520627.63 61814 27262 47 641 625
1702520637.07 61815 27271 82 641 623
1702520638.09 61816 27272 75 641 571
1702520647.12 61817 27281 70 641 519
1702520648.18 61818 27282 67 641 572
1702520654.49 61819 27288 89 641 627
1702520699.74 61820 27334 10 641 614
1702520700.83 61821 27335 10 641 502
1702520716.25 61822 27350 44 641 625
1702520719.8 61823 27353 90 641 624
1702520724.37 61824 27358 37 641 627
1702520736.09 61825 27370 1 641 478
1702520739.52 61826 27373 36 641 631
1702520742.09 61827 27375 84 641 612
1702520751.1 61828 27384 77 641 625
1702520751.39 61829 27384 97 641 550
1702520752.66 61830 27386 15 641 587
1702520761.29 61831 27394 70 641 629
1702520772.05 61832 27405 37 641 520
1702520776.75 61833 27409 98 641 569
1702520784.51 61834 27417 66 641 631
1702520786.22 61835 27419 28 641 600
1702520791.64 61836 27424 61 641 632
1702520792.36 61837 27425 24 641 563
1702520798.44 61838 27431 23 641 614
1702520800.46 61839 27433 15 641 606
1702520813.69 61840 27446 30 641 611
1702520818.89 61841 27451 41 641 623
1702520822.85 61842 27455 29 641 627
1702520826.93 61843 27459 28 641 620
1702520837.98 61844 27470 25 641 617
1702520857.4 61845 27489 60 641 633
1702520866.41 61846 27498 52 641 627
1702520866.81 61847 27498 83 641 553
1702520873.05 61848 27504 98 641 580
1702520884.14 61849 27516 0 641 547
1702520908.35 61850 27540 14 641 619
1702520908.66 61851 27540 36 641 552
1702520908.76 61852 27540 36 640 534
1702520910.97 61853 27542 48 641 620
1702520911.39 61854 27542 81 641 555
1702520924.27 61855 27555 61 641 622
1702520926.31 61856 27557 55 641 457
1702520935.07 61857 27566 23 641 616
1702520937.77 61858 27568 84 641 630
1702520938.7 61859 27569 67 641 570
1702520946.33 61860 27577 22 641 584
1702520954.63 61861 27585 43 641 631
1702520966.66 61862 27597 38 641 622
1702520967.43 61863 27598 7 641 567
1702520973.66 61864 27604 21 641 621
1702520985.48 61865 27615 95 641 390
1702520988.22 61866 27618 60 641 626
1702520990.92 61867 27621 21 641 622
1702520992.39 61868 27622 59 641 590
1702520999.19 61869 27629 30 641 594
1702521010.87 61870 27640 90 641 621
1702521017.75 61871 27647 69 641 619
1702521020.54 61872 27650 39 641 636
1702521022.02 61873 27651 77 641 591
1702521027.73 61874 27657 39 641 626
1702521029.28 61875 27658 85 641 594
1702521030.38 61876 27659 85 641 581
1702521032.89 61877 27662 27 641 627
1702521033.44 61878 27662 73 641 557
1702521057.13 61879 27686 35 641 617
1702521060.11 61880 27689 25 641 613
1702521072.12 61881 27701 18 641 627
1702521075.46 61882 27704 42 641 622
1702521075.65 61883 27704 52 641 545
1702521079.9 61884 27708 68 641 622
1702521097.82 61885 27726 53 641 629
1702521101.11 61886 27729 72 641 621
1702521101.79 61887 27730 31 641 564
1702521113.01 61888 27741 46 641 628
1702521119.45 61889 27747 81 641 629
1702521119.55 61890 27747 81 640 536
1702521120.9 61891 27749 8 641 593
1702521131.18 61892 27759 28 641 606
1702521131.78 61893 27759 78 641 561
1702521135.62 61894 27763 53 641 560
1702521150.58 61895 27778 41 641 618
1702521162.37 61896 27790 12 641 609
1702521166.06 61897 27793 71 641 530
1702521168.24 61898 27795 81 641 621
1702521177.06 61899 27804 54 641 620
1702521184.04 61900 27811 44 641 622
1702521191.55 61901 27818 86 641 580
1702521210.01 61902 27837 24 640 312
1702521219.32 61903 27846 47 641 624
1702521223.55 61904 27850 62 641 615
1702521227.47 61905 27854 45 641 518
1702521232.51 61906 27859 40 641 593
1702521243.64 61907 27870 45 641 617
1702521245.7 61908 27872 42 641 619
1702521246.09 61909 27872 72 641 488
1702521249.0 61910 27875 54 641 612
1702521258.61 61911 27885 6 641 625
1702521262.52 61912 27888 88 641 607
1702521263.01 61913 27889 27 641 558
1702521263.19 61914 27889 36 641 542
1702521267.4 61915 27893 47 640 433
1702521270.71 61916 27896 69 641 594
1702521273.79 61917 27899 69 641 625
1702521285.73 61918 27911 54 641 616
1702521304.78 61919 27930 53 641 631
1702521304.99 61920 27930 65 641 543
1702521305.1 61921 27930 66 641 541
1702521316.45 61922 27941 93 641 616
1702521323.2 61923 27948 60 641 599
1702521327.8 61924 27953 11 641 626
1702521346.81 61925 27972 5 641 631
1702521347.83 61926 27972 98 641 574
1702521348.61 61927 27973 66 641 569
1702521356.86 61928 27981 83 641 584
1702521357.18 61929 27982 6 641 551
1702521364.92 61930 27989 71 641 630
1702521372.56 61931 27997 27 641 589
1702521387.54 61932 28012 18 641 623
1702521394.56 61933 28019 11 641 537
1702521402.26 61934 28026 72 641 511
1702521404.11 61935 28028 47 641 607
1702521404.21 61936 28028 47 640 536
1702521408.15 61937 28032 34 641 636
1702521412.69 61938 28036 79 641 578
1702521453.22 61939 28077 27 641 627
1702521454.01 61940 28077 96 641 564
1702521465.31 61941 28089 18 641 625
1702521477.59 61942 28101 38 641 624
1702521479.89 61943 28103 59 641 619
1702521483.39 61944 28107 0 641 608
1702521483.7 61945 28107 22 641 548
1702521486.87 61946 28110 30 641 630
1702521496.83 61947 28120 18 641 499
1702521508.78 61948 28132 4 641 611
1702521523.2 61949 28146 39 641 611
1702521536.88 61950 28159 99 641 625
1702521542.31 61951 28165 33 641 622
1702521550.53 61952 28173 46 641 624
1702521553.99 61953 28176 82 641 627
1702521554.87 61954 28177 61 641 568
1702521562.7 61955 28185 36 641 537
1702521564.7 61956 28187 26 641 608
1702521566.97 61957 28189 44 641 622
1702521567.57 61958 28189 94 641 560
1702521570.58 61959 28192 86 641 616
1702521574.39 61960 28196 58 641 624
1702521588.29 61961 28210 40 641 629
1702521589.18 61962 28211 20 641 568
1702521589.99 61963 28211 92 641 402
1702521598.97 61964 28220 82 641 631
1702521601.85 61965 28223 61 641 627
1702521601.95 61966 28223 61 640 535
1702521610.81 61967 28232 39 641 628
1702521620.89 61968 28242 40 641 628
1702521629.1 61969 28250 53 641 625
1702521636.96 61970 28258 30 641 624
1702521667.28 61971 28288 56 641 625
1702521667.88 61972 28289 8 641 560
1702521667.98 61973 28289 8 640 537
1702521670.57 61974 28291 59 641 614
1702521712.84 61975 28333 82 641 622
1702521721.85 61976 28342 75 641 554
1702521730.69 61977 28351 50 641 619
1702521739.24 61978 28359 96 641 633
1702521751.47 61979 28372 11 641 630
1702521755.76 61980 28376 32 641 480
1702521762.9 61981 28383 37 641 624
1702521767.49 61982 28387 86 641 588
1702521768.59 61983 28388 88 641 576
1702521774.16 61984 28394 36 641 525
1702521777.61 61985 28397 72 641 628
1702521784.38 61986 28404 40 641 627
1702521790.1 61987 28410 4 641 623
1702521793.96 61988 28413 81 641 507
1702521794.35 61989 28414 11 641 552
1702521794.62 61990 28414 28 641 547
1702521799.08 61991 28418 65 641 621
1702521803.01 61992 28422 48 641 568
1702521803.14 61993 28422 52 641 536
1702521803.82 61994 28423 10 641 565
1702521810.64 61995 28429 83 641 568
1702521818.13 61996 28437 24 641 625
1702521827.94 61997 28446 96 641 613
1702521834.09 61998 28453 3 641 622
1702521838.09 61999 28456 94 641 621
1702521839.47 62000 28458 23 641 590
1702521840.71 62001 28459 38 641 496
1702521844.07 62002 28462 64 641 619
1702521848.47 62003 28466 96 641 629
1702521852.44 62004 28470 84 641 503
1702521852.65 62005 28470 96 641 543
1702521859.67 62006 28477 89 641 622
1702521859.94 62007 28478 7 641 546
1702521863.92 62008 28481 96 641 625
1702521870.64 62009 28488 59 641 621
1702521881.42 62010 28499 29 641 629
1702521888.75 62011 28506 54 641 624
1702521895.74 62012 28513 44 641 627
1702521900.42 62013 28518 4 641 624
1702521902.99 62014 28520 52 641 588
1702521916.76 62015 28534 21 641 631
1702521925.02 62016 28542 38 641 619
1702521933.51 62017 28550 78 641 620
1702521934.77 62018 28551 95 641 584
1702521935.09 62019 28552 17 641 547
1702521938.34 62020 28555 34 641 622
1702521941.26 62021 28558 16 641 626
1702521944.81 62022 28561 62 641 616
1702521945.29 62023 28562 1 641 553
1702521946.71 62024 28563 34 641 548
1702521954.21 62025 28570 76 641 500
1702521963.72 62026 28580 18 641 625
1702521968.25 62027 28584 63 641 536
1702521970.73 62028 28587 2 641 625
1702521971.06 62029 28587 26 641 547
1702521977.25 62030 28593 36 641 564
1702521979.12 62031 28595 13 641 604
1702521982.75 62032 28598 66 641 621
1702521987.48 62033 28603 32 641 616
1702521997.81 62034 28613 56 641 528
1702521999.34 62035 28615 1 641 593
1702522004.6 62036 28620 17 641 631
1702522008.3 62037 28623 78 641 625
1702522019.38 62038 28634 78 641 627
1702522023.93 62039 28639 24 641 450
1702522027.55 62040 28642 77 641 621
1702522029.76 62041 28644 89 641 618
1702522041.7 62042 28656 74 641 568
1702522068.3 62043 28683 27 641 625
1702522075.35 62044 28690 24 641 564
1702522083.3 62045 28698 11 641 626
1702522089.48 62046 28704 19 641 623
1702522091.21 62047 28705 84 641 597
1702522094.08 62048 28708 62 641 504
1702522100.67 62049 28715 12 641 629
1702522106.97 62050 28721 33 641 570
1702522107.72 62051 28721 98 641 564
1702522121.4 62052 28735 58 641 625
1702522122.14 62053 28736 23 641 565
1702522122.75 62054 28736 75 641 560
1702522128.22 62055 28742 13 641 630
1702522142.37 62056 28756 20 641 628
1702522145.3 62057 28759 4 641 610
1702522145.41 62058 28759 5 641 536
1702522147.69 62059 28761 24 641 460
1702522148.32 62060 28761 78 641 562
1702522148.82 62061 28762 19 641 556
1702522151.04 62062 28764 32 641 623
1702522156.56 62063 28769 75 641 625
1702522168.61 62064 28781 73 641 523
1702522168.76 62065 28781 78 641 540
1702522168.9 62066 28781 83 641 536
1702522170.93 62067 28783 76 641 614
1702522171.03 62068 28783 76 640 535
1702522186.17 62069 28798 83 641 624
1702522186.57 62070 28799 13 641 519
1702522187.15 62071 28799 62 641 561
1702522202.4 62072 28814 79 641 621
1702522204.15 62073 28816 45 641 601
1702522209.46 62074 28821 67 641 625
1702522214.2 62075 28826 32 641 622
1702522228.28 62076 28840 33 641 540
1702522231.51 62077 28843 46 641 535
1702522234.74 62078 28846 61 641 603
1702522236.47 62079 28848 24 641 603
1702522238.02 62080 28849 70 641 595
1702522245.53 62081 28857 12 641 627
1702522247.41 62082 28858 91 641 570
1702522253.24 62083 28864 66 641 631
1702522256.28 62084 28867 60 641 542
1702522256.47 62085 28867 71 641 542
1702522257.42 62086 28868 56 641 574
1702522257.81 62087 28868 86 641 549
1702522264.33 62088 28875 29 641 630
1702522267.43 62089 28878 29 641 627
1702522274.76 62090 28885 54 641 511
1702522290.19 62091 28900 89 641 615
1702522291.22 62092 28901 83 641 520
1702522292.87 62093 28903 39 641 598
1702522301.87 62094 28912 30 641 621
1702522302.67 62095 28913 1 641 569
1702522305.31 62096 28915 56 641 597
1702522305.64 62097 28915 80 641 549
1702522305.74 62098 28915 80 640 534
1702522313.64 62099 28923 62 641 627
1702522320.9 62100 28930 79 641 586
