1701362680.72 5 7 92 641 609
1701362690.05 6 17 19 641 579
1701362695.36 7 22 44 641 628
1701362708.4 8 35 43 641 632
1701362716.95 9 43 93 641 623
1701362717.17 10 44 4 641 549
1701362722.2 11 49 6 641 586
1701362725.41 12 52 20 641 613
1701362727.5 13 54 22 641 606
1701362738.25 14 64 91 641 623
1701362755.05 15 81 66 641 555
1701362758.71 16 85 26 641 608
1701362760.27 17 86 75 641 625
1701362767.79 18 94 21 641 546
1701362768.93 19 95 28 641 604
1701362770.64 20 96 92 641 582
1701362774.29 21 100 50 641 612
1701362782.62 22 108 76 641 620
1701362784.85 23 110 91 641 627
1701362793.95 24 119 95 641 622
1701362820.31 25 146 27 641 618
1701362827.34 26 153 23 641 629
1701362839.82 27 165 65 641 631
1701362841.24 28 167 0 641 618
1701362845.15 29 170 85 641 627
1701362851.18 30 176 81 641 430
1701362851.61 31 177 17 641 563
1701362855.28 32 180 76 641 622
1701362855.89 33 181 29 641 513
1701362858.03 34 183 38 641 620
1701362859.55 35 184 83 641 588
1701362862.13 36 187 34 641 543
1701362862.68 37 187 81 641 569
1701362874.57 38 199 64 641 625
1701362882.65 39 207 65 641 436
1701362901.22 40 226 17 641 630
1701362904.61 41 229 48 641 529
1701362915.68 42 240 49 641 586
1701362922.13 43 246 87 641 628
1701362928.03 44 252 71 641 523
1701362931.56 45 256 17 641 588
1701362932.81 46 257 35 641 558
1701362938.79 47 263 26 641 624
1701362939.06 48 263 46 641 554
1701362946.74 49 271 8 641 634
1701362947.77 50 272 3 641 597
1701362951.87 51 276 7 641 586
1701362968.52 52 292 66 641 620
1701362977.1 53 301 17 641 618
1701362977.36 54 301 36 641 552
1701362978.6 55 302 53 641 612
1701362988.37 56 312 24 641 628
1701363003.58 57 327 39 641 512
1701363014.44 58 338 19 641 589
1701363039.08 59 362 79 641 632
1701363045.86 60 369 50 641 574
1701363049.41 61 372 98 641 626
1701363060.64 62 384 15 641 601
1701363069.34 63 392 78 641 622
1701363071.88 64 395 25 641 628
1701363076.68 65 399 99 641 627
1701363090.12 66 413 37 641 615
1701363090.8 67 413 98 641 505
1701363093.32 68 416 43 641 621
1701363094.98 69 418 2 641 632
1701363101.88 70 424 85 641 525
1701363117.04 71 439 96 641 632
1701363121.65 72 444 50 641 627
1701363132.57 73 455 36 641 629
1701363138.38 74 461 10 641 575
1701363138.58 75 461 23 641 548
1701363142.36 76 464 93 641 625
1701363155.55 77 478 8 641 629
1701363156.29 78 478 75 641 551
1701363160.55 79 482 94 641 507
1701363164.59 80 486 90 641 625
1701363169.63 81 491 87 641 625
1701363171.5 82 493 67 641 593
1701363179.37 83 501 48 641 531
1701363187.89 84 509 93 641 600
1701363192.13 85 514 10 641 629
1701363197.37 86 519 27 641 414
1701363203.93 87 525 76 641 617
1701363212.6 88 534 36 641 448
1701363214.63 89 536 32 641 624
1701363232.66 90 554 30 641 627
1701363236.05 91 557 62 641 619
1701363237.1 92 558 60 641 598
1701363240.13 93 561 56 641 606
1701363243.27 94 564 63 639 168
1701363243.35 95 564 63 640 534
1701363251.34 96 572 57 641 615
1701363254.83 97 575 99 641 620
1701363256.81 98 577 89 641 626
1701363256.89 99 577 89 640 537
1701363259.27 100 580 21 641 626
1701363267.23 101 588 10 641 620
1701363267.38 102 588 18 641 545
1701363274.07 103 594 80 641 588
1701363279.99 104 600 65 641 617
1701363281.93 105 602 51 641 622
1701363285.07 106 605 58 641 625
1701363290.14 107 610 58 641 620
1701363294.62 108 614 99 641 630
1701363296.06 109 616 35 641 605
1701363305.26 110 625 49 641 616
1701363309.66 111 629 81 641 627
1701363317.23 112 637 31 641 600
1701363320.74 113 640 74 641 623
1701363330.63 114 650 57 641 616
1701363330.88 115 650 74 641 555
1701363334.55 116 654 33 641 628
1701363336.3 117 656 1 641 611
1701363342.78 118 662 41 641 628
1701363365.56 119 685 14 641 630
1701363370.48 120 689 99 641 588
1701363376.18 121 695 62 641 626
1701363392.74 122 712 12 641 619
1701363394.26 123 713 57 641 624
1701363396.0 124 715 23 641 582
1701363401.02 125 720 17 641 625
1701363417.21 126 736 30 641 603
1701363432.78 127 751 81 641 619
1701363433.16 128 752 12 641 563
1701363441.68 129 760 57 641 467
1701363443.18 130 761 99 641 624
1701363459.23 131 777 97 641 628
1701363460.58 132 779 24 641 585
1701363462.3 133 780 89 641 635
1701363467.05 134 785 56 641 560
1701363469.34 135 787 77 641 627
1701363473.54 136 791 90 641 625
1701363491.12 137 809 42 641 613
1701363494.21 138 812 44 641 543
1701363509.94 139 828 10 641 623
1701363510.92 140 829 1 641 597
1701363515.62 141 833 64 641 607
1701363523.47 142 841 42 641 632
1701363563.43 143 881 35 641 606
1701363563.54 144 881 38 641 544
1701363566.58 145 884 35 641 520
1701363569.32 146 887 2 641 631
1701363576.79 147 894 42 641 569
1701363577.05 148 894 60 641 551
1701363582.57 149 900 5 641 627
1701363594.96 150 912 38 641 622
1701363595.74 151 913 9 641 516
1701363601.62 152 918 90 641 566
1701363612.3 153 929 52 641 609
1701363619.55 154 936 70 641 567
1701363621.58 155 938 65 641 634
1701363629.85 156 946 85 641 531
1701363642.46 157 959 40 641 609
1701363649.73 158 966 60 641 596
1701363656.13 159 972 93 641 622
1701363665.53 160 982 26 641 630
1701363667.9 161 984 55 641 630
1701363669.14 162 985 72 641 612
1701363673.13 163 989 63 641 621
1701363702.14 164 1018 59 641 497
1701363702.32 165 1018 69 641 547
1701363742.96 166 1059 29 641 625
1701363745.19 167 1061 44 641 629
1701363757.8 168 1073 98 641 621
1701363760.49 169 1076 59 641 626
1701363761.09 170 1077 11 641 573
1701363772.96 171 1088 91 641 628
1701363773.52 172 1089 39 641 569
1701363777.72 173 1093 51 641 578
1701363793.43 174 1109 16 641 620
1701363803.82 175 1119 48 641 542
1701363823.74 176 1139 34 641 624
1701363827.9 177 1143 42 641 624
1701363830.36 178 1145 79 641 603
1701363843.97 179 1159 34 641 627
1701363849.36 180 1164 66 641 548
1701363857.24 181 1172 46 641 605
1701363864.87 182 1180 2 641 617
1701363875.37 183 1190 45 641 625
1701363882.98 184 1197 98 641 630
1701363889.51 185 1204 44 641 628
1701363889.6 186 1204 44 640 537
1701363891.65 187 1206 42 641 632
1701363897.62 188 1212 32 641 622
1701363909.36 189 1223 99 641 627
1701363922.76 190 1237 32 641 630
1701363923.6 191 1238 8 641 586
1701363928.83 192 1243 24 641 633
1701363933.46 193 1247 79 641 628
1701363933.92 194 1248 17 641 566
1701363944.04 195 1258 22 641 626
1701363967.73 196 1281 86 641 622
1701363974.41 197 1288 47 641 628
1701363978.51 198 1292 50 641 595
1701363985.66 199 1299 57 641 627
1701363990.56 200 1304 39 641 603
1701363996.0 201 1309 76 641 630
1701364002.63 202 1316 32 641 504
1701364010.57 203 1324 18 641 627
1701364019.71 204 1333 25 641 611
1701364020.2 205 1333 66 641 563
1701364033.24 206 1346 64 641 532
1701364038.45 207 1351 77 641 632
1701364067.81 208 1381 8 641 489
1701364069.78 209 1382 97 641 630
1701364073.15 210 1386 26 641 586
1701364083.31 211 1396 34 641 623
1701364083.72 212 1396 67 641 565
1701364084.08 213 1396 95 641 558
1701364088.2 214 1401 0 641 622
1701364097.67 215 1410 40 641 630
1701364109.51 216 1422 17 641 617
1701364113.93 217 1426 51 641 632
1701364135.88 218 1448 40 641 629
1701364138.53 219 1450 97 641 607
1701364138.98 220 1451 33 641 412
1701364146.11 221 1458 39 641 628
1701364151.82 222 1464 3 641 592
1701364152.71 223 1464 84 641 591
1701364158.37 224 1470 42 641 559
1701364160.93 225 1472 90 641 623
1701364161.34 226 1473 23 641 562
1701364164.15 227 1475 96 641 616
1701364169.54 228 1481 27 641 625
1701364170.04 229 1481 69 641 568
1701364181.15 230 1492 73 641 624
1701364188.84 231 1500 35 641 630
1701364199.32 232 1510 77 641 625
1701364200.64 233 1512 0 641 613
1701364211.28 234 1522 57 641 624
1701364216.03 235 1527 25 641 618
1701364218.69 236 1529 83 641 623
1701364222.25 237 1533 31 641 627
1701364233.59 238 1544 58 641 627
1701364234.14 239 1545 5 641 571
1701364235.24 240 1546 6 641 603
1701364255.62 241 1566 38 641 616
1701364267.43 242 1578 12 641 627
1701364267.98 243 1578 59 641 569
1701364270.78 244 1581 31 641 598
1701364276.31 245 1586 76 641 604
1701364279.78 246 1590 15 641 623
1701364288.41 247 1598 71 641 627
1701364293.42 248 1603 63 641 631
1701364296.55 249 1606 69 641 626
1701364301.62 250 1611 68 641 622
1701364314.82 251 1624 80 641 625
1701364321.65 252 1631 57 641 624
1701364322.11 253 1631 94 641 567
1701364336.73 254 1646 50 641 531
1701364353.94 255 1663 65 641 627
1701364368.18 256 1677 82 641 590
1701364377.17 257 1686 74 641 565
1701364389.67 258 1699 17 641 621
1701364395.73 259 1705 15 641 618
1701364396.9 260 1706 24 641 605
1701364397.91 261 1707 16 641 598
1701364402.34 262 1711 52 641 596
1701364452.71 263 1761 86 641 628
1701364454.18 264 1763 25 641 620
1701364465.87 265 1774 88 641 629
1701364467.13 266 1776 5 641 608
1701364469.41 267 1778 25 641 574
1701364472.14 268 1780 90 641 629
1701364479.65 269 1788 34 641 622
1701364496.37 270 1805 0 641 519
1701364497.14 271 1805 69 641 583
1701364498.53 272 1806 99 641 615
1701364500.62 273 1809 2 641 629
1701364510.76 274 1819 9 641 631
1701364512.41 275 1820 66 641 445
1701364528.68 276 1836 87 641 598
1701364529.49 277 1837 60 641 582
1701364542.06 278 1850 10 641 623
1701364542.15 279 1850 11 641 540
1701364545.22 280 1853 10 641 613
1701364546.44 281 1854 24 641 582
1701364550.84 282 1858 57 641 622
1701364560.37 283 1868 3 641 633
1701364566.61 284 1874 19 641 609
1701364568.08 285 1875 58 641 602
1701364568.8 286 1876 21 641 579
1701364573.69 287 1881 2 641 606
1701364574.45 288 1881 70 641 582
1701364576.03 289 1883 20 641 620
1701364578.1 290 1885 19 641 631
1701364581.24 291 1888 25 641 624
1701364582.85 292 1889 79 641 624
1701364584.06 293 1890 92 641 609
1701364612.47 294 1919 27 641 626
1701364616.63 295 1923 36 641 590
1701364620.79 296 1927 44 641 623
1701364621.3 297 1927 87 641 567
1701364623.56 298 1930 5 641 627
1701364624.79 299 1931 21 641 603
1701364639.03 300 1945 39 641 618
1701364647.93 301 1954 22 641 587
1701364648.53 302 1954 74 641 572
1701364653.51 303 1959 64 641 588
1701364667.67 304 1973 73 641 629
1701364679.69 305 1985 68 641 625
1701364681.2 306 1987 11 641 620
1701364682.78 307 1988 62 641 625
1701364682.91 308 1988 66 641 543
1701364683.14 309 1988 81 641 551
1701364684.17 310 1989 76 641 599
1701364689.5 311 1995 2 641 616
1701364694.45 312 1999 89 641 622
1701364694.66 313 2000 2 641 549
1701364704.39 314 2009 68 641 539
1701364707.24 315 2012 45 641 629
1701364723.59 316 2028 74 641 510
1701364730.1 317 2035 17 641 375
1701364731.7 318 2036 69 641 429
1701364736.4 319 2041 32 641 621
1701364740.15 320 2044 99 641 509
1701364747.0 321 2051 76 641 628
1701364748.01 322 2052 69 641 595
1701364749.54 323 2054 14 641 620
1701364749.65 324 2054 17 641 464
1701364760.09 325 2064 53 641 618
1701364762.67 326 2067 5 641 630
1701364772.28 327 2076 59 641 526
1701364777.39 328 2081 63 641 626
1701364782.85 329 2087 1 641 626
1701364787.9 330 2091 98 641 628
1701364793.05 331 2097 5 641 626
1701364796.64 332 2100 56 641 620
1701364796.81 333 2100 65 641 543
1701364797.4 334 2101 16 641 576
1701364811.9 335 2115 60 641 629
1701364821.75 336 2125 38 641 631
1701364843.12 337 2146 69 641 548
1701364843.81 338 2147 30 641 576
1701364849.92 339 2153 33 641 626
1701364851.75 340 2155 8 641 608
1701364852.95 341 2156 20 641 605
1701364862.21 342 2165 39 641 626
1701364863.9 343 2166 99 641 621
1701364865.72 344 2168 73 641 535
1701364867.15 345 2170 8 641 558
1701364873.23 346 2176 10 641 621
1701364883.08 347 2185 87 641 625
1701364886.52 348 2189 24 641 631
1701364893.31 349 2195 95 641 622
1701364902.17 350 2204 74 641 594
1701364903.54 351 2206 3 641 612
1701364903.77 352 2206 18 641 550
1701364906.14 353 2208 47 641 624
1701364909.19 354 2211 45 641 601
1701364909.57 355 2211 75 641 560
1701364911.31 356 2213 41 641 532
1701364913.34 357 2215 36 641 624
1701364917.72 358 2219 66 641 632
1701364922.42 359 2224 29 641 629
1701364926.12 360 2227 91 641 606
1701364927.0 361 2228 71 641 585
1701364931.87 362 2233 50 641 636
1701364934.48 363 2236 3 641 624
1701364937.34 364 2238 81 641 628
