1701820810.47 11299 58350 27 641 523
1701820831.21 11300 58370 93 640 837
1701820833.25 11301 58372 88 641 626
1701820834.36 11302 58373 89 641 596
1701820836.8 11303 58376 24 641 631
1701820837.3 11304 58376 65 641 561
1701820840.4 11305 58379 66 641 625
1701820848.65 11306 58387 82 641 625
1701820856.26 11307 58395 34 641 627
1701820856.53 11308 58395 52 641 549
1701820865.47 11309 58404 38 641 633
1701820876.62 11310 58415 44 641 634
1701820878.05 11311 58416 78 641 569
1701820889.51 11312 58428 16 641 620
1701820894.27 11313 58432 83 641 621
1701820899.77 11314 58438 25 641 608
1701820905.73 11315 58444 11 641 621
1701820909.24 11316 58447 54 641 616
1701820922.51 11317 58460 74 641 632
1701820933.75 11318 58471 89 641 551
1701820938.13 11319 58476 19 641 634
1701820942.09 11320 58480 6 641 620
1701820944.52 11321 58482 40 641 513
1701820945.24 11322 58483 3 641 573
1701820946.54 11323 58484 24 641 610
1701820961.55 11324 58499 17 641 588
1701820968.52 11325 58506 6 641 631
1701820971.71 11326 58509 16 641 388
1701820974.64 11327 58511 99 641 617
1701820974.98 11328 58512 25 641 552
1701820977.66 11329 58514 83 641 514
1701820987.07 11330 58524 16 641 629
1701820996.0 11331 58533 1 641 624
1701820998.03 11332 58534 95 641 614
1701820998.88 11333 58535 70 641 580
1701821007.49 11334 58544 22 641 614
1701821022.9 11335 58559 56 641 621
1701821033.8 11336 58570 37 641 433
1701821038.43 11337 58574 91 641 619
1701821052.32 11338 58588 72 641 632
1701821067.17 11339 58603 49 641 616
1701821072.79 11340 58609 2 641 627
1701821080.48 11341 58616 63 641 575
1701821082.56 11342 58618 62 641 622
1701821085.53 11343 58621 50 641 620
1701821091.81 11344 58627 69 641 610
1701821093.16 11345 58628 95 641 611
1701821106.39 11346 58642 10 641 612
1701821120.06 11347 58655 69 641 632
1701821125.63 11348 58661 17 641 414
1701821130.45 11349 58665 90 641 612
1701821135.33 11350 58670 69 641 619
1701821137.81 11351 58673 8 641 531
1701821139.17 11352 58674 36 641 609
1701821139.66 11353 58674 76 641 560
1701821149.69 11354 58684 71 641 629
1701821150.83 11355 58685 75 641 601
1701821162.03 11356 58696 87 641 617
1701821164.1 11357 58698 85 641 602
1701821164.67 11358 58699 32 641 566
1701821174.97 11359 58709 54 641 621
1701821178.13 11360 58712 62 641 627
1701821178.26 11361 58712 65 641 540
1701821183.94 11362 58718 24 641 622
1701821192.69 11363 58726 90 641 630
1701821193.79 11364 58727 91 641 596
1701821196.01 11365 58730 4 641 628
1701821199.23 11366 58733 18 641 603
1701821199.33 11367 58733 18 640 536
1701821222.38 11368 58756 17 641 625
1701821222.7 11369 58756 39 641 554
1701821228.14 11370 58761 74 641 603
1701821234.88 11371 58768 39 641 511
1701821254.39 11372 58787 83 641 549
1701821263.99 11373 58797 35 641 620
1701821264.38 11374 58797 64 641 555
1701821270.81 11375 58803 99 641 617
1701821275.75 11376 58808 84 641 621
1701821289.09 11377 58822 10 641 628
1701821294.55 11378 58827 48 641 625
1701821297.09 11379 58829 92 641 629
1701821314.68 11380 58847 44 641 520
1701821316.03 11381 58848 70 641 481
1701821325.63 11382 58858 22 641 612
1701821328.23 11383 58860 73 641 634
1701821328.68 11384 58861 8 641 561
1701821331.63 11385 58863 94 641 571
1701821338.74 11386 58870 97 641 523
1701821345.29 11387 58877 43 641 580
1701821356.72 11388 58888 78 641 628
1701821372.9 11389 58904 88 641 596
1701821376.81 11390 58908 70 641 618
1701821386.27 11391 58918 8 641 629
1701821388.96 11392 58920 68 641 624
1701821395.27 11393 58926 90 641 626
1701821398.64 11394 58930 18 641 571
1701821399.35 11395 58930 80 641 573
1701821401.47 11396 58932 83 641 598
1701821404.74 11397 58936 1 641 624
1701821406.24 11398 58937 42 641 585
1701821412.49 11399 58943 58 641 619
1701821421.14 11400 58952 14 641 624
1701821434.88 11401 58965 80 641 627
1701821448.85 11402 58979 69 641 631
1701821451.5 11403 58982 25 641 527
1701821460.52 11404 58991 19 641 609
1701821466.06 11405 58996 64 641 620
1701821488.07 11406 59018 58 641 612
1701821495.76 11407 59026 19 641 598
1701821502.99 11408 59033 33 641 632
1701821505.81 11409 59036 6 641 625
1701821510.02 11410 59040 18 641 620
1701821518.24 11411 59048 31 641 574
1701821518.56 11412 59048 54 641 550
1701821523.35 11413 59053 24 641 624
1701821534.69 11414 59064 50 641 627
1701821550.96 11415 59080 69 641 631
1701821551.07 11416 59080 71 641 536
1701821552.02 11417 59081 56 641 594
1701821555.76 11418 59085 22 641 633
1701821558.33 11419 59087 70 641 618
1701821558.58 11420 59087 85 641 547
1701821576.78 11421 59105 98 641 626
1701821586.48 11422 59115 60 641 624
1701821589.11 11423 59118 13 641 567
1701821590.29 11424 59119 22 641 604
1701821593.42 11425 59122 26 641 615
1701821596.52 11426 59125 27 641 631
1701821601.67 11427 59130 33 641 618
1701821608.74 11428 59137 31 641 630
1701821609.25 11429 59137 73 641 562
1701821610.09 11430 59138 47 641 584
1701821613.49 11431 59141 77 641 615
1701821615.12 11432 59143 31 641 613
1701821615.99 11433 59144 8 641 588
1701821617.9 11434 59145 91 641 626
1701821625.81 11435 59153 74 641 597
1701821637.82 11436 59165 67 641 628
1701821647.83 11437 59175 60 641 608
1701821651.45 11438 59179 13 641 615
1701821656.76 11439 59184 35 641 619
1701821662.24 11440 59189 73 641 624
1701821663.89 11441 59191 29 641 589
1701821666.11 11442 59193 42 641 611
1701821671.21 11443 59198 43 641 509
1701821678.24 11444 59205 38 641 548
1701821685.71 11445 59212 77 641 585
1701821687.61 11446 59214 57 641 619
1701821699.91 11447 59226 78 641 594
1701821717.64 11448 59244 44 641 462
1701821741.66 11449 59268 39 641 624
1701821748.48 11450 59275 12 641 583
1701821750.3 11451 59276 85 641 540
1701821754.74 11452 59281 20 641 627
1701821760.22 11453 59286 59 641 616
1701821771.17 11454 59297 46 641 618
1701821777.8 11455 59304 0 641 589
1701821780.26 11456 59306 37 641 618
1701821780.88 11457 59306 89 641 571
1701821785.52 11458 59311 44 641 624
1701821798.36 11459 59324 20 641 619
1701821801.54 11460 59327 29 641 627
1701821816.08 11461 59341 75 641 527
1701821821.91 11462 59347 49 641 626
1701821825.55 11463 59351 4 641 622
1701821830.23 11464 59355 63 641 624
1701821830.33 11465 59355 65 641 534
1701821831.73 11466 59356 95 641 570
1701821832.14 11467 59357 26 641 560
1701821845.92 11468 59370 97 641 584
1701821854.62 11469 59379 59 641 628
1701821870.8 11470 59395 69 641 626
1701821875.65 11471 59400 45 641 502
1701821875.83 11472 59400 53 641 543
1701821885.6 11473 59410 23 641 629
1701821898.1 11474 59422 64 641 632
1701821901.67 11475 59426 14 641 627
1701821905.24 11476 59429 62 641 535
1701821907.56 11477 59431 84 641 632
1701821907.74 11478 59431 93 641 540
1701821916.84 11479 59440 94 641 595
1701821920.0 11480 59444 1 641 508
1701821928.03 11481 59451 95 641 618
1701821929.03 11482 59452 86 641 524
1701821932.06 11483 59455 80 641 576
1701821939.38 11484 59463 4 641 627
1701821950.64 11485 59474 22 641 586
1701821955.52 11486 59479 2 641 601
1701821957.64 11487 59481 5 641 616
1701821965.78 11488 59489 11 641 630
1701821971.65 11489 59494 89 641 528
1701821979.44 11490 59502 60 641 630
1701821986.3 11491 59509 38 641 630
1701822007.33 11492 59530 33 641 618
1701822012.8 11493 59535 71 641 627
1701822018.95 11494 59541 77 641 624
1701822027.32 11495 59550 6 641 511
1701822029.46 11496 59552 11 641 605
1701822031.32 11497 59553 88 641 555
1701822038.52 11498 59561 0 641 564
1701822043.81 11499 59566 20 641 591
1701822051.3 11500 59573 61 641 628
1701822057.7 11501 59579 92 641 561
1701822065.16 11502 59587 29 641 625
1701822071.0 11503 59593 5 641 619
1701822071.29 11504 59593 24 641 551
1701822079.33 11505 59601 20 641 623
1701822080.23 11506 59602 0 641 588
1701822085.11 11507 59606 79 641 619
1701822085.33 11508 59606 92 641 546
1701822097.86 11509 59619 37 641 624
1701822099.71 11510 59621 13 641 593
1701822100.76 11511 59622 9 641 600
1701822105.92 11512 59627 16 641 603
1701822106.99 11513 59628 14 641 595
1701822111.35 11514 59632 40 641 607
1701822118.41 11515 59639 38 641 616
1701822126.89 11516 59647 77 641 585
1701822130.9 11517 59651 69 641 597
1701822134.29 11518 59654 99 641 631
1701822136.18 11519 59656 78 641 572
1701822140.24 11520 59660 75 641 600
1701822159.43 11521 59679 87 641 627
1701822159.64 11522 59679 99 641 544
1701822161.11 11523 59681 36 641 620
1701822171.04 11524 59691 21 641 623
1701822178.44 11525 59698 51 641 621
1701822189.27 11526 59709 27 641 625
1701822196.42 11527 59716 33 641 627
1701822202.55 11528 59722 38 641 622
1701822205.16 11529 59724 89 641 626
1701822208.28 11530 59727 92 641 611
1701822215.65 11531 59735 21 641 630
1701822225.79 11532 59745 26 641 615
1701822226.14 11533 59745 52 641 555
1701822228.17 11534 59747 45 641 624
1701822230.53 11535 59749 72 641 610
1701822230.95 11536 59750 5 641 561
1701822233.1 11537 59752 11 641 611
1701822235.44 11538 59754 36 641 610
1701822236.38 11539 59755 21 641 591
1701822236.61 11540 59755 35 641 411
1701822237.07 11541 59755 72 641 564
1701822241.69 11542 59760 24 641 618
1701822247.6 11543 59766 6 641 632
1701822283.85 11544 59802 27 641 632
1701822287.57 11545 59805 90 641 542
1701822287.84 11546 59806 8 641 549
1701822306.89 11547 59825 5 641 628
1701822311.08 11548 59829 15 641 614
1701822312.97 11549 59830 95 641 557
1701822314.19 11550 59832 8 641 609
1701822316.42 11551 59834 21 641 623
1701822336.89 11552 59854 61 641 616
1701822340.7 11553 59858 33 641 632
1701822341.5 11554 59859 4 641 582
1701822345.09 11555 59862 54 641 625
1701822350.34 11556 59867 70 641 624
1701822361.56 11557 59878 84 641 513
1701822363.94 11558 59881 12 641 631
1701822368.64 11559 59885 73 641 621
1701822368.81 11560 59885 80 641 543
1701822382.36 11561 59899 27 641 617
1701822382.9 11562 59899 71 641 566
1701822384.38 11563 59901 10 641 624
1701822396.33 11564 59912 97 641 631
1701822416.49 11565 59933 6 641 631
1701822439.8 11566 59956 30 641 620
1701822445.37 11567 59961 79 641 611
1701822453.82 11568 59970 15 641 618
1701822455.77 11569 59972 1 641 615
1701822476.98 11570 59993 15 641 627
1701822487.5 11571 60003 59 641 626
1701822488.12 11572 60004 12 641 571
1701822493.9 11573 60009 81 641 631
1701822497.91 11574 60013 73 641 590
1701822510.89 11575 60026 63 641 618
1701822522.06 11576 60037 72 641 631
1701822539.23 11577 60054 81 641 605
1701822540.62 11578 60056 11 641 488
1701822551.0 11579 60066 40 641 632
1701822554.47 11580 60069 78 641 627
1701822555.45 11581 60070 66 641 593
1701822575.37 11582 60090 51 641 514
1701822582.06 11583 60097 11 641 551
1701822588.7 11584 60103 66 641 626
1701822589.15 11585 60104 2 641 560
1701822598.66 11586 60113 45 641 624
