1702598401.28 9116 38428 45 641 563
1702598404.61 9117 38431 69 641 627
1702598406.95 9118 38433 94 641 625
1702598416.24 9119 38443 15 641 629
1702598431.75 9120 38458 59 641 624
1702598432.1 9121 38458 85 641 553
1702598443.61 9122 38470 28 641 624
1702598446.43 9123 38473 2 641 622
1702598452.46 9124 38478 96 641 620
1702598453.06 9125 38479 47 641 568
1702598476.13 9126 38502 47 641 615
1702598478.54 9127 38504 80 641 632
1702598484.56 9128 38510 74 641 626
1702598485.77 9129 38511 86 641 600
1702598511.01 9130 38537 4 641 633
1702598526.88 9131 38552 84 641 618
1702598529.73 9132 38555 60 641 630
1702598530.07 9133 38555 85 641 552
1702598532.53 9134 38558 23 641 567
1702598536.68 9135 38562 29 641 560
1702598550.7 9136 38576 24 641 608
1702598553.49 9137 38578 95 641 631
1702598554.09 9138 38579 46 641 568
1702598568.9 9139 38594 19 641 618
1702598570.88 9140 38596 9 641 635
1702598577.28 9141 38602 41 641 624
1702598583.64 9142 38608 69 641 626
1702598586.69 9143 38611 65 641 620
1702598586.78 9144 38611 65 640 536
1702598587.41 9145 38612 20 641 571
1702598591.41 9146 38616 11 641 539
1702598597.59 9147 38622 21 641 620
1702598598.58 9148 38623 11 641 586
1702598604.93 9149 38629 38 641 624
1702598609.16 9150 38633 52 641 615
1702598616.21 9151 38640 49 641 624
1702598630.62 9152 38654 82 641 621
1702598653.36 9153 38677 49 641 632
1702598668.4 9154 38692 46 640 273
1702598671.06 9155 38695 3 641 620
1702598689.49 9156 38713 39 641 631
1702598690.12 9157 38713 93 641 569
1702598697.66 9158 38721 39 641 619
1702598701.15 9159 38724 79 641 602
1702598703.61 9160 38727 16 641 623
1702598704.5 9161 38727 96 641 580
1702598706.92 9162 38730 29 641 617
1702598707.02 9163 38730 29 640 534
1702598708.78 9164 38731 97 641 589
1702598709.81 9165 38732 91 641 586
1702598712.15 9166 38735 16 641 626
1702598725.6 9167 38748 54 641 509
1702598728.45 9168 38751 31 641 576
1702598736.85 9169 38759 63 641 537
1702598750.07 9170 38772 77 641 622
1702598757.25 9171 38779 87 641 620
1702598757.35 9172 38779 87 640 534
1702598762.17 9173 38784 61 641 614
1702598767.53 9174 38789 88 641 609
1702598769.91 9175 38792 17 641 624
1702598792.88 9176 38815 8 641 633
1702598793.34 9177 38815 45 641 558
1702598795.1 9178 38817 12 641 625
1702598795.52 9179 38817 44 641 555
1702598810.31 9180 38832 16 641 603
1702598848.24 9181 38870 4 641 617
1702598859.51 9182 38881 24 641 624
1702598862.86 9183 38884 50 641 626
1702598862.95 9184 38884 50 640 532
1702598867.18 9185 38888 65 641 621
1702598867.69 9186 38889 7 641 511
1702598880.61 9187 38901 91 641 603
1702598884.0 9188 38905 23 641 600
1702598895.82 9189 38916 97 641 617
1702598898.15 9190 38919 21 641 626
1702598902.98 9191 38923 95 641 624
1702598903.55 9192 38924 44 641 566
1702598906.48 9193 38927 28 641 630
1702598916.94 9194 38937 66 641 586
1702598927.13 9195 38947 77 641 626
1702598928.84 9196 38949 39 641 578
1702598929.68 9197 38950 14 641 486
1702598938.01 9198 38958 39 641 599
1702598949.37 9199 38969 67 641 619
1702598954.58 9200 38974 80 641 629
1702598959.34 9201 38979 47 641 624
1702598961.84 9202 38981 89 641 627
1702598966.3 9203 38986 26 641 624
1702598969.71 9204 38989 58 641 611
1702598970.77 9205 38990 55 641 593
1702598976.57 9206 38996 27 641 502
1702598977.27 9207 38996 88 641 577
1702598979.02 9208 38998 53 641 619
1702598982.67 9209 39002 10 641 615
1702598991.49 9210 39010 83 641 624
1702598995.7 9211 39014 96 641 556
1702598999.48 9212 39018 65 641 546
1702599002.05 9213 39021 13 641 500
1702599010.08 9214 39029 8 641 619
1702599010.64 9215 39029 56 641 567
1702599028.64 9216 39047 48 641 618
1702599034.62 9217 39053 38 641 624
1702599038.25 9218 39056 92 641 619
1702599042.6 9219 39061 18 641 598
1702599073.02 9220 39091 54 641 624
1702599078.52 9221 39096 96 641 627
1702599084.5 9222 39102 86 641 591
1702599084.72 9223 39102 99 641 545
1702599086.23 9224 39104 41 641 617
1702599091.26 9225 39109 35 641 618
1702599092.0 9226 39110 1 641 527
1702599095.66 9227 39113 58 641 597
1702599096.7 9228 39114 54 641 590
1702599097.7 9229 39115 45 641 588
1702599117.09 9230 39134 76 641 388
1702599117.32 9231 39134 92 641 547
1702599120.62 9232 39138 13 641 583
1702599122.32 9233 39139 74 641 467
1702599131.09 9234 39148 43 641 622
1702599132.57 9235 39149 82 641 612
1702599144.56 9236 39161 73 641 624
1702599152.66 9237 39169 75 641 592
1702599157.21 9238 39174 22 641 615
1702599159.93 9239 39176 85 641 618
1702599160.92 9240 39177 74 641 516
1702599166.72 9241 39183 46 640 323
1702599167.83 9242 39184 48 641 592
1702599185.84 9243 39202 42 641 626
1702599186.32 9244 39202 81 641 559
1702599199.26 9245 39215 67 641 625
1702599201.88 9246 39218 20 641 617
1702599215.98 9247 39232 24 641 591
1702599217.25 9248 39233 41 641 600
1702599224.08 9249 39240 16 641 621
1702599225.96 9250 39241 95 641 509
1702599229.87 9251 39245 77 641 618
1702599235.64 9252 39251 46 641 624
1702599237.26 9253 39252 99 641 614
1702599237.41 9254 39253 4 641 540
1702599240.91 9255 39256 46 641 624
1702599253.12 9256 39268 59 641 624
1702599253.65 9257 39269 3 641 561
1702599265.41 9258 39280 72 641 577
1702599274.56 9259 39289 79 641 629
1702599278.2 9260 39293 34 641 558
1702599281.22 9261 39296 27 641 566
1702599281.83 9262 39296 79 641 570
1702599292.65 9263 39307 53 641 628
1702599297.17 9264 39311 97 641 625
1702599301.42 9265 39316 13 641 628
1702599301.52 9266 39316 14 641 532
1702599302.14 9267 39316 68 641 569
1702599303.87 9268 39318 32 641 618
1702599304.44 9269 39318 79 641 566
1702599321.17 9270 39335 45 641 564
1702599322.38 9271 39336 57 641 595
1702599325.93 9272 39340 4 641 545
1702599326.43 9273 39340 45 641 560
1702599331.7 9274 39345 63 641 620
1702599333.41 9275 39347 25 641 559
1702599337.91 9276 39351 67 641 604
1702599339.11 9277 39352 78 641 538
1702599340.17 9278 39353 75 641 592
1702599346.28 9279 39359 77 641 628
1702599350.05 9280 39363 45 641 628
1702599351.61 9281 39364 93 641 615
1702599362.3 9282 39375 54 641 566
1702599377.72 9283 39390 89 641 621
1702599384.57 9284 39397 66 641 543
1702599386.43 9285 39399 43 641 625
1702599387.67 9286 39400 58 641 582
1702599401.14 9287 39413 97 641 615
1702599404.88 9288 39417 62 641 622
1702599406.93 9289 39419 59 641 637
1702599414.35 9290 39426 93 641 609
1702599419.87 9291 39432 36 641 618
1702599430.81 9292 39443 22 641 564
1702599432.86 9293 39445 18 641 636
1702599433.92 9294 39446 15 641 590
1702599441.81 9295 39453 96 641 624
1702599454.85 9296 39466 92 641 628
1702599457.7 9297 39469 69 641 630
1702599468.81 9298 39480 72 641 572
1702599479.57 9299 39491 40 641 629
1702599483.67 9300 39495 41 641 514
1702599505.52 9301 39517 19 641 628
1702599506.58 9302 39518 16 641 589
1702599508.07 9303 39519 56 641 613
1702599523.89 9304 39535 31 641 629
1702599531.17 9305 39542 50 641 623
1702599532.11 9306 39543 35 641 524
1702599533.77 9307 39544 92 641 581
1702599539.79 9308 39550 86 641 630
1702599541.9 9309 39552 87 641 611
1702599550.66 9310 39561 56 641 587
1702599552.81 9311 39563 62 641 616
1702599553.79 9312 39564 52 641 589
1702599556.34 9313 39566 98 641 625
1702599570.69 9314 39581 26 641 626
1702599575.35 9315 39585 83 641 612
1702599585.74 9316 39596 14 641 629
1702599586.76 9317 39597 7 641 591
1702599588.54 9318 39598 77 641 613
1702599593.58 9319 39603 72 641 617
1702599598.25 9320 39608 31 641 628
1702599601.14 9321 39611 11 641 621
1702599608.1 9322 39617 99 641 623
1702599643.06 9323 39652 90 641 631
1702599647.76 9324 39657 51 641 631
1702599658.87 9325 39668 54 641 623
1702599671.74 9326 39681 34 641 622
1702599677.83 9327 39687 35 641 630
1702599688.8 9328 39698 24 641 630
1702599691.32 9329 39700 68 641 617
1702599695.24 9330 39704 51 641 618
1702599697.87 9331 39707 5 641 618
1702599699.95 9332 39709 5 641 558
1702599708.4 9333 39717 42 641 629
1702599711.93 9334 39720 87 641 631
1702599712.47 9335 39721 32 641 565
1702599734.44 9336 39743 22 641 610
1702599771.93 9337 39780 66 641 622
1702599783.19 9338 39791 84 641 623
1702599783.81 9339 39792 37 641 569
1702599792.1 9340 39800 58 641 582
1702599794.54 9341 39802 94 641 618
1702599810.97 9342 39819 30 641 625
1702599826.72 9343 39834 98 641 627
1702599836.45 9344 39844 62 641 630
