1701441343.04 13283 12031 87 641 629
1701441343.97 13284 12032 71 641 544
1701441354.53 13285 12043 18 641 620
1701441355.66 13286 12044 22 641 558
1701441366.26 13287 12054 74 641 527
1701441372.98 13288 12061 37 641 629
1701441385.71 13289 12074 74 641 397
1701441386.8 13290 12075 74 641 577
1701441386.9 13291 12075 74 640 535
1701441389.48 13292 12078 23 641 620
1701441389.72 13293 12078 38 641 550
1701441389.96 13294 12078 53 641 499
1701441397.98 13295 12086 47 641 629
1701441398.54 13296 12086 93 641 571
1701441405.47 13297 12093 78 641 574
1701441414.16 13298 12102 38 641 630
1701441423.07 13299 12111 21 641 624
1701441425.64 13300 12113 68 641 524
1701441428.68 13301 12116 63 641 627
1701441431.31 13302 12119 17 641 556
1701441458.39 13303 12146 18 641 628
1701441463.83 13304 12151 53 641 548
1701441468.68 13305 12156 29 641 630
1701441469.14 13306 12156 66 641 566
1701441474.8 13307 12162 23 641 628
1701441476.59 13308 12163 92 641 621
1701441477.48 13309 12164 72 641 596
1701441478.43 13310 12165 57 641 602
1701441485.15 13311 12172 20 641 629
1701441486.38 13312 12173 34 641 504
1701441489.89 13313 12176 76 641 630
1701441493.92 13314 12180 70 641 623
1701441496.69 13315 12183 37 641 623
1701441499.52 13316 12186 11 641 619
1701441505.87 13317 12192 38 641 623
1701441508.04 13318 12194 46 641 630
1701441508.97 13319 12195 30 641 600
1701441510.17 13320 12196 42 641 620
1701441529.42 13321 12215 59 641 619
1701441538.69 13322 12224 78 641 613
1701441543.7 13323 12229 70 641 625
1701441554.92 13324 12240 85 641 629
1701441580.35 13325 12266 21 641 611
1701441581.17 13326 12266 93 641 593
1701441586.26 13327 12271 93 641 540
1701441587.44 13328 12273 2 641 615
1701441598.31 13329 12283 81 641 627
1701441602.74 13330 12288 14 641 463
1701441611.32 13331 12296 64 641 610
1701441611.82 13332 12297 5 641 568
1701441625.27 13333 12310 41 641 624
1701441628.63 13334 12313 69 641 627
1701441632.9 13335 12317 87 641 619
1701441637.13 13336 12322 2 641 618
1701441641.6 13337 12326 40 641 627
1701441642.61 13338 12327 31 641 530
1701441679.1 13339 12363 75 641 625
1701441684.12 13340 12368 68 641 504
1701441706.89 13341 12391 38 641 622
1701441736.51 13342 12420 94 641 617
1701441742.18 13343 12426 52 641 627
1701441743.31 13344 12427 56 641 608
1701441750.23 13345 12434 39 641 598
1701441759.42 13346 12443 49 641 619
1701441760.73 13347 12444 71 641 627
1701441761.44 13348 12445 33 641 519
1701441771.7 13349 12455 51 641 627
1701441774.9 13350 12458 62 641 622
1701441779.47 13351 12463 10 641 558
1701441782.55 13352 12466 10 641 609
1701441784.8 13353 12468 25 641 614
1701441790.14 13354 12473 50 641 519
1701441791.41 13355 12474 68 641 624
1701441793.47 13356 12476 65 641 630
1701441801.54 13357 12484 64 641 618
1701441802.67 13358 12485 68 641 611
1701441810.05 13359 12492 97 641 627
1701441817.54 13360 12500 37 641 615
1701441820.82 13361 12503 55 641 400
1701441832.68 13362 12515 33 641 630
1701441847.96 13363 12530 53 641 621
1701441851.81 13364 12534 29 641 623
1701441856.16 13365 12538 55 641 493
1701441897.51 13366 12579 85 641 621
1701441899.14 13367 12581 39 641 628
1701441912.03 13368 12594 21 641 622
1701441916.75 13369 12598 84 641 619
1701441938.54 13370 12620 56 641 620
1701441951.8 13371 12633 74 641 629
1701441957.26 13372 12639 11 641 624
1701441964.86 13373 12646 63 641 622
1701441966.85 13374 12648 52 641 622
1701441977.6 13375 12659 19 641 629
1701441977.88 13376 12659 38 641 553
1701441981.18 13377 12662 58 641 632
1701441981.36 13378 12662 67 641 546
1701441990.14 13379 12671 37 641 620
1701441998.56 13380 12679 70 641 630
1701442005.3 13381 12686 35 641 622
1701442012.85 13382 12693 81 641 621
1701442021.03 13383 12701 91 641 625
1701442043.42 13384 12724 23 641 622
1701442045.06 13385 12725 77 641 611
1701442051.24 13386 12731 86 641 628
1701442052.0 13387 12732 53 641 589
1701442056.27 13388 12736 70 641 446
1701442061.81 13389 12742 16 641 450
1701442061.91 13390 12742 16 640 535
1701442068.57 13391 12748 74 641 620
1701442077.63 13392 12757 71 641 631
1701442085.59 13393 12765 59 641 620
1701442090.57 13394 12770 48 641 623
1701442095.91 13395 12775 73 641 621
1701442103.81 13396 12783 54 641 617
1701442104.17 13397 12783 81 641 560
1701442107.37 13398 12786 92 641 624
1701442114.81 13399 12794 27 641 623
1701442132.75 13400 12812 13 641 614
1701442152.88 13401 12832 18 641 630
1701442161.39 13402 12840 61 641 593
1701442169.99 13403 12849 12 641 578
1701442201.75 13404 12880 82 641 624
1701442212.33 13405 12891 32 641 516
1701442213.54 13406 12892 44 641 617
1701442222.41 13407 12901 23 641 622
1701442229.12 13408 12907 85 641 632
1701442242.55 13409 12921 19 641 620
1701442252.03 13410 12930 58 640 343
1701442253.23 13411 12931 70 641 614
1701442253.82 13412 12932 20 638 147
1701442254.07 13413 12932 36 641 554
1701442274.87 13414 12953 9 641 634
1701442285.35 13415 12963 49 641 625
1701442288.61 13416 12966 66 641 630
1701442293.77 13417 12971 72 641 623
1701442298.31 13418 12976 17 641 626
1701442308.34 13419 12986 12 641 569
1701442333.05 13420 13010 76 641 615
1701442342.21 13421 13019 83 641 568
1701442346.31 13422 13023 85 641 627
1701442349.24 13423 13026 68 641 629
1701442357.33 13424 13034 68 641 619
1701442360.93 13425 13038 19 641 630
1701442390.2 13426 13067 40 641 623
1701442392.09 13427 13069 20 641 629
1701442398.82 13428 13075 84 641 629
1701442404.62 13429 13081 55 641 625
1701442409.71 13430 13086 54 641 627
1701442410.48 13431 13087 23 641 589
1701442417.62 13432 13094 28 641 624
1701442418.52 13433 13095 9 641 596
1701442423.33 13434 13099 81 641 627
1701442426.51 13435 13102 90 641 629
1701442428.53 13436 13104 83 641 524
1701442430.26 13437 13106 46 641 620
1701442433.38 13438 13109 50 641 630
1701442436.53 13439 13112 56 641 564
1701442445.24 13440 13121 19 641 626
1701442456.16 13441 13132 3 641 622
1701442475.21 13442 13151 1 641 537
1701442487.36 13443 13163 8 641 589
1701442498.16 13444 13173 80 641 527
1701442506.52 13445 13182 8 641 630
1701442517.5 13446 13192 98 641 557
1701442520.65 13447 13196 3 641 449
1701442523.65 13448 13198 94 641 559
1701442534.77 13449 13209 98 641 614
1701442540.2 13450 13215 32 641 624
1701442554.93 13451 13229 97 641 536
1701442557.45 13452 13232 40 641 519
1701442557.66 13453 13232 52 641 549
1701442561.64 13454 13236 41 641 539
1701442564.43 13455 13239 11 641 610
1701442566.03 13456 13240 61 641 616
1701442574.17 13457 13248 67 641 624
1701442575.08 13458 13249 48 641 595
1701442580.8 13459 13255 11 641 618
1701442590.67 13460 13264 90 641 630
1701442597.62 13461 13271 76 641 624
1701442611.48 13462 13285 54 641 620
1701442619.33 13463 13293 30 641 619
1701442630.19 13464 13304 8 641 611
1701442631.12 13465 13304 94 641 569
1701442642.72 13466 13316 45 641 621
1701442648.04 13467 13321 68 641 623
1701442649.44 13468 13322 99 641 608
1701442663.3 13469 13336 76 641 622
1701442669.29 13470 13342 66 641 614
1701442669.98 13471 13343 26 641 468
1701442670.08 13472 13343 26 640 534
1701442671.87 13473 13344 96 641 570
1701442672.8 13474 13345 80 641 598
1701442678.26 13475 13351 16 641 626
1701442685.31 13476 13358 12 641 616
1701442685.44 13477 13358 16 641 543
1701442687.16 13478 13359 79 641 624
1701442713.6 13479 13386 17 641 629
1701442716.07 13480 13388 55 641 608
1701442716.93 13481 13389 31 641 595
1701442717.23 13482 13389 51 641 557
1701442718.19 13483 13390 38 641 604
1701442729.63 13484 13401 74 641 629
1701442731.05 13485 13403 7 641 628
1701442731.85 13486 13403 78 641 456
1701442732.93 13487 13404 76 641 608
1701442736.59 13488 13408 33 641 629
1701442738.1 13489 13409 74 641 606
1701442739.29 13490 13410 84 641 617
1701442741.88 13491 13413 34 641 628
1701442763.34 13492 13434 73 641 601
1701442770.91 13493 13442 21 641 626
1701442771.65 13494 13442 86 641 586
1701442772.59 13495 13443 71 641 601
1701442783.23 13496 13454 27 641 622
1701442813.99 13497 13484 97 641 625
1701442835.46 13498 13506 37 641 626
1701442836.74 13499 13507 55 641 503
1701442843.12 13500 13513 85 641 596
1701442849.27 13501 13519 91 641 625
1701442851.69 13502 13522 24 641 508
1701442860.03 13503 13530 50 641 628
1701442864.31 13504 13534 69 641 627
1701442875.46 13505 13545 75 641 628
1701442884.45 13506 13554 66 641 632
1701442896.45 13507 13566 58 641 615
1701442909.37 13508 13579 42 641 622
1701442914.52 13509 13584 48 641 626
1701442922.03 13510 13591 90 641 628
1701442926.89 13511 13596 67 641 578
1701442927.59 13512 13597 28 641 585
1701442942.57 13513 13612 18 641 620
1701442942.97 13514 13612 49 641 564
1701442944.65 13515 13614 7 641 625
1701442950.63 13516 13619 97 641 626
1701442951.69 13517 13620 94 641 605
1701442955.6 13518 13624 76 641 613
1701442966.94 13519 13636 3 641 627
1701442976.48 13520 13645 49 641 622
1701442981.51 13521 13650 43 641 619
1701442988.82 13522 13657 66 641 588
