1702166420.01 1723 5917 7 641 629
1702166420.97 1724 5917 95 641 560
1702166429.39 1725 5926 29 641 584
1702166429.56 1726 5926 37 641 545
1702166435.09 1727 5931 82 641 624
1702166435.18 1728 5931 82 640 537
1702166441.96 1729 5938 53 641 629
1702166444.84 1730 5941 33 641 614
1702166451.13 1731 5947 54 641 631
1702166475.49 1732 5971 85 641 618
1702166486.24 1733 5982 52 641 627
1702166489.24 1734 5985 44 641 616
1702166493.28 1735 5989 40 641 619
1702166501.37 1736 5997 41 641 627
1702166508.75 1737 6004 71 641 627
1702166514.94 1738 6010 82 641 589
1702166516.66 1739 6012 46 641 627
1702166517.2 1740 6012 91 641 579
1702166522.88 1741 6018 51 641 619
1702166531.22 1742 6026 77 641 502
1702166532.0 1743 6027 47 641 599
1702166533.15 1744 6028 53 641 590
1702166533.61 1745 6028 91 641 575
1702166537.22 1746 6032 44 641 619
1702166537.48 1747 6032 61 641 554
1702166542.46 1748 6037 51 641 626
1702166542.55 1749 6037 51 640 533
1702166554.09 1750 6048 98 641 626
1702166556.61 1751 6051 42 641 622
1702166556.93 1752 6051 65 641 559
1702166557.19 1753 6051 83 641 554
1702166557.47 1754 6052 2 641 558
1702166563.17 1755 6057 65 641 630
1702166578.14 1756 6072 55 641 535
1702166584.7 1757 6079 3 641 625
1702166587.05 1758 6081 30 641 624
1702166588.03 1759 6082 19 641 586
1702166593.78 1760 6087 86 641 630
1702166601.58 1761 6095 59 641 599
1702166608.7 1762 6102 62 641 630
1702166621.41 1763 6115 26 641 627
1702166621.93 1764 6115 69 641 578
1702166643.64 1765 6137 34 641 509
1702166655.17 1766 6148 79 641 607
1702166657.22 1767 6150 76 641 629
1702166659.67 1768 6153 12 641 516
1702166661.08 1769 6154 45 641 629
1702166668.66 1770 6161 95 641 617
1702166673.83 1771 6167 4 641 600
1702166674.67 1772 6167 80 641 604
1702166682.24 1773 6175 29 641 614
1702166693.49 1774 6186 46 641 616
1702166703.27 1775 6196 17 641 622
1702166705.04 1776 6197 86 641 622
1702166708.82 1777 6201 56 641 529
1702166713.89 1778 6206 55 641 625
1702166714.01 1779 6206 58 641 541
1702166714.59 1780 6207 8 641 519
1702166722.3 1781 6214 71 641 604
1702166725.87 1782 6218 20 641 622
1702166734.11 1783 6226 36 641 628
1702166752.24 1784 6244 42 641 619
1702166757.04 1785 6249 14 641 629
1702166765.33 1786 6257 35 641 622
1702166765.59 1787 6257 52 641 552
1702166770.81 1788 6262 66 641 630
1702166777.96 1789 6269 73 641 632
1702166779.61 1790 6271 29 641 575
1702166787.25 1791 6278 86 641 599
1702166795.51 1792 6287 3 641 636
1702166799.76 1793 6291 21 641 586
1702166816.51 1794 6307 89 641 623
1702166819.05 1795 6310 35 641 622
1702166821.49 1796 6312 71 641 622
1702166822.17 1797 6313 30 641 588
1702166847.04 1798 6338 11 641 622
1702166849.22 1799 6340 21 641 588
1702166850.19 1800 6341 10 641 612
1702166855.17 1801 6346 0 641 630
1702166859.25 1802 6350 1 641 629
1702166861.91 1803 6352 59 641 569
1702166869.54 1804 6360 14 641 618
1702166870.88 1805 6361 39 641 629
1702166872.45 1806 6362 88 641 630
1702166886.57 1807 6376 93 641 526
1702166894.41 1808 6384 69 641 618
1702166895.34 1809 6385 53 641 610
1702166898.83 1810 6388 95 641 623
1702166904.79 1811 6394 82 641 613
1702166912.91 1812 6402 87 641 616
1702166914.9 1813 6404 77 641 592
1702166916.49 1814 6406 28 641 604
1702166917.85 1815 6407 55 641 628
1702166922.75 1816 6412 37 641 624
1702166929.23 1817 6418 77 641 628
1702166929.58 1818 6419 4 641 561
1702166943.44 1819 6432 83 641 612
1702166944.49 1820 6433 80 641 621
1702166952.38 1821 6441 61 641 626
1702166952.54 1822 6441 68 641 541
1702166953.84 1823 6442 90 641 589
1702166954.88 1824 6443 85 641 621
1702166965.37 1825 6454 27 641 550
1702166966.83 1826 6455 65 641 624
1702166968.08 1827 6456 81 641 595
1702166973.52 1828 6462 16 641 617
1702166973.76 1829 6462 32 641 551
1702166975.75 1830 6464 23 641 616
1702166978.96 1831 6467 36 641 623
1702166989.09 1832 6477 41 641 635
1702166998.12 1833 6486 36 641 512
1702167001.93 1834 6490 9 641 621
1702167014.09 1835 6502 18 641 366
1702167015.47 1836 6503 48 641 628
1702167015.88 1837 6503 80 641 360
1702167017.66 1838 6505 50 641 630
1702167020.91 1839 6508 67 641 619
1702167024.0 1840 6511 67 641 568
1702167027.9 1841 6515 49 641 616
1702167036.82 1842 6524 33 641 619
1702167037.36 1843 6524 78 641 580
1702167040.98 1844 6528 32 641 622
1702167042.33 1845 6529 58 641 619
1702167050.07 1846 6537 24 641 628
1702167065.75 1847 6552 85 641 620
1702167065.91 1848 6552 92 641 547
1702167069.81 1849 6556 74 641 624
1702167073.17 1850 6560 2 641 565
1702167082.98 1851 6569 75 641 622
1702167088.04 1852 6574 74 641 618
1702167092.23 1853 6578 84 641 590
1702167092.32 1854 6578 84 640 534
1702167099.33 1855 6585 78 641 618
1702167102.7 1856 6589 6 641 620
1702167131.32 1857 6617 62 641 592
1702167135.86 1858 6622 10 641 625
1702167137.53 1859 6623 68 641 622
1702167139.81 1860 6625 87 641 631
1702167140.67 1861 6626 65 641 607
1702167143.65 1862 6629 54 641 630
1702167146.59 1863 6632 40 641 632
1702167152.32 1864 6638 5 641 609
1702167160.7 1865 6646 37 641 624
1702167160.88 1866 6646 46 641 545
1702167164.64 1867 6650 13 641 511
1702167165.77 1868 6651 18 641 628
1702167169.86 1869 6655 19 641 619
1702167173.65 1870 6658 89 641 453
1702167180.9 1871 6666 7 641 602
1702167181.7 1872 6666 79 641 602
1702167183.79 1873 6668 79 641 440
1702167186.95 1874 6671 87 641 630
1702167189.84 1875 6674 68 641 621
1702167201.86 1876 6686 63 641 624
1702167213.2 1877 6697 89 641 499
1702167218.43 1878 6703 4 641 423
1702167218.65 1879 6703 18 641 552
1702167222.14 1880 6706 59 641 582
1702167235.79 1881 6720 16 641 625
1702167252.63 1882 6736 94 641 625
1702167255.01 1883 6739 24 641 625
1702167270.0 1884 6754 16 641 624
1702167272.39 1885 6756 47 641 504
1702167280.28 1886 6764 28 641 543
1702167283.19 1887 6767 10 641 623
1702167285.44 1888 6769 26 641 615
1702167294.73 1889 6778 47 641 627
1702167294.83 1890 6778 48 641 537
1702167295.84 1891 6779 40 641 621
1702167300.28 1892 6783 76 641 551
1702167307.15 1893 6790 55 641 628
1702167322.08 1894 6805 41 641 626
1702167331.16 1895 6814 42 641 631
1702167333.04 1896 6816 22 641 615
1702167346.37 1897 6829 48 641 631
1702167353.61 1898 6836 64 641 632
1702167358.59 1899 6841 54 641 523
1702167363.56 1900 6846 44 641 627
1702167371.89 1901 6854 69 641 622
1702167378.77 1902 6861 49 641 627
1702167379.76 1903 6862 40 641 612
1702167389.42 1904 6871 98 641 563
1702167390.73 1905 6873 21 641 615
1702167392.17 1906 6874 57 641 618
1702167396.36 1907 6878 67 641 632
1702167396.5 1908 6878 72 641 545
1702167398.72 1909 6880 86 641 540
1702167401.99 1910 6884 5 641 632
1702167404.47 1911 6886 45 641 436
1702167441.52 1912 6923 44 641 623
1702167442.1 1913 6923 95 641 581
1702167443.54 1914 6925 31 641 630
1702167446.08 1915 6927 77 641 625
1702167450.23 1916 6931 84 641 540
1702167469.39 1917 6950 93 641 570
1702167470.51 1918 6951 97 641 625
1702167475.8 1919 6957 18 641 624
1702167488.5 1920 6969 81 641 621
1702167491.25 1921 6972 47 641 611
1702167497.72 1922 6978 86 641 608
1702167498.88 1923 6979 94 641 630
1702167499.71 1924 6980 68 641 604
1702167503.7 1925 6984 59 641 537
1702167509.74 1926 6990 55 641 516
1702167516.02 1927 6996 74 641 628
1702167520.85 1928 7001 49 641 628
1702167521.56 1929 7002 12 641 527
1702167531.37 1930 7011 86 641 464
1702167534.63 1931 7015 4 641 629
1702167535.47 1932 7015 79 641 601
1702167543.5 1933 7023 75 641 612
1702167549.39 1934 7029 57 641 628
1702167559.51 1935 7039 61 641 631
1702167560.35 1936 7040 36 641 605
1702167573.69 1937 7053 63 641 627
1702167581.18 1938 7061 4 641 524
1702167588.03 1939 7067 81 641 631
1702167589.8 1940 7069 50 641 622
1702167593.6 1941 7073 22 641 630
1702167594.24 1942 7073 77 641 524
1702167594.46 1943 7073 91 641 550
1702167603.1 1944 7082 47 641 513
1702167606.88 1945 7086 17 641 538
1702167612.91 1946 7092 12 641 627
1702167624.94 1947 7104 8 641 632
1702167631.24 1948 7110 30 641 593
1702167633.66 1949 7112 64 641 635
1702167649.2 1950 7128 11 641 627
1702167655.57 1951 7134 40 641 630
1702167661.25 1952 7140 0 641 626
1702167666.29 1953 7144 96 641 617
1702167672.36 1954 7150 95 641 623
1702167679.39 1955 7157 90 641 608
1702167688.17 1956 7166 60 641 633
1702167691.79 1957 7170 14 641 594
1702167715.09 1958 7193 38 641 623
1702167720.72 1959 7198 93 641 630
1702167722.13 1960 7200 26 641 627
1702167730.1 1961 7208 15 641 547
1702167737.31 1962 7215 29 641 624
1702167744.07 1963 7221 96 641 613
1702167744.45 1964 7222 26 641 568
1702167749.61 1965 7227 33 641 629
1702167756.05 1966 7233 70 641 629
1702167768.9 1967 7246 48 641 585
1702167786.45 1968 7263 96 641 615
1702167798.8 1969 7276 24 641 585
1702167800.8 1970 7278 16 641 619
1702167803.57 1971 7280 85 641 615
1702167812.71 1972 7289 92 641 512
1702167812.87 1973 7289 99 641 542
1702167816.87 1974 7293 91 641 625
1702167819.34 1975 7296 30 641 618
1702167828.46 1976 7305 35 641 606
1702167831.39 1977 7308 19 641 610
1702167854.16 1978 7330 90 641 515
1702167863.97 1979 7340 64 641 566
1702167870.19 1980 7346 77 641 536
1702167873.92 1981 7350 43 641 630
1702167891.83 1982 7368 27 641 610
1702167898.77 1983 7375 13 641 627
1702167899.89 1984 7376 17 641 622
1702167903.68 1985 7379 87 641 629
1702167903.9 1986 7380 1 641 551
1702167905.2 1987 7381 23 641 551
1702167913.67 1988 7389 62 641 587
1702167918.94 1989 7394 81 641 629
1702167920.16 1990 7395 95 641 622
1702167920.65 1991 7396 35 641 574
1702167921.33 1992 7396 95 641 590
1702167921.97 1993 7397 50 641 588
1702167935.17 1994 7410 63 641 622
1702167939.22 1995 7414 60 641 622
1702167941.41 1996 7416 71 641 627
1702167947.26 1997 7422 48 641 620
1702167947.35 1998 7422 48 640 533
1702167950.29 1999 7425 34 641 630
1702167950.49 2000 7425 46 641 547
1702167971.81 2001 7446 71 641 577
1702167980.32 2002 7455 14 641 624
1702167984.79 2003 7459 54 641 573
1702167985.81 2004 7460 47 641 617
1702167992.83 2005 7467 42 641 622
1702168000.65 2006 7475 15 641 540
1702168002.7 2007 7477 12 641 629
1702168005.09 2008 7479 42 641 632
1702168010.27 2009 7484 54 641 590
1702168021.63 2010 7495 82 641 628
1702168022.39 2011 7496 49 641 597
1702168027.18 2012 7501 20 641 613
1702168028.21 2013 7502 14 641 605
1702168031.86 2014 7505 71 641 558
1702168035.01 2015 7508 77 641 627
1702168040.79 2016 7514 47 641 403
1702168069.37 2017 7543 0 641 576
1702168095.02 2018 7568 59 641 619
1702168096.07 2019 7569 55 641 621
1702168097.29 2020 7570 68 641 626
1702168099.35 2021 7572 66 641 615
1702168101.31 2022 7574 54 641 622
1702168108.7 2023 7581 85 641 625
1702168115.64 2024 7588 71 641 628
1702168116.32 2025 7589 31 641 588
1702168120.82 2026 7593 72 641 530
1702168127.98 2027 7600 81 641 551
1702168128.16 2028 7600 90 641 544
1702168130.3 2029 7602 95 641 628
1702168136.72 2030 7609 30 641 616
1702168140.33 2031 7612 82 641 620
1702168150.72 2032 7623 14 641 620
1702168153.89 2033 7626 22 641 609
1702168181.74 2034 7654 2 641 627
1702168183.38 2035 7655 58 641 624
1702168188.83 2036 7660 94 641 627
1702168197.98 2037 7670 2 641 622
1702168198.34 2038 7670 30 641 562
1702168211.26 2039 7683 14 641 622
1702168212.77 2040 7684 57 641 578
1702168215.24 2041 7686 95 641 614
1702168222.84 2042 7694 47 641 628
1702168234.33 2043 7705 89 641 548
1702168235.52 2044 7706 99 641 620
1702168240.89 2045 7712 28 641 622
1702168246.11 2046 7717 42 641 520
1702168259.39 2047 7730 63 641 624
1702168261.11 2048 7732 27 641 513
1702168273.43 2049 7744 51 641 554
1702168277.98 2050 7748 98 641 625
1702168282.29 2051 7753 21 641 620
1702168285.21 2052 7756 5 641 508
1702168286.59 2053 7757 35 641 423
1702168291.51 2054 7762 19 641 532
1702168292.92 2055 7763 51 641 626
1702168301.68 2056 7772 20 641 620
1702168317.67 2057 7788 12 641 625
1702168320.34 2058 7790 71 641 630
1702168338.05 2059 7808 34 641 623
1702168340.98 2060 7811 19 641 624
1702168342.5 2061 7812 63 641 589
1702168342.59 2062 7812 63 640 532
1702168347.25 2063 7817 21 641 593
1702168370.57 2064 7840 47 641 615
1702168371.4 2065 7841 21 641 464
1702168371.83 2066 7841 56 641 570
1702168379.96 2067 7849 62 641 614
1702168382.56 2068 7852 14 641 622
1702168390.03 2069 7859 53 641 571
1702168391.2 2070 7860 61 641 629
1702168391.29 2071 7860 61 640 532
1702168391.48 2072 7860 72 641 549
1702168396.3 2073 7865 47 641 623
1702168400.24 2074 7869 32 641 628
1702168402.63 2075 7871 63 641 359
1702168418.14 2076 7887 7 641 606
1702168426.43 2077 7895 28 641 630
1702168427.94 2078 7896 70 641 622
1702168438.83 2079 7907 52 641 586
1702168442.79 2080 7911 40 641 620
1702168447.44 2081 7915 96 641 600
1702168451.37 2082 7919 81 641 620
1702168471.84 2083 7940 22 641 521
1702168474.6 2084 7942 90 641 632
1702168482.14 2085 7950 36 641 628
1702168484.28 2086 7952 41 641 619
1702168492.22 2087 7960 27 641 626
1702168492.8 2088 7960 77 641 581
1702168498.37 2089 7966 26 641 623
1702168529.95 2090 7997 78 641 570
1702168549.14 2091 8016 91 641 630
1702168568.44 2092 8036 15 641 534
1702168587.35 2093 8055 0 641 628
1702168592.86 2094 8060 43 641 604
1702168603.96 2095 8071 46 641 598
1702168607.68 2096 8075 10 641 629
1702168611.58 2097 8078 91 641 624
1702168624.42 2098 8091 67 641 620
1702168648.1 2099 8115 31 641 629
1702168648.63 2100 8115 76 641 498
