1701907216.73 25103 12498 87 640 295
1701907225.43 25104 12507 48 641 630
1701907231.16 25105 12513 12 641 631
1701907246.76 25106 12528 64 641 625
1701907254.93 25107 12536 72 641 628
1701907260.34 25108 12542 5 641 619
1701907263.43 25109 12545 4 641 624
1701907269.72 25110 12551 25 641 628
1701907272.64 25111 12554 8 641 629
1701907278.53 25112 12559 89 641 628
1701907281.06 25113 12562 32 641 621
1701907281.4 25114 12562 57 641 556
1701907290.65 25115 12571 74 641 630
1701907292.47 25116 12573 47 641 630
1701907296.37 25117 12577 28 641 634
1701907297.43 25118 12578 24 641 608
1701907308.25 25119 12588 99 641 622
1701907311.69 25120 12592 33 641 618
1701907312.84 25121 12593 38 641 458
1701907319.88 25122 12600 34 641 623
1701907329.6 25123 12609 97 641 586
1701907331.93 25124 12612 22 641 614
1701907338.85 25125 12619 5 641 622
1701907341.13 25126 12621 24 641 632
1701907343.42 25127 12623 43 641 561
1701907345.21 25128 12625 13 641 583
1701907348.76 25129 12628 59 641 587
1701907350.49 25130 12630 23 641 500
1701907352.77 25131 12632 41 641 632
1701907354.53 25132 12634 8 641 595
1701907360.24 25133 12639 71 641 598
1701907365.36 25134 12644 74 641 627
1701907369.66 25135 12648 95 641 620
1701907395.0 25136 12674 22 641 627
1701907401.76 25137 12680 90 641 626
1701907403.78 25138 12682 83 641 622
1701907407.78 25139 12686 74 641 627
1701907407.88 25140 12686 74 640 531
1701907411.27 25141 12690 5 641 619
1701907418.32 25142 12697 2 641 623
1701907433.7 25143 12712 32 641 583
1701907439.48 25144 12718 2 641 630
1701907447.39 25145 12725 85 641 615
1701907461.56 25146 12739 94 641 620
1701907468.85 25147 12747 14 641 622
1701907475.95 25148 12754 16 641 625
1701907491.71 25149 12769 84 641 629
1701907500.14 25150 12778 18 641 630
1701907506.82 25151 12784 77 641 622
1701907528.26 25152 12806 14 641 625
1701907534.2 25153 12811 99 641 596
1701907535.28 25154 12812 98 641 606
1701907537.95 25155 12815 56 641 626
1701907538.66 25156 12816 18 641 582
1701907556.36 25157 12833 81 641 621
1701907567.58 25158 12844 95 641 627
1701907572.19 25159 12849 46 641 624
1701907573.77 25160 12850 95 641 612
1701907576.42 25161 12853 50 641 624
1701907580.0 25162 12857 0 641 612
1701907585.95 25163 12862 85 641 613
1701907597.31 25164 12874 14 641 628
1701907597.41 25165 12874 14 640 534
1701907602.03 25166 12878 68 641 627
1701907604.46 25167 12881 2 641 631
1701907605.98 25168 12882 44 641 618
1701907607.7 25169 12884 7 641 627
1701907607.91 25170 12884 19 641 548
1701907614.08 25171 12890 27 641 628
1701907623.98 25172 12900 9 641 636
1701907625.86 25173 12901 88 641 625
1701907628.18 25174 12904 11 641 622
1701907630.51 25175 12906 35 641 630
1701907632.23 25176 12907 98 641 626
1701907648.36 25177 12924 3 641 619
1701907659.6 25178 12935 19 641 575
1701907661.54 25179 12937 4 641 629
1701907670.9 25180 12946 32 641 597
1701907676.96 25181 12952 29 641 595
1701907684.76 25182 12960 1 641 574
1701907699.53 25183 12974 71 641 623
1701907718.96 25184 12994 7 641 624
1701907729.83 25185 13004 86 641 625
1701907733.84 25186 13008 77 641 627
1701907734.53 25187 13009 37 641 583
1701907740.41 25188 13015 16 641 609
1701907740.92 25189 13015 58 641 567
1701907743.42 25190 13017 98 641 609
1701907747.02 25191 13021 49 641 433
1701907758.59 25192 13033 0 641 614
1701907772.24 25193 13046 56 641 629
1701907774.79 25194 13049 3 641 620
1701907783.47 25195 13057 62 641 630
1701907784.17 25196 13058 22 641 581
1701907790.26 25197 13064 22 641 627
1701907803.16 25198 13077 4 641 624
1701907805.7 25199 13079 49 641 625
1701907806.02 25200 13079 72 641 556
1701907814.68 25201 13088 30 641 588
1701907816.77 25202 13090 30 641 580
1701907819.78 25203 13093 22 641 502
1701907824.47 25204 13097 82 641 621
1701907825.47 25205 13098 73 641 569
1701907830.98 25206 13104 15 641 610
1701907836.49 25207 13109 56 641 612
1701907845.14 25208 13118 13 641 625
1701907866.82 25209 13139 74 641 560
1701907873.82 25210 13146 65 641 632
1701907881.86 25211 13154 61 641 629
1701907884.19 25212 13156 84 641 625
1701907886.75 25213 13159 31 641 616
1701907889.24 25214 13161 71 641 630
1701907898.95 25215 13171 33 641 618
1701907899.26 25216 13171 55 641 557
1701907900.37 25217 13172 57 641 611
1701907905.64 25218 13177 75 641 622
1701907916.25 25219 13188 28 641 615
1701907919.14 25220 13191 8 641 624
1701907924.21 25221 13196 6 641 602
1701907924.42 25222 13196 17 641 546
1701907930.5 25223 13202 17 641 625
1701907933.25 25224 13204 82 641 619
1701907936.04 25225 13207 52 641 632
1701907941.36 25226 13212 75 641 569
1701907958.26 25227 13229 57 641 622
1701907994.48 25228 13265 74 641 616
1701908001.33 25229 13272 49 641 627
1701908011.03 25230 13282 12 641 635
1701908012.06 25231 13283 5 641 604
1701908024.92 25232 13295 83 641 613
1701908033.89 25233 13304 72 641 624
1701908036.71 25234 13307 45 641 619
1701908037.95 25235 13308 60 641 619
1701908039.45 25236 13310 1 641 635
1701908062.57 25237 13333 6 641 634
1701908068.94 25238 13339 35 641 463
1701908076.43 25239 13346 76 641 627
1701908076.81 25240 13347 5 641 560
1701908078.2 25241 13348 35 641 607
1701908078.64 25242 13348 70 641 509
1701908079.76 25243 13349 73 641 614
1701908081.16 25244 13351 5 641 595
1701908083.98 25245 13353 78 641 625
1701908086.96 25246 13356 67 641 630
1701908087.6 25247 13357 22 641 582
1701908089.31 25248 13358 84 641 624
1701908096.82 25249 13366 27 641 608
1701908111.03 25250 13380 40 641 624
1701908114.89 25251 13384 17 641 624
1701908128.33 25252 13397 53 641 627
1701908130.19 25253 13399 30 641 622
1701908131.3 25254 13400 31 641 611
1701908149.76 25255 13418 71 641 620
1701908160.18 25256 13429 4 641 619
1701908163.78 25257 13432 55 641 596
1701908171.17 25258 13439 85 641 624
1701908178.68 25259 13447 28 641 620
1701908189.85 25260 13458 36 641 625
1701908193.12 25261 13461 55 641 629
1701908204.21 25262 13472 56 641 630
1701908204.59 25263 13472 84 641 557
1701908209.5 25264 13477 66 641 540
1701908209.6 25265 13477 66 640 530
1701908216.43 25266 13484 41 641 622
1701908224.58 25267 13492 48 641 627
1701908226.61 25268 13494 41 641 593
1701908227.76 25269 13495 47 641 614
1701908230.5 25270 13498 12 641 624
1701908251.41 25271 13518 96 641 632
1701908255.15 25272 13522 61 641 627
1701908255.38 25273 13522 74 641 550
1701908258.02 25274 13525 29 641 629
1701908265.66 25275 13532 84 641 619
1701908275.98 25276 13543 8 641 623
1701908278.76 25277 13545 76 641 623
1701908288.49 25278 13555 41 641 527
1701908288.8 25279 13555 62 641 556
1701908291.25 25280 13557 98 641 518
1701908299.47 25281 13566 11 641 614
1701908304.47 25282 13571 2 641 491
1701908309.52 25283 13575 98 641 587
1701908334.32 25284 13600 71 641 552
1701908341.72 25285 13608 2 641 552
1701908351.62 25286 13617 84 641 599
1701908352.65 25287 13618 78 641 606
1701908353.02 25288 13619 6 641 560
1701908383.92 25289 13649 89 641 617
1701908384.01 25290 13649 90 640 533
1701908391.22 25291 13657 3 641 630
1701908393.57 25292 13659 29 641 604
1701908405.37 25293 13671 1 641 632
1701908408.04 25294 13673 59 641 619
1701908421.1 25295 13686 57 641 630
1701908423.65 25296 13689 3 641 625
1701908424.2 25297 13689 49 641 506
1701908429.97 25298 13695 17 641 622
1701908430.86 25299 13695 97 641 597
1701908431.48 25300 13696 49 641 576
1701908441.47 25301 13706 40 641 627
1701908460.55 25302 13725 40 641 631
1701908464.86 25303 13729 63 641 626
1701908465.48 25304 13730 16 641 577
1701908467.27 25305 13731 85 641 629
1701908470.58 25306 13735 8 641 630
1701908478.62 25307 13743 4 641 624
1701908478.96 25308 13743 28 641 556
1701908482.13 25309 13746 36 641 628
1701908494.14 25310 13758 28 641 614
1701908495.72 25311 13759 77 641 558
1701908502.64 25312 13766 60 641 629
1701908508.2 25313 13772 7 641 621
1701908514.78 25314 13778 57 641 598
1701908525.23 25315 13788 94 641 622
1701908531.7 25316 13795 33 641 625
1701908540.09 25317 13803 63 641 630
1701908541.82 25318 13805 27 641 392
1701908548.96 25319 13812 32 641 631
1701908551.68 25320 13814 96 641 522
1701908566.93 25321 13830 13 641 626
1701908568.86 25322 13831 96 641 628
1701908573.79 25323 13836 80 641 589
1701908574.01 25324 13836 92 641 547
1701908578.0 25325 13840 83 641 551
1701908582.47 25326 13845 20 641 628
1701908583.42 25327 13846 6 641 599
1701908583.86 25328 13846 41 641 568
1701908584.4 25329 13846 86 641 574
1701908592.62 25330 13855 0 641 626
1701908593.77 25331 13856 6 641 616
1701908597.93 25332 13860 13 641 627
1701908598.87 25333 13860 97 641 598
1701908609.13 25334 13871 15 641 627
1701908615.33 25335 13877 27 641 621
1701908634.57 25336 13896 44 641 559
1701908635.44 25337 13897 21 641 594
1701908639.14 25338 13900 82 641 625
1701908642.65 25339 13904 24 641 621
1701908642.75 25340 13904 24 640 531
1701908652.05 25341 13913 47 641 625
1701908667.0 25342 13928 34 641 554
1701908671.02 25343 13932 28 641 623
1701908675.84 25344 13937 1 641 527
1701908677.95 25345 13939 4 641 614
1701908679.27 25346 13940 27 641 577
1701908691.02 25347 13951 94 641 625
1701908694.95 25348 13955 78 641 524
1701908697.83 25349 13958 57 641 622
1701908709.89 25350 13970 55 641 636
1701908713.92 25351 13974 49 641 628
1701908717.26 25352 13977 74 641 617
1701908717.61 25353 13978 0 641 556
1701908722.5 25354 13982 80 641 604
1701908724.83 25355 13985 4 641 597
1701908726.55 25356 13986 66 641 508
1701908730.76 25357 13990 78 641 614
1701908743.8 25358 14003 74 641 632
1701908745.1 25359 14004 95 641 621
1701908746.95 25360 14006 71 641 444
1701908751.11 25361 14010 78 641 616
1701908753.35 25362 14012 93 641 615
1701908769.98 25363 14029 48 641 619
1701908774.46 25364 14033 88 641 625
1701908776.9 25365 14036 23 641 626
1701908778.87 25366 14038 10 641 624
1701908780.72 25367 14039 86 641 632
1701908791.82 25368 14050 88 641 619
1701908799.81 25369 14058 78 641 618
1701908808.28 25370 14067 16 641 353
1701908809.72 25371 14068 51 641 631
1701908819.45 25372 14078 16 641 627
1701908821.32 25373 14079 94 641 616
1701908827.09 25374 14085 62 641 619
1701908856.8 25375 14115 26 641 616
1701908857.2 25376 14115 57 641 563
1701908859.94 25377 14118 22 641 521
1701908874.47 25378 14132 67 641 628
1701908874.9 25379 14133 1 641 561
1701908878.04 25380 14136 6 641 607
1701908883.04 25381 14140 97 641 629
1701908893.73 25382 14151 58 641 631
1701908897.32 25383 14155 8 641 607
1701908899.15 25384 14156 82 641 453
1701908904.21 25385 14161 79 641 624
1701908908.2 25386 14165 69 641 626
1701908919.97 25387 14177 37 641 634
1701908928.29 25388 14185 61 641 610
1701908932.67 25389 14189 90 641 620
1701908942.63 25390 14199 77 641 622
1701908955.5 25391 14212 56 641 629
1701908961.22 25392 14218 19 641 626
1701908961.89 25393 14218 77 641 578
1701908973.7 25394 14230 49 641 627
1701908974.08 25395 14230 78 641 561
1701908985.33 25396 14241 94 641 599
1701908986.62 25397 14243 14 641 610
1701908988.92 25398 14245 35 641 628
1701908991.01 25399 14247 34 641 627
1701909003.81 25400 14260 6 641 627
1701909009.98 25401 14266 15 641 603
1701909016.98 25402 14273 6 641 497
1701909042.8 25403 14298 82 641 626
1701909061.14 25404 14317 9 641 628
1701909072.52 25405 14328 38 641 617
1701909081.11 25406 14336 89 641 586
1701909082.79 25407 14338 48 641 627
1701909100.71 25408 14356 33 641 621
1701909106.63 25409 14362 16 641 598
1701909121.12 25410 14376 57 641 614
1701909121.32 25411 14376 68 641 543
1701909132.16 25412 14387 44 641 590
1701909134.45 25413 14389 64 641 628
1701909142.8 25414 14397 91 641 628
1701909144.0 25415 14399 2 641 617
1701909145.29 25416 14400 22 641 621
1701909147.51 25417 14402 34 641 630
1701909153.67 25418 14408 41 641 624
1701909153.85 25419 14408 49 641 543
1701909158.23 25420 14412 78 641 631
1701909161.67 25421 14416 13 641 582
1701909167.35 25422 14421 72 641 627
1701909177.55 25423 14431 84 641 580
1701909179.21 25424 14433 41 641 627
1701909184.38 25425 14438 49 641 624
1701909191.03 25426 14445 6 641 596
1701909194.96 25427 14448 90 641 580
1701909200.08 25428 14453 93 641 627
1701909212.02 25429 14465 79 641 628
1701909223.35 25430 14477 4 641 626
1701909223.54 25431 14477 15 641 542
1701909226.19 25432 14479 70 641 621
1701909274.72 25433 14528 19 641 624
1701909283.16 25434 14536 55 641 624
1701909291.99 25435 14545 29 641 624
1701909308.53 25436 14561 75 641 622
