1706572805.2 12518 24033 11 641 624
1706572806.68 12519 24034 50 641 617
1706572824.62 12520 24052 36 641 628
1706572834.83 12521 24062 49 641 600
1706572845.13 12522 24072 71 641 620
1706572845.85 12523 24073 33 641 605
1706572847.66 12524 24075 5 641 574
1706572864.01 12525 24091 32 641 597
1706572867.58 12526 24094 81 641 505
1706572889.76 12527 24116 92 641 617
1706572893.51 12528 24120 57 641 625
1706572896.43 12529 24123 40 641 632
1706572900.28 12530 24127 16 641 629
1706572901.88 12531 24128 67 641 618
1706572904.55 12532 24131 24 641 567
1706572904.66 12533 24131 26 641 535
1706572904.99 12534 24131 50 641 567
1706572905.43 12535 24131 84 641 580
1706572918.66 12536 24144 99 641 574
1706572922.4 12537 24148 65 641 624
1706572928.17 12538 24154 33 641 623
1706572928.52 12539 24154 58 641 563
1706572933.43 12540 24159 40 641 627
1706572936.42 12541 24162 30 641 625
1706572943.62 12542 24169 41 641 626
1706572955.5 12543 24181 21 641 609
1706572971.71 12544 24197 34 641 624
1706572977.15 12545 24202 69 641 575
1706572977.38 12546 24202 83 641 554
1706572989.29 12547 24214 66 641 617
1706572996.07 12548 24221 34 641 632
1706572996.33 12549 24221 51 641 519
1706572998.03 12550 24223 11 641 629
1706573001.67 12551 24226 66 641 631
1706573012.77 12552 24237 68 641 629
1706573017.45 12553 24242 27 641 623
1706573017.85 12554 24242 57 641 500
1706573023.06 12555 24247 69 641 631
1706573025.28 12556 24249 82 641 621
1706573027.58 12557 24252 3 641 611
1706573036.17 12558 24260 53 641 620
1706573049.26 12559 24273 56 641 624
1706573054.14 12560 24278 34 641 630
1706573057.66 12561 24281 77 641 627
1706573065.19 12562 24289 21 641 626
1706573069.52 12563 24293 46 641 569
1706573071.68 12564 24295 53 641 547
1706573073.84 12565 24297 59 641 623
1706573079.56 12566 24303 22 641 627
1706573080.65 12567 24304 22 641 588
1706573102.68 12568 24326 18 641 629
1706573114.65 12569 24338 7 641 595
1706573117.95 12570 24341 28 641 517
1706573120.18 12571 24343 43 641 627
1706573120.28 12572 24343 43 640 534
1706573146.66 12573 24369 75 641 595
1706573155.64 12574 24378 65 641 622
1706573179.32 12575 24402 26 641 594
1706573183.4 12576 24406 25 641 628
1706573189.24 12577 24412 0 641 634
1706573198.0 12578 24420 68 641 598
1706573203.35 12579 24425 94 641 633
1706573211.77 12580 24434 28 641 597
1706573216.62 12581 24439 4 641 507
1706573220.07 12582 24442 40 641 610
1706573220.72 12583 24442 95 641 420
1706573228.78 12584 24450 93 641 615
1706573232.0 12585 24454 6 641 598
1706573237.09 12586 24459 7 641 624
1706573248.23 12587 24470 13 641 618
1706573263.52 12588 24485 34 641 628
1706573267.52 12589 24489 26 641 626
1706573272.71 12590 24494 36 641 623
1706573275.64 12591 24497 20 641 526
1706573288.15 12592 24509 63 641 623
1706573289.01 12593 24510 39 641 621
1706573300.94 12594 24522 24 641 628
1706573302.95 12595 24524 16 641 620
1706573303.05 12596 24524 16 640 536
1706573303.96 12597 24524 98 641 630
1706573315.09 12598 24536 3 641 630
1706573318.16 12599 24539 1 641 633
1706573319.04 12600 24539 80 641 590
1706573320.01 12601 24540 67 641 596
1706573320.52 12602 24541 9 641 451
1706573321.03 12603 24541 51 641 586
1706573322.93 12604 24543 32 641 539
1706573325.22 12605 24545 52 641 620
1706573327.15 12606 24547 36 641 607
1706573327.25 12607 24547 36 640 533
1706573334.21 12608 24554 24 641 626
1706573339.02 12609 24558 96 641 521
1706573341.64 12610 24561 49 641 604
1706573384.34 12611 24604 15 641 626
1706573387.13 12612 24606 84 641 627
1706573391.09 12613 24610 71 641 629
1706573392.66 12614 24612 18 641 626
1706573400.43 12615 24619 87 641 628
1706573404.75 12616 24624 10 641 576
1706573414.87 12617 24634 13 641 614
1706573426.23 12618 24645 40 641 588
1706573435.8 12619 24654 89 641 599
1706573446.15 12620 24665 16 641 613
1706573447.45 12621 24666 37 641 467
1706573455.06 12622 24673 89 641 633
1706573457.38 12623 24676 12 641 628
1706573458.9 12624 24677 54 641 627
1706573470.34 12625 24688 90 641 620
1706573472.53 12626 24691 0 641 635
1706573473.68 12627 24692 7 641 624
1706573482.31 12628 24700 61 641 590
1706573486.05 12629 24704 26 641 615
1706573499.69 12630 24717 81 641 625
1706573499.85 12631 24717 89 641 543
1706573500.71 12632 24718 65 641 627
1706573507.96 12633 24725 82 641 628
1706573521.31 12634 24739 8 641 620
1706573531.68 12635 24749 38 641 631
1706573537.1 12636 24754 71 641 611
1706573544.67 12637 24762 20 641 592
1706573546.24 12638 24763 67 641 614
1706573547.09 12639 24764 43 641 621
1706573554.75 12640 24772 0 641 626
1706573558.78 12641 24775 94 641 534
1706573560.49 12642 24777 56 641 631
1706573560.73 12643 24777 70 641 553
1706573562.67 12644 24779 55 641 623
1706573565.9 12645 24782 68 641 629
1706573574.99 12646 24791 69 641 565
1706573576.2 12647 24792 81 641 625
1706573578.32 12648 24794 84 641 625
1706573591.61 12649 24808 5 641 620
1706573595.05 12650 24811 41 641 547
1706573605.46 12651 24821 74 641 626
1706573606.94 12652 24823 13 641 626
1706573610.31 12653 24826 40 641 637
1706573614.05 12654 24830 5 641 624
1706573614.95 12655 24830 86 641 611
1706573620.65 12656 24836 47 641 628
1706573626.7 12657 24842 44 641 605
1706573627.53 12658 24843 18 641 618
1706573629.28 12659 24844 83 641 631
1706573642.29 12660 24857 76 641 627
1706573642.96 12661 24858 34 641 600
1706573645.42 12662 24860 70 641 608
1706573654.57 12663 24869 77 641 554
1706573656.4 12664 24871 51 641 622
1706573657.46 12665 24872 47 641 611
1706573657.89 12666 24872 81 641 577
1706573658.33 12667 24873 15 641 577
1706573664.67 12668 24879 40 641 629
1706573667.23 12669 24881 88 641 622
1706573679.15 12670 24893 72 641 614
1706573681.77 12671 24896 24 641 577
1706573684.62 12672 24899 2 641 618
1706573690.21 12673 24904 52 641 595
1706573692.28 12674 24906 50 641 530
1706573704.63 12675 24918 77 641 631
1706573705.5 12676 24919 54 641 621
1706573727.1 12677 24941 7 641 631
1706573736.95 12678 24950 84 641 582
1706573739.81 12679 24953 61 641 608
1706573750.79 12680 24964 51 641 634
1706573758.3 12681 24971 94 641 620
1706573758.69 12682 24972 23 641 570
1706573763.88 12683 24977 33 641 632
1706573765.89 12684 24979 25 641 630
1706573778.72 12685 24992 0 641 588
1706573780.49 12686 24993 68 641 611
1706573796.41 12687 25009 52 641 621
1706573799.04 12688 25012 6 641 630
1706573803.8 12689 25016 73 641 588
1706573804.23 12690 25017 7 641 575
1706573808.16 12691 25020 91 641 604
1706573810.63 12692 25023 29 641 618
1706573815.57 12693 25028 14 641 608
1706573817.62 12694 25030 10 641 617
1706573865.5 12695 25077 93 641 619
1706573865.6 12696 25077 94 640 534
1706573872.86 12697 25085 12 641 565
1706573876.15 12698 25088 32 641 629
1706573879.33 12699 25091 41 641 621
1706573899.39 12700 25111 40 641 557
1706573907.41 12701 25119 33 641 620
1706573917.8 12702 25129 64 641 532
1706573921.31 12703 25133 6 641 630
1706573930.01 12704 25141 68 641 607
1706573939.97 12705 25151 56 641 629
1706573940.37 12706 25151 86 641 572
1706573941.97 12707 25153 37 641 620
1706573946.81 12708 25158 12 641 627
1706573948.8 12709 25160 2 641 627
1706573954.14 12710 25165 27 641 623
1706573954.48 12711 25165 52 641 564
1706573956.82 12712 25167 77 641 609
1706573959.84 12713 25170 70 641 624
