1707523228.91 26214 3753 95 641 613
1707523234.13 26215 3759 9 641 580
1707523237.67 26216 3762 55 641 622
1707523240.64 26217 3765 44 641 631
1707523241.32 26218 3766 3 641 609
1707523241.81 26219 3766 43 641 593
1707523253.02 26220 3777 57 641 574
1707523254.74 26221 3779 20 641 623
1707523270.5 26222 3794 89 641 621
1707523273.16 26223 3797 45 641 627
1707523281.65 26224 3805 86 641 625
1707523285.97 26225 3810 10 641 626
1707523288.32 26226 3812 37 641 618
1707523289.64 26227 3813 60 641 475
1707523323.15 26228 3847 6 641 625
1707523326.1 26229 3849 93 641 378
1707523338.88 26230 3862 63 641 591
1707523342.26 26231 3865 92 641 617
1707523343.26 26232 3866 83 641 628
1707523371.76 26233 3895 27 641 625
1707523374.65 26234 3898 8 641 553
1707523392.26 26235 3915 62 641 616
1707523406.83 26236 3930 12 641 629
1707523421.21 26237 3944 42 641 613
1707523429.57 26238 3952 70 641 627
1707523449.43 26239 3972 49 641 631
1707523450.42 26240 3973 39 641 617
1707523473.36 26241 3996 26 641 628
1707523473.45 26242 3996 26 640 535
1707523477.98 26243 4000 71 641 611
1707523492.9 26244 4015 55 641 569
1707523511.14 26245 4033 73 641 620
1707523531.72 26246 4054 24 641 632
1707523532.51 26247 4054 94 641 626
1707523539.78 26248 4062 13 641 631
1707523557.24 26249 4079 51 641 620
1707523607.98 26250 4130 23 641 633
1707523609.18 26251 4131 33 641 634
1707523614.04 26252 4136 11 641 574
1707523617.28 26253 4139 26 641 629
1707523617.86 26254 4139 75 641 602
1707523620.24 26255 4142 4 641 629
1707523622.96 26256 4144 67 641 633
1707523639.85 26257 4161 49 641 630
1707523655.65 26258 4177 22 641 624
1707523657.07 26259 4178 55 641 518
1707523685.29 26260 4206 70 641 620
1707523704.85 26261 4226 20 641 621
1707523720.28 26262 4241 56 641 465
1707523723.47 26263 4244 65 641 601
1707523724.69 26264 4245 78 641 622
1707523727.73 26265 4248 74 641 609
1707523734.3 26266 4255 23 641 569
1707523741.9 26267 4262 75 641 599
1707523747.58 26268 4268 34 641 628
1707523748.44 26269 4269 11 641 603
1707523749.38 26270 4269 96 641 448
1707523749.6 26271 4270 10 641 557
1707523756.03 26272 4276 44 641 585
1707523761.01 26273 4281 34 641 631
1707523769.49 26274 4289 74 641 627
1707523776.61 26275 4296 78 641 623
1707523785.19 26276 4305 27 641 555
1707523785.35 26277 4305 35 641 549
1707523797.58 26278 4317 49 641 627
1707523804.97 26279 4324 80 641 626
1707523812.23 26280 4331 98 641 534
1707523812.76 26281 4332 42 641 585
1707523818.99 26282 4338 57 641 631
1707523819.27 26283 4338 76 641 564
1707523825.81 26284 4345 21 641 624
1707523831.67 26285 4350 99 641 627
1707523837.81 26286 4357 5 641 629
1707523847.75 26287 4366 91 641 619
1707523849.84 26288 4368 90 641 536
1707523855.49 26289 4374 47 641 630
1707523858.25 26290 4377 15 641 605
1707523859.63 26291 4378 44 641 611
1707523860.24 26292 4378 96 641 606
1707523868.19 26293 4386 83 641 631
1707523871.71 26294 4390 26 641 632
1707523875.14 26295 4393 61 641 622
1707523876.33 26296 4394 71 641 628
1707523886.05 26297 4404 35 641 625
1707523887.06 26298 4405 26 641 603
1707523889.72 26299 4407 84 641 517
1707523892.61 26300 4410 64 641 612
1707523903.27 26301 4421 22 641 626
1707523904.11 26302 4421 97 641 610
1707523906.03 26303 4423 81 641 624
1707523913.94 26304 4431 63 641 623
1707523932.48 26305 4450 10 641 624
1707523936.92 26306 4454 46 641 629
1707523942.5 26307 4459 95 641 625
1707523944.1 26308 4461 46 641 535
1707523944.24 26309 4461 51 641 546
1707523984.12 26310 4501 35 641 618
1707523992.27 26311 4509 41 641 623
1707524011.52 26312 4528 61 641 637
1707524037.76 26313 4554 78 641 631
1707524047.15 26314 4564 10 641 619
1707524054.14 26315 4571 0 641 625
1707524057.87 26316 4574 66 641 614
1707524064.28 26317 4580 99 641 618
1707524080.58 26318 4597 22 641 623
1707524090.3 26319 4606 85 641 589
1707524095.31 26320 4611 78 641 626
1707524104.74 26321 4621 13 641 630
1707524106.11 26322 4622 41 641 624
1707524135.56 26323 4651 80 641 625
1707524144.22 26324 4660 38 641 626
1707524160.17 26325 4676 25 641 596
1707524160.61 26326 4676 60 641 583
1707524167.76 26327 4683 67 641 623
1707524178.37 26328 4694 20 641 523
1707524180.12 26329 4695 86 641 631
1707524189.34 26330 4705 0 641 580
1707524200.52 26331 4716 10 641 608
1707524217.74 26332 4733 25 641 619
1707524231.55 26333 4746 99 641 625
1707524232.16 26334 4747 51 641 602
1707524234.17 26335 4749 43 641 627
1707524237.51 26336 4752 68 641 523
1707524242.19 26337 4757 28 641 618
1707524256.28 26338 4771 29 641 620
1707524258.87 26339 4773 79 641 627
1707524270.38 26340 4785 23 641 557
1707524271.72 26341 4786 48 641 627
1707524303.78 26342 4818 48 641 597
1707524309.37 26343 4823 99 641 627
1707524326.0 26344 4840 55 641 630
1707524326.1 26345 4840 55 640 533
1707524339.17 26346 4853 55 641 508
1707524362.77 26347 4877 9 641 604
1707524367.95 26348 4882 19 641 502
1707524374.55 26349 4888 70 641 618
1707524378.49 26350 4892 56 641 606
1707524383.27 26351 4897 26 641 617
1707524383.82 26352 4897 72 641 534
1707524388.04 26353 4901 86 641 588
1707524391.7 26354 4905 43 641 623
1707524399.99 26355 4913 65 641 589
1707524404.15 26356 4917 72 641 630
1707524410.93 26357 4924 42 641 583
1707524412.77 26358 4926 17 641 614
1707524423.4 26359 4936 73 641 620
1707524433.53 26360 4946 78 641 382
1707524434.73 26361 4947 90 641 615
1707524436.51 26362 4949 59 641 624
1707524452.5 26363 4965 51 641 627
1707524452.6 26364 4965 51 640 534
1707524457.64 26365 4970 48 641 623
1707524471.72 26366 4984 49 641 604
1707524471.82 26367 4984 50 641 499
1707524482.47 26368 4995 7 641 634
1707524483.52 26369 4996 4 641 618
1707524487.1 26370 4999 54 641 627
1707524494.32 26371 5006 67 641 627
1707524508.49 26372 5020 77 641 625
1707524510.76 26373 5022 95 641 624
1707524520.03 26374 5032 15 641 614
1707524531.57 26375 5043 61 641 625
1707524536.0 26376 5047 95 641 543
1707524538.0 26377 5049 86 641 606
1707524567.75 26378 5079 55 641 632
1707524572.59 26379 5084 30 641 607
1707524574.51 26380 5086 14 641 618
1707524581.05 26381 5092 59 641 625
1707524583.52 26382 5094 97 641 631
1707524599.29 26383 5110 67 641 613
1707524611.95 26384 5123 24 641 622
1707524616.18 26385 5127 40 641 386
1707524623.32 26386 5134 46 640 482
1707524628.53 26387 5139 59 641 634
1707524639.67 26388 5150 65 641 530
1707524649.51 26389 5160 41 641 622
1707524656.94 26390 5167 76 641 624
1707524667.17 26391 5177 91 641 616
1707524669.1 26392 5179 76 641 610
1707524672.15 26393 5182 72 641 623
1707524672.43 26394 5182 91 641 561
1707524676.19 26395 5186 58 641 633
1707524693.08 26396 5203 40 641 619
1707524702.4 26397 5212 64 641 632
