1706918411.11 405 37354 61 641 526
1706918413.76 406 37357 17 641 594
1706918418.94 407 37362 27 641 601
1706918423.62 408 37366 88 641 629
1706918424.23 409 37367 40 641 536
1706918424.51 410 37367 59 641 552
1706918442.94 411 37385 95 641 618
1706918448.0 412 37390 94 641 626
1706918453.64 413 37396 51 641 617
1706918454.04 414 37396 82 641 562
1706918460.46 415 37403 16 641 623
1706918470.04 416 37412 66 641 620
1706918486.25 417 37428 80 641 632
1706918488.53 418 37431 0 641 626
1706918508.07 419 37450 48 641 567
1706918512.01 420 37454 34 641 625
1706918513.41 421 37455 66 641 596
1706918519.29 422 37461 46 641 625
1706918535.85 423 37477 96 641 625
1706918536.68 424 37478 70 641 595
1706918536.84 425 37478 77 641 484
1706918539.2 426 37481 5 641 623
1706918541.35 427 37483 12 641 620
1706918555.61 428 37497 31 641 607
1706918561.1 429 37502 72 641 518
1706918563.47 430 37505 1 641 606
1706918565.59 431 37507 6 641 613
1706918568.87 432 37510 26 641 623
1706918579.95 433 37521 26 641 633
1706918585.85 434 37527 8 641 547
1706918589.31 435 37530 47 641 625
1706918594.89 436 37535 97 641 604
1706918602.8 437 37543 79 641 382
1706918603.28 438 37544 19 641 570
1706918607.43 439 37548 25 641 478
1706918607.55 440 37548 29 641 537
1706918610.38 441 37551 4 641 626
1706918613.41 442 37553 99 641 621
1706918616.36 443 37556 85 641 629
1706918617.53 444 37557 93 641 617
1706918623.15 445 37563 48 641 628
1706918624.01 446 37564 25 641 597
1706918627.15 447 37567 31 641 614
1706918635.71 448 37575 79 641 590
1706918637.29 449 37577 29 641 597
1706918637.59 450 37577 50 641 554
1706918645.65 451 37585 48 641 631
1706918656.06 452 37595 82 641 586
1706918656.3 453 37595 97 641 550
1706918656.77 454 37596 36 641 570
1706918663.01 455 37602 52 641 617
1706918671.98 456 37611 41 641 621
1706918673.91 457 37613 25 641 623
1706918674.38 458 37613 64 641 569
1706918679.22 459 37618 40 641 625
1706918679.73 460 37618 83 641 573
1706918688.2 461 37627 22 641 624
1706918689.94 462 37628 87 641 625
1706918695.58 463 37634 43 641 625
1706918699.59 464 37638 36 641 625
1706918701.15 465 37639 83 641 622
1706918703.79 466 37642 38 641 630
1706918704.91 467 37643 42 641 617
1706918706.47 468 37644 89 641 609
1706918715.56 469 37653 91 641 629
1706918718.82 470 37657 9 641 622
1706918722.25 471 37660 44 641 631
1706918724.7 472 37662 81 641 620
1706918727.72 473 37665 75 641 625
1706918727.95 474 37665 89 641 551
1706918729.31 475 37667 16 641 619
1706918739.93 476 37677 71 641 623
1706918743.91 477 37681 61 641 610
1706918760.17 478 37697 80 641 617
1706918769.77 479 37707 33 641 625
1706918773.87 480 37711 35 641 627
1706918781.12 481 37718 52 641 628
1706918786.86 482 37724 18 641 477
1706918789.76 483 37727 0 641 614
1706918791.48 484 37728 64 641 625
1706918795.09 485 37732 16 641 604
1706918796.25 486 37733 24 641 476
1706918797.06 487 37733 97 641 580
1706918806.6 488 37743 43 641 632
1706918809.95 489 37746 70 641 612
1706918816.43 490 37753 10 641 621
1706918829.15 491 37765 74 641 524
1706918830.92 492 37767 43 641 627
1706918836.59 493 37773 3 641 510
1706918841.74 494 37778 10 641 629
1706918847.76 495 37784 4 641 631
1706918850.6 496 37786 81 641 550
1706918851.46 497 37787 58 641 599
1706918854.82 498 37790 86 641 576
1706918855.44 499 37791 39 641 577
1706918859.91 500 37795 78 641 627
1706918860.19 501 37795 97 641 550
1706918863.02 502 37798 72 641 627
1706918863.62 503 37799 24 641 580
1706918874.28 504 37809 82 641 627
1706918878.1 505 37813 56 641 578
1706918885.95 506 37821 32 641 620
1706918886.37 507 37821 66 641 561
1706918888.59 508 37823 80 641 632
1706918892.22 509 37827 34 641 622
1706918896.28 510 37831 32 641 603
1706918898.21 511 37833 16 641 618
1706918910.49 512 37845 36 641 619
1706918911.65 513 37846 44 641 619
1706918914.17 514 37848 88 641 630
1706918919.86 515 37854 49 641 628
1706918925.92 516 37860 48 641 596
1706918928.21 517 37862 68 641 503
1706918929.38 518 37863 76 641 619
1706918935.26 519 37869 56 641 627
1706918936.19 520 37870 41 641 603
1706918938.3 521 37872 43 641 613
1706918944.36 522 37878 41 641 624
1706918950.47 523 37884 44 641 631
1706918956.2 524 37890 9 641 547
1706918967.99 525 37901 81 641 623
1706918970.48 526 37904 22 641 624
1706918973.37 527 37907 3 641 599
1706918986.01 528 37919 60 641 585
1706918986.86 529 37920 36 641 596
1706918987.35 530 37920 76 641 568
1706918994.7 531 37928 3 641 626
1706919007.52 532 37940 79 641 523
1706919010.27 533 37943 46 641 628
1706919015.12 534 37948 23 641 626
1706919018.05 535 37951 8 641 633
1706919025.05 536 37958 1 641 617
1706919028.43 537 37961 31 641 619
1706919030.63 538 37963 42 641 626
1706919032.54 539 37965 25 641 629
1706919033.27 540 37965 90 641 590
1706919035.19 541 37967 74 641 627
1706919035.52 542 37967 98 641 554
1706919046.4 543 37978 78 641 560
1706919047.22 544 37979 51 641 593
1706919049.84 545 37982 5 641 599
1706919049.93 546 37982 5 640 531
1706919051.68 547 37983 73 641 632
1706919071.85 548 38003 83 641 627
1706919076.71 549 38008 61 641 617
1706919080.35 550 38012 17 641 615
1706919088.01 551 38019 75 641 626
1706919088.4 552 38020 5 641 560
1706919088.55 553 38020 12 641 540
1706919114.27 554 38045 78 641 628
1706919117.86 555 38049 29 641 629
1706919133.69 556 38065 5 641 616
1706919134.97 557 38066 25 641 613
1706919135.06 558 38066 25 640 534
1706919135.98 559 38067 10 641 606
1706919144.28 560 38075 32 641 628
1706919144.71 561 38075 66 641 517
1706919151.78 562 38082 66 641 631
1706919154.92 563 38085 71 641 566
1706919159.55 564 38090 26 641 606
1706919163.95 565 38094 57 641 629
1706919184.6 566 38115 16 641 578
1706919193.39 567 38123 88 641 484
1706919203.9 568 38134 31 641 381
1706919209.17 569 38139 50 641 602
1706919212.81 570 38143 6 641 528
1706919219.81 571 38149 99 641 624
1706919222.05 572 38152 15 641 616
1706919228.46 573 38158 48 641 630
1706919229.56 574 38159 49 641 592
1706919233.31 575 38163 16 641 626
1706919246.87 576 38176 65 641 638
1706919248.97 577 38178 67 641 616
1706919251.11 578 38180 72 641 632
1706919258.58 579 38188 11 641 623
1706919259.89 580 38189 34 641 620
1706919272.74 581 38202 12 641 623
1706919280.26 582 38209 56 641 629
1706919287.45 583 38216 67 641 530
1706919301.21 584 38230 36 641 515
1706919301.32 585 38230 38 641 536
1706919306.5 586 38235 47 641 511
1706919312.34 587 38241 23 641 630
1706919319.16 588 38247 97 641 539
1706919320.56 589 38249 29 641 607
1706919323.51 590 38252 16 641 545
1706919337.61 591 38266 19 641 583
1706919351.13 592 38279 65 641 582
1706919357.34 593 38285 78 641 620
1706919357.87 594 38286 22 641 574
1706919360.58 595 38288 85 641 525
1706919361.96 596 38290 14 641 575
1706919374.72 597 38302 83 641 630
1706919375.72 598 38303 75 641 608
1706919380.66 599 38308 61 641 631
1706919384.96 600 38312 83 641 622
1706919391.21 601 38319 0 641 630
1706919396.57 602 38324 28 641 622
1706919399.95 603 38327 58 641 627
1706919409.11 604 38336 66 641 623
1706919422.51 605 38349 99 641 629
1706919429.64 606 38357 4 641 626
1706919436.76 607 38364 8 641 622
1706919440.42 608 38367 66 641 630
1706919448.6 609 38375 76 641 597
1706919453.26 610 38380 34 641 558
1706919453.79 611 38380 79 641 574
1706919453.88 612 38380 79 640 529
1706919453.97 613 38380 80 640 533
1706919471.29 614 38398 6 641 587
1706919476.54 615 38403 23 641 630
1706919477.87 616 38404 47 641 611
1706919498.18 617 38424 72 641 443
1706919498.31 618 38424 76 641 538
1706919498.4 619 38424 76 640 532
1706919505.87 620 38432 16 641 620
1706919516.11 621 38442 32 641 597
1706919516.2 622 38442 32 640 530
1706919533.21 623 38459 27 641 621
1706919533.69 624 38459 66 641 492
1706919536.06 625 38461 94 641 629
1706919556.32 626 38482 14 641 587
1706919559.07 627 38484 81 641 612
1706919559.16 628 38484 81 640 533
1706919567.16 629 38492 75 641 430
1706919570.04 630 38495 54 641 622
1706919590.8 631 38516 24 641 620
1706919599.57 632 38524 93 641 620
1706919615.51 633 38540 81 641 627
1706919620.47 634 38545 69 641 627
1706919632.37 635 38557 51 641 536
1706919646.96 636 38572 4 641 581
1706919649.98 637 38574 98 641 622
1706919658.39 638 38583 31 641 629
1706919670.27 639 38595 12 641 605
1706919672.32 640 38597 9 641 626
1706919684.77 641 38609 46 641 630
1706919690.33 642 38614 95 641 630
1706919691.37 643 38615 90 641 538
1706919694.5 644 38618 95 641 636
1706919695.03 645 38619 40 641 575
1706919706.16 646 38630 46 641 623
1706919712.66 647 38636 87 641 599
1706919717.59 648 38641 72 641 625
1706919719.5 649 38643 54 641 627
1706919726.96 650 38650 93 641 621
1706919736.53 651 38660 43 641 632
1706919748.79 652 38672 62 641 627
1706919755.06 653 38678 81 641 624
1706919758.22 654 38681 89 641 627
1706919763.88 655 38687 47 641 625
1706919763.97 656 38687 47 640 530
1706919772.79 657 38696 22 641 594
1706919785.75 658 38709 10 641 625
1706919794.41 659 38717 68 641 626
1706919794.51 660 38717 70 641 480
1706919798.4 661 38721 51 641 591
1706919837.31 662 38760 38 641 624
1706919845.53 663 38768 52 641 627
1706919851.29 664 38774 20 641 612
1706919852.74 665 38775 57 641 620
1706919866.26 666 38789 2 641 624
1706919868.92 667 38791 60 641 620
1706919870.04 668 38792 63 640 430
1706919870.28 669 38792 79 641 552
1706919872.19 670 38794 62 641 543
1706919895.41 671 38817 78 641 622
1706919898.37 672 38820 66 641 625
1706919901.35 673 38823 56 641 630
1706919903.76 674 38825 88 641 617
1706919911.65 675 38833 70 641 609
1706919916.05 676 38838 1 641 619
1706919919.04 677 38840 92 641 571
1706919919.52 678 38841 31 641 567
1706919923.17 679 38844 88 641 629
1706919932.71 680 38854 34 641 596
1706919946.15 681 38867 71 641 626
1706919953.55 682 38875 3 641 597
1706919955.04 683 38876 45 641 627
1706919965.86 684 38887 19 641 518
1706919973.48 685 38894 75 641 625
1706919979.51 686 38900 70 641 574
1706920004.29 687 38925 43 641 566
