1705276810.15 1674 56518 67 641 628
1705276813.69 1675 56522 13 641 540
1705276819.25 1676 56527 61 641 543
1705276825.22 1677 56533 49 641 624
1705276826.06 1678 56534 24 641 586
1705276829.74 1679 56537 84 641 623
1705276832.57 1680 56540 58 641 625
1705276836.5 1681 56544 42 641 632
1705276842.37 1682 56550 20 641 629
1705276850.58 1683 56558 33 641 626
1705276852.06 1684 56559 72 641 611
1705276859.66 1685 56567 24 641 627
1705276866.42 1686 56573 92 641 628
1705276869.26 1687 56576 67 641 531
1705276870.27 1688 56577 59 641 467
1705276877.86 1689 56585 10 641 628
1705276882.91 1690 56590 7 641 467
1705276884.74 1691 56591 81 641 603
1705276905.7 1692 56612 70 641 604
1705276912.98 1693 56619 90 641 619
1705276926.33 1694 56633 17 641 628
1705276927.67 1695 56634 42 641 596
1705276931.4 1696 56638 7 641 624
1705276952.02 1697 56658 62 641 599
1705276963.71 1698 56670 23 641 622
1705276967.81 1699 56674 25 641 628
1705276967.91 1700 56674 25 640 532
1705276974.35 1701 56680 61 641 532
1705276976.84 1702 56683 1 641 618
1705276978.0 1703 56684 9 641 611
1705276987.14 1704 56693 15 641 620
1705276988.8 1705 56694 72 641 627
1705277000.14 1706 56705 98 641 631
1705277003.46 1707 56709 21 641 632
1705277005.03 1708 56710 70 641 487
1705277005.36 1709 56710 93 641 552
1705277009.59 1710 56715 7 641 586
1705277012.34 1711 56717 74 641 625
1705277017.06 1712 56722 37 641 630
1705277024.2 1713 56729 43 641 630
1705277024.95 1714 56730 8 641 583
1705277027.86 1715 56732 92 641 634
1705277029.3 1716 56734 27 641 626
1705277032.81 1717 56737 69 641 591
1705277042.79 1718 56747 59 641 616
1705277051.9 1719 56756 62 641 630
1705277053.25 1720 56757 88 641 619
1705277054.14 1721 56758 68 641 591
1705277066.59 1722 56771 5 641 603
1705277072.76 1723 56777 14 641 631
1705277074.09 1724 56778 39 641 581
1705277075.18 1725 56779 39 641 608
1705277077.67 1726 56781 79 641 614
1705277079.71 1727 56783 74 641 629
1705277084.89 1728 56788 83 641 619
1705277086.46 1729 56790 31 641 630
1705277092.86 1730 56796 63 641 630
1705277109.46 1731 56813 16 641 631
1705277115.31 1732 56818 93 641 629
1705277115.66 1733 56819 19 641 555
1705277117.71 1734 56821 15 641 627
1705277118.83 1735 56822 18 641 432
1705277124.37 1736 56827 64 641 636
1705277136.03 1737 56839 22 641 621
1705277141.66 1738 56844 76 641 591
1705277144.97 1739 56847 99 641 627
1705277148.45 1740 56851 39 641 629
1705277155.13 1741 56857 98 641 621
1705277159.11 1742 56861 88 641 623
1705277169.78 1743 56872 47 641 623
1705277169.97 1744 56872 57 641 541
1705277181.87 1745 56884 40 641 629
1705277194.77 1746 56897 22 641 597
1705277200.31 1747 56902 68 641 627
1705277202.09 1748 56904 38 641 624
1705277218.75 1749 56920 96 641 520
1705277220.66 1750 56922 78 641 630
1705277221.05 1751 56923 8 641 558
1705277226.48 1752 56928 43 641 617
1705277227.07 1753 56928 93 641 573
1705277231.1 1754 56932 87 641 625
1705277233.52 1755 56935 20 641 622
1705277237.41 1756 56939 0 641 593
1705277245.04 1757 56946 56 641 615
1705277250.29 1758 56951 72 641 625
1705277250.5 1759 56951 84 641 544
1705277257.15 1760 56958 42 641 618
1705277263.66 1761 56964 84 641 621
1705277270.98 1762 56972 8 641 623
1705277278.98 1763 56980 0 641 613
1705277284.9 1764 56985 84 641 566
1705277285.02 1765 56985 87 641 466
1705277294.6 1766 56995 36 641 597
1705277295.23 1767 56995 90 641 572
1705277297.35 1768 56997 94 641 553
1705277303.83 1769 57004 33 641 518
1705277306.25 1770 57006 67 641 534
1705277314.97 1771 57015 31 641 628
1705277329.78 1772 57030 4 641 633
1705277332.47 1773 57032 66 641 615
1705277336.02 1774 57036 12 641 624
1705277343.99 1775 57044 2 641 554
1705277363.34 1776 57063 30 641 632
1705277374.21 1777 57074 9 641 602
1705277379.21 1778 57079 2 641 540
1705277384.53 1779 57084 26 641 629
1705277384.98 1780 57084 62 641 500
1705277389.97 1781 57089 52 641 630
1705277395.5 1782 57094 97 641 575
1705277413.51 1783 57112 91 641 549
1705277416.77 1784 57116 8 641 628
1705277416.96 1785 57116 19 641 543
1705277425.01 1786 57124 16 641 618
1705277425.75 1787 57124 81 641 579
1705277431.35 1788 57130 32 641 628
1705277438.65 1789 57137 55 641 628
1705277439.67 1790 57138 47 641 598
1705277443.4 1791 57142 11 641 621
1705277447.48 1792 57146 11 641 627
1705277450.2 1793 57148 74 641 630
1705277457.2 1794 57155 66 641 625
1705277463.88 1795 57162 26 641 620
1705277467.52 1796 57165 81 641 632
1705277474.69 1797 57172 90 641 544
1705277474.87 1798 57172 99 641 541
1705277505.78 1799 57203 84 641 633
1705277512.76 1800 57210 74 641 620
1705277515.35 1801 57213 25 641 622
1705277524.95 1802 57222 77 641 629
1705277534.66 1803 57232 40 641 632
1705277553.96 1804 57251 63 641 627
1705277568.13 1805 57265 72 641 624
1705277568.67 1806 57266 17 641 569
1705277571.02 1807 57268 44 641 627
1705277579.81 1808 57277 14 641 613
1705277584.07 1809 57281 32 641 628
1705277592.31 1810 57289 48 641 631
1705277594.12 1811 57291 20 641 610
1705277597.63 1812 57294 62 641 626
1705277600.12 1813 57297 2 641 627
1705277601.26 1814 57298 8 641 608
1705277605.22 1815 57301 95 641 551
1705277610.39 1816 57307 3 641 590
1705277614.63 1817 57311 20 641 624
1705277617.19 1818 57313 68 641 615
1705277632.95 1819 57329 37 641 627
1705277633.3 1820 57329 63 641 555
1705277644.66 1821 57340 91 641 625
1705277649.09 1822 57345 26 641 626
1705277649.89 1823 57345 97 641 586
1705277658.33 1824 57354 33 641 628
1705277660.04 1825 57355 95 641 615
1705277674.69 1826 57370 53 641 630
1705277675.65 1827 57371 40 641 594
1705277684.3 1828 57379 97 641 626
1705277696.78 1829 57392 37 641 609
1705277709.56 1830 57405 8 641 627
1705277714.5 1831 57409 94 641 630
1705277715.71 1832 57411 6 641 486
1705277716.51 1833 57411 78 641 588
1705277722.76 1834 57417 94 641 561
1705277724.8 1835 57419 90 641 609
1705277733.92 1836 57428 94 641 561
1705277737.96 1837 57432 89 641 427
1705277741.42 1838 57436 27 641 629
1705277745.77 1839 57440 53 641 630
1705277746.09 1840 57440 76 641 553
1705277763.42 1841 57458 3 641 631
1705277767.11 1842 57461 64 641 626
1705277774.25 1843 57468 69 641 616
1705277776.91 1844 57471 26 641 618
1705277807.15 1845 57501 44 641 625
1705277812.75 1846 57506 96 641 629
1705277815.17 1847 57509 29 641 605
1705277829.0 1848 57523 4 641 567
1705277838.51 1849 57532 47 641 631
1705277841.6 1850 57535 48 641 613
1705277846.09 1851 57539 88 641 626
1705277847.2 1852 57540 90 641 604
1705277848.79 1853 57542 41 641 593
1705277858.65 1854 57552 19 641 445
1705277861.26 1855 57554 71 641 624
1705277866.04 1856 57559 40 641 618
1705277878.48 1857 57571 76 641 630
1705277883.16 1858 57576 35 641 623
1705277883.96 1859 57577 6 641 454
1705277886.3 1860 57579 32 641 619
1705277900.89 1861 57593 83 641 623
1705277901.54 1862 57594 39 641 578
1705277903.08 1863 57595 84 641 619
1705277911.44 1864 57604 12 641 623
1705277912.66 1865 57605 25 641 582
1705277914.92 1866 57607 42 641 537
1705277916.06 1867 57608 47 641 605
1705277923.86 1868 57616 19 641 552
1705277946.93 1869 57639 19 641 626
1705277960.9 1870 57653 9 641 630
1705277962.75 1871 57654 86 641 571
1705277975.63 1872 57667 66 641 627
1705277975.94 1873 57667 87 641 551
1705277979.24 1874 57671 9 641 609
1705277979.56 1875 57671 33 641 551
1705277985.61 1876 57677 29 640 334
1705277987.36 1877 57678 95 641 612
1705278003.9 1878 57695 42 641 629
1705278020.41 1879 57711 86 641 615
1705278037.26 1880 57728 64 641 621
1705278039.76 1881 57731 5 641 566
1705278046.28 1882 57737 49 641 627
1705278047.58 1883 57738 70 641 619
1705278048.03 1884 57739 6 641 564
1705278053.77 1885 57744 72 641 633
1705278071.05 1886 57761 92 641 580
1705278072.62 1887 57763 40 641 621
1705278077.45 1888 57768 15 641 600
1705278081.51 1889 57772 12 641 525
1705278086.8 1890 57777 32 641 520
1705278089.4 1891 57779 84 641 630
1705278089.84 1892 57780 18 641 565
1705278093.8 1893 57784 6 641 624
1705278104.9 1894 57795 8 641 616
1705278116.93 1895 57807 3 641 621
1705278117.02 1896 57807 3 640 537
1705278131.48 1897 57821 43 641 621
1705278137.22 1898 57827 9 641 619
1705278141.33 1899 57831 11 641 611
1705278170.11 1900 57859 83 641 627
1705278175.99 1901 57865 63 641 598
1705278178.89 1902 57868 44 641 632
1705278180.6 1903 57870 6 641 629
1705278181.34 1904 57870 71 641 508
1705278189.18 1905 57878 47 641 630
1705278198.47 1906 57887 68 641 628
1705278205.36 1907 57894 48 641 627
1705278214.11 1908 57903 15 641 584
1705278215.73 1909 57904 68 641 607
1705278215.85 1910 57904 71 641 538
1705278220.97 1911 57909 74 641 562
1705278228.7 1912 57917 39 641 629
1705278234.33 1913 57922 93 641 632
1705278244.47 1914 57933 0 641 633
1705278247.63 1915 57936 7 641 631
1705278248.01 1916 57936 37 641 558
1705278252.27 1917 57940 54 641 349
1705278259.4 1918 57947 59 641 630
1705278265.41 1919 57953 52 641 625
1705278265.84 1920 57953 86 641 560
1705278280.59 1921 57968 53 641 585
1705278285.94 1922 57973 80 641 628
1705278286.75 1923 57974 52 641 586
1705278292.47 1924 57980 15 641 620
1705278292.81 1925 57980 40 641 554
1705278296.8 1926 57984 30 641 612
1705278297.16 1927 57984 57 641 556
1705278306.07 1928 57993 41 641 623
1705278308.02 1929 57995 27 641 571
1705278313.75 1930 58000 92 641 625
1705278318.79 1931 58005 87 641 580
1705278318.99 1932 58005 98 641 547
1705278320.01 1933 58006 91 641 604
1705278320.42 1934 58007 23 641 560
1705278321.26 1935 58007 99 641 592
1705278328.59 1936 58015 24 641 626
1705278332.3 1937 58018 86 641 631
1705278338.12 1938 58024 59 641 628
1705278338.52 1939 58024 90 641 558
1705278338.75 1940 58025 4 641 548
1705278339.59 1941 58025 80 641 593
1705278343.36 1942 58029 48 641 524
1705278347.75 1943 58033 78 641 625
1705278376.51 1944 58062 49 641 624
1705278380.62 1945 58066 51 641 618
1705278381.32 1946 58067 13 641 577
1705278381.88 1947 58067 60 641 570
1705278381.98 1948 58067 60 640 530
1705278383.07 1949 58068 62 641 609
1705278383.29 1950 58068 75 641 545
1705278384.89 1951 58070 26 638 177
1705278385.22 1952 58070 50 641 556
1705278392.17 1953 58077 37 641 620
1705278400.33 1954 58085 45 641 598
1705278400.43 1955 58085 45 640 534
1705278400.53 1956 58085 47 641 532
1705278411.11 1957 58095 97 641 621
1705278413.28 1958 58098 5 641 597
1705278414.44 1959 58099 12 641 611
1705278419.2 1960 58103 80 641 632
1705278419.78 1961 58104 29 641 572
1705278427.85 1962 58112 27 641 629
1705278428.79 1963 58113 13 641 594
1705278443.07 1964 58127 33 641 628
1705278450.11 1965 58134 29 641 545
1705278470.41 1966 58154 52 641 627
1705278471.47 1967 58155 50 641 510
1705278476.9 1968 58160 85 641 622
1705278477.0 1969 58160 85 640 532
1705278479.26 1970 58163 3 641 624
1705278488.89 1971 58172 59 641 584
1705278490.97 1972 58174 58 641 627
1705278498.52 1973 58182 4 641 623
1705278501.25 1974 58184 69 641 630
1705278507.57 1975 58190 92 641 626
1705278507.83 1976 58191 11 641 549
1705278513.48 1977 58196 67 641 495
1705278519.67 1978 58202 78 641 512
1705278525.03 1979 58208 5 641 433
1705278529.68 1980 58212 62 641 623
1705278531.73 1981 58214 58 641 630
1705278545.44 1982 58228 22 641 621
1705278549.72 1983 58232 41 641 627
1705278554.8 1984 58237 41 641 627
1705278556.38 1985 58238 90 641 603
1705278570.42 1986 58252 86 641 625
1705278594.13 1987 58276 50 641 622
1705278596.18 1988 58278 46 641 523
1705278598.61 1989 58280 81 641 617
1705278602.96 1990 58285 7 641 624
1705278605.85 1991 58287 87 641 627
1705278612.83 1992 58294 77 641 623
1705278615.59 1993 58297 44 641 619
1705278627.11 1994 58308 88 641 621
1705278628.91 1995 58310 59 641 602
1705278632.87 1996 58314 46 641 628
1705278637.09 1997 58318 59 641 629
1705278638.21 1998 58319 63 641 609
1705278640.78 1999 58322 11 641 594
1705278642.46 2000 58323 71 641 614
1705278643.21 2001 58324 37 641 580
1705278647.65 2002 58328 72 641 590
1705278657.41 2003 58338 40 641 624
1705278669.14 2004 58350 7 641 631
1705278670.48 2005 58351 32 641 610
1705278682.72 2006 58363 48 641 628
1705278684.22 2007 58364 89 641 609
1705278686.05 2008 58366 63 641 615
1705278698.2 2009 58378 71 641 626
1705278705.13 2010 58385 55 641 624
1705278707.89 2011 58388 22 641 613
1705278712.11 2012 58392 35 641 624
1705278712.82 2013 58392 99 641 516
1705278725.33 2014 58405 42 641 619
1705278726.88 2015 58406 88 641 611
1705278753.42 2016 58433 36 641 624
1705278753.54 2017 58433 38 641 538
1705278754.65 2018 58434 41 641 610
1705278757.61 2019 58437 28 641 623
1705278761.35 2020 58440 93 641 628
1705278768.82 2021 58448 32 641 634
1705278779.31 2022 58458 74 641 624
1705278782.45 2023 58461 79 641 520
1705278796.55 2024 58475 82 641 530
1705278798.83 2025 58478 1 641 609
1705278804.24 2026 58483 34 641 617
1705278833.99 2027 58513 3 641 626
1705278835.32 2028 58514 28 641 600
1705278839.47 2029 58518 34 641 634
1705278845.44 2030 58524 23 641 513
1705278848.4 2031 58527 10 641 628
1705278853.06 2032 58531 67 641 628
1705278853.79 2033 58532 32 641 585
1705278857.56 2034 58536 1 641 623
1705278869.62 2035 58547 99 641 621
1705278891.94 2036 58570 25 641 630
1705278895.07 2037 58573 29 641 626
1705278895.19 2038 58573 32 641 536
1705278901.41 2039 58579 46 641 632
1705278906.26 2040 58584 23 641 625
1705278906.48 2041 58584 35 641 545
1705278908.13 2042 58585 92 641 616
1705278909.92 2043 58587 62 641 613
1705278912.97 2044 58590 59 641 624
1705278916.21 2045 58593 74 641 609
1705278920.97 2046 58598 41 641 627
1705278922.36 2047 58599 71 641 624
1705278923.61 2048 58600 87 641 613
1705278923.94 2049 58601 12 641 556
1705278939.08 2050 58616 18 641 618
1705278948.13 2051 58625 15 641 627
