1705190404.19 52496 36917 20 641 583
1705190406.77 52497 36919 69 641 623
1705190407.97 52498 36920 80 641 613
1705190408.51 52499 36921 25 641 569
1705190409.49 52500 36922 13 641 600
1705190433.81 52501 36946 38 641 597
1705190442.67 52502 36955 16 641 585
1705190445.27 52503 36957 66 641 622
1705190454.45 52504 36966 75 641 627
1705190455.79 52505 36968 0 641 621
1705190456.33 52506 36968 45 641 570
1705190460.94 52507 36972 97 641 574
1705190466.05 52508 36978 0 641 511
1705190467.12 52509 36978 97 641 580
1705190474.06 52510 36985 83 641 622
1705190475.8 52511 36987 47 641 623
1705190479.95 52512 36991 53 641 620
1705190481.23 52513 36992 72 641 569
1705190491.1 52514 37002 50 641 604
1705190506.75 52515 37018 8 641 630
1705190509.61 52516 37020 84 641 592
1705190512.68 52517 37023 82 641 625
1705190515.76 52518 37026 81 641 615
1705190516.4 52519 37027 36 641 577
1705190517.17 52520 37028 3 641 584
1705190517.37 52521 37028 14 641 545
1705190517.83 52522 37028 51 641 569
1705190520.23 52523 37030 82 641 623
1705190522.31 52524 37032 81 641 632
1705190523.6 52525 37034 1 641 618
1705190524.55 52526 37034 87 641 598
1705190524.65 52527 37034 87 640 534
1705190540.83 52528 37050 98 641 629
1705190548.57 52529 37058 64 641 619
1705190552.21 52530 37062 19 641 626
1705190558.44 52531 37068 32 641 623
1705190559.81 52532 37069 60 641 624
1705190571.23 52533 37080 94 641 610
1705190573.16 52534 37082 78 641 605
1705190577.13 52535 37086 66 641 438
1705190582.69 52536 37092 12 641 624
1705190587.41 52537 37096 76 641 588
1705190595.52 52538 37104 79 641 630
1705190599.61 52539 37108 79 641 630
1705190601.79 52540 37110 88 641 616
1705190605.46 52541 37114 46 641 627
1705190614.16 52542 37123 7 641 613
1705190617.85 52543 37126 67 641 621
1705190632.65 52544 37141 39 641 625
1705190632.77 52545 37141 42 641 537
1705190649.92 52546 37158 49 641 619
1705190661.54 52547 37170 3 641 623
1705190667.23 52548 37175 63 641 626
1705190668.34 52549 37176 66 641 577
1705190671.27 52550 37179 49 641 630
1705190681.33 52551 37189 47 641 628
1705190682.73 52552 37190 77 641 613
1705190694.52 52553 37202 49 641 417
1705190697.73 52554 37205 62 641 624
1705190701.54 52555 37209 34 641 630
1705190704.34 52556 37212 4 641 613
1705190705.55 52557 37213 16 641 615
1705190710.39 52558 37217 91 641 568
1705190711.61 52559 37219 4 641 616
1705190717.51 52560 37224 85 641 624
1705190719.24 52561 37226 48 641 410
1705190722.61 52562 37229 76 641 625
1705190729.55 52563 37236 61 641 593
1705190729.71 52564 37236 68 641 542
1705190731.24 52565 37238 12 641 614
1705190737.28 52566 37244 7 641 602
1705190741.54 52567 37248 24 641 586
1705190753.68 52568 37260 29 641 625
1705190754.46 52569 37260 98 641 587
1705190765.17 52570 37271 61 641 528
1705190765.27 52571 37271 61 640 529
1705190765.55 52572 37271 81 641 551
1705190770.76 52573 37276 93 641 630
1705190773.46 52574 37279 54 641 615
1705190775.96 52575 37281 95 641 531
1705190776.06 52576 37281 95 640 531
1705190776.48 52577 37282 28 641 564
1705190784.65 52578 37290 36 641 628
1705190785.57 52579 37291 19 641 590
1705190786.51 52580 37292 4 641 598
1705190796.75 52581 37302 19 641 635
1705190800.42 52582 37305 77 641 623
1705190804.18 52583 37309 44 641 625
1705190823.34 52584 37328 53 641 428
1705190829.3 52585 37334 40 641 626
1705190829.69 52586 37334 70 641 517
1705190837.23 52587 37342 15 641 629
1705190838.36 52588 37343 19 641 610
1705190840.09 52589 37344 82 641 605
1705190845.3 52590 37349 94 641 533
1705190849.41 52591 37353 97 641 630
1705190856.56 52592 37361 3 641 557
1705190856.9 52593 37361 28 641 554
1705190857.45 52594 37361 73 641 572
1705190863.51 52595 37367 71 641 613
1705190864.62 52596 37368 73 641 608
1705190865.54 52597 37369 56 641 595
1705190869.92 52598 37373 85 641 619
1705190874.92 52599 37378 76 641 633
1705190875.02 52600 37378 76 640 534
1705190876.2 52601 37379 85 641 615
1705190882.3 52602 37385 86 641 628
1705190884.39 52603 37387 86 641 625
1705190915.06 52604 37418 47 641 632
1705190919.7 52605 37423 3 641 613
1705190919.8 52606 37423 4 641 468
1705190921.66 52607 37424 80 641 624
1705190923.59 52608 37426 64 641 596
1705190925.24 52609 37428 21 641 632
1705190926.94 52610 37429 81 641 614
1705190931.73 52611 37434 52 641 626
1705190936.75 52612 37439 44 641 625
1705190938.11 52613 37440 70 641 624
1705190940.24 52614 37442 74 641 625
1705190942.19 52615 37444 60 641 606
1705190974.69 52616 37477 4 641 528
1705191000.8 52617 37503 9 641 484
1705191014.73 52618 37516 94 641 628
1705191020.89 52619 37523 1 641 630
1705191028.05 52620 37530 9 641 621
1705191032.29 52621 37534 24 641 631
1705191034.85 52622 37536 71 641 626
1705191040.23 52623 37542 0 641 620
1705191054.04 52624 37555 73 641 624
1705191060.46 52625 37562 6 641 613
1705191063.67 52626 37565 18 641 612
1705191074.22 52627 37575 65 641 631
1705191075.09 52628 37576 43 641 592
1705191075.48 52629 37576 72 641 501
1705191081.96 52630 37583 11 641 617
1705191094.13 52631 37595 20 641 599
1705191096.04 52632 37597 2 641 629
1705191112.29 52633 37613 20 641 611
1705191117.43 52634 37618 24 641 631
1705191135.92 52635 37636 66 641 593
1705191139.47 52636 37640 13 641 594
1705191149.07 52637 37649 64 641 626
1705191152.35 52638 37652 83 641 622
1705191153.62 52639 37654 1 641 618
1705191155.87 52640 37656 17 641 624
1705191157.83 52641 37658 4 641 627
1705191162.29 52642 37662 41 641 626
1705191162.41 52643 37662 44 641 538
1705191171.1 52644 37671 5 641 628
1705191180.22 52645 37680 9 641 518
1705191187.4 52646 37687 19 641 611
1705191192.35 52647 37692 4 641 630
1705191194.81 52648 37694 43 641 619
1705191207.97 52649 37707 51 641 524
1705191208.48 52650 37707 93 641 566
1705191225.16 52651 37724 54 641 626
1705191236.27 52652 37735 56 641 620
1705191237.49 52653 37736 69 641 614
1705191237.85 52654 37736 95 641 556
1705191240.77 52655 37739 78 641 627
1705191241.0 52656 37739 91 641 544
1705191244.4 52657 37743 22 641 524
1705191250.16 52658 37748 89 641 625
1705191259.22 52659 37757 87 641 620
1705191266.36 52660 37764 91 641 614
1705191277.42 52661 37775 91 641 578
1705191277.52 52662 37775 91 640 532
1705191290.77 52663 37789 8 641 617
1705191293.72 52664 37791 94 641 588
1705191296.0 52665 37794 13 641 622
1705191297.47 52666 37795 51 641 633
1705191298.84 52667 37796 78 641 627
1705191307.94 52668 37805 80 641 630
1705191320.48 52669 37818 26 641 617
1705191332.74 52670 37830 43 641 626
1705191337.8 52671 37835 40 641 627
1705191338.78 52672 37836 29 641 599
1705191352.6 52673 37850 3 641 587
1705191354.9 52674 37852 24 641 625
1705191374.96 52675 37872 23 641 590
1705191375.98 52676 37873 16 641 601
1705191380.3 52677 37877 39 641 625
1705191381.91 52678 37878 91 641 464
1705191388.86 52679 37885 77 641 637
1705191396.12 52680 37892 94 641 616
1705191403.65 52681 37900 39 641 631
1705191412.44 52682 37909 10 641 595
1705191421.65 52683 37918 22 641 614
1705191429.47 52684 37925 96 641 629
1705191430.42 52685 37926 82 641 595
1705191430.91 52686 37927 21 641 565
1705191437.14 52687 37933 35 641 600
1705191438.61 52688 37934 74 641 574
1705191442.54 52689 37938 57 641 633
1705191445.08 52690 37941 2 641 630
1705191450.38 52691 37946 23 641 625
1705191451.76 52692 37947 52 641 615
1705191452.89 52693 37948 55 641 608
1705191475.23 52694 37970 82 641 423
1705191476.79 52695 37972 29 641 636
1705191479.12 52696 37974 53 641 582
1705191488.33 52697 37983 66 641 631
1705191489.05 52698 37984 29 641 366
1705191512.34 52699 38007 51 641 616
1705191518.55 52700 38013 63 641 626
1705191519.77 52701 38014 75 641 612
1705191535.08 52702 38029 99 641 599
1705191543.09 52703 38037 92 641 559
1705191551.51 52704 38046 25 641 630
1705191568.11 52705 38062 77 641 607
1705191568.68 52706 38063 26 641 573
1705191568.86 52707 38063 35 641 540
1705191576.07 52708 38070 47 641 604
1705191579.25 52709 38073 56 641 597
1705191579.82 52710 38074 4 641 569
1705191593.54 52711 38087 69 641 624
1705191601.94 52712 38096 1 641 621
1705191604.25 52713 38098 22 641 633
1705191610.14 52714 38104 3 641 622
1705191612.27 52715 38106 8 641 627
1705191615.62 52716 38109 34 641 586
1705191637.2 52717 38130 85 641 603
1705191639.2 52718 38132 76 641 620
1705191646.16 52719 38139 63 641 607
1705191653.96 52720 38147 34 641 628
1705191658.15 52721 38151 44 641 617
1705191659.77 52722 38152 97 641 623
1705191664.44 52723 38157 55 641 626
1705191665.9 52724 38158 92 641 587
1705191666.46 52725 38159 39 641 572
1705191671.72 52726 38164 56 641 627
1705191672.39 52727 38165 14 641 579
1705191676.98 52728 38169 64 641 625
1705191678.9 52729 38171 46 641 619
1705191679.49 52730 38171 96 641 573
1705191681.16 52731 38173 54 641 616
1705191698.22 52732 38190 52 641 579
1705191712.46 52733 38204 68 641 631
1705191718.91 52734 38211 4 641 630
1705191724.19 52735 38216 24 641 545
1705191727.02 52736 38218 98 641 611
1705191732.38 52737 38224 25 641 627
1705191733.39 52738 38225 17 641 600
1705191744.12 52739 38235 82 641 614
1705191752.41 52740 38244 2 641 630
1705191757.02 52741 38248 54 641 624
1705191759.78 52742 38251 21 641 628
1705191764.84 52743 38256 18 640 477
1705191766.34 52744 38257 59 641 615
1705191771.16 52745 38262 31 641 630
1705191773.82 52746 38264 88 641 399
1705191775.83 52747 38266 79 641 627
1705191777.67 52748 38268 54 641 628
1705191783.45 52749 38274 24 641 609
1705191783.72 52750 38274 41 641 549
1705191791.26 52751 38281 87 641 633
1705191793.52 52752 38284 3 641 619
1705191801.64 52753 38292 8 641 559
1705191804.36 52754 38294 71 641 620
1705191810.23 52755 38300 50 641 622
1705191810.57 52756 38300 75 641 555
1705191812.77 52757 38302 85 641 622
1705191823.74 52758 38313 74 641 624
1705191824.95 52759 38314 86 641 611
1705191826.88 52760 38316 70 641 632
1705191834.46 52761 38324 19 641 579
1705191836.46 52762 38326 9 641 624
1705191840.22 52763 38329 76 641 608
1705191847.2 52764 38336 65 641 630
1705191850.33 52765 38339 69 641 620
1705191851.63 52766 38340 90 641 620
1705191852.47 52767 38341 64 641 590
1705191876.83 52768 38365 94 641 616
1705191878.67 52769 38367 69 641 628
1705191880.31 52770 38369 23 641 619
1705191898.16 52771 38387 1 641 626
1705191898.26 52772 38387 1 640 534
1705191915.22 52773 38403 91 641 630
1705191919.57 52774 38408 18 641 481
1705191928.52 52775 38417 4 641 634
1705191931.32 52776 38419 75 641 619
1705191946.26 52777 38434 61 641 620
1705191955.5 52778 38443 76 641 568
1705191959.1 52779 38447 27 641 612
1705191969.05 52780 38457 13 641 625
1705191985.29 52781 38473 31 641 624
1705191989.44 52782 38477 37 641 624
1705191999.13 52783 38486 97 641 628
1705192004.3 52784 38492 6 641 620
1705192008.71 52785 38496 39 641 627
1705192009.24 52786 38496 82 641 568
1705192014.97 52787 38502 45 641 620
1705192015.39 52788 38502 79 641 563
1705192021.0 52789 38508 31 641 627
1705192021.61 52790 38508 83 641 574
1705192027.25 52791 38514 38 641 534
1705192040.05 52792 38527 10 641 544
1705192041.91 52793 38528 86 641 615
1705192044.2 52794 38531 6 641 603
1705192046.67 52795 38533 44 641 617
1705192055.28 52796 38541 97 641 621
1705192062.3 52797 38548 90 641 625
1705192062.48 52798 38548 99 641 540
1705192071.21 52799 38557 64 641 622
1705192077.19 52800 38563 53 641 594
1705192079.34 52801 38565 58 641 384
1705192088.73 52802 38574 89 641 607
1705192091.37 52803 38577 43 641 628
1705192092.79 52804 38578 76 641 432
1705192093.21 52805 38579 9 641 563
1705192100.45 52806 38586 25 641 625
1705192102.43 52807 38588 14 641 628
1705192102.77 52808 38588 39 641 555
1705192107.34 52809 38592 87 641 508
1705192111.93 52810 38597 37 641 626
1705192117.87 52811 38603 22 641 627
1705192118.68 52812 38603 93 641 558
1705192127.01 52813 38612 18 641 630
1705192128.07 52814 38613 14 641 604
1705192133.25 52815 38618 23 641 632
1705192133.67 52816 38618 56 641 562
1705192147.6 52817 38632 40 641 626
1705192150.54 52818 38635 25 641 627
1705192154.01 52819 38638 63 641 621
1705192154.37 52820 38638 89 641 554
1705192157.4 52821 38641 83 641 627
1705192169.49 52822 38653 84 641 620
1705192170.15 52823 38654 40 641 578
1705192207.82 52824 38692 2 641 635
1705192209.68 52825 38693 80 641 628
1705192222.18 52826 38706 21 641 621
1705192238.19 52827 38722 14 641 623
1705192239.01 52828 38722 87 641 588
1705192241.04 52829 38724 81 641 625
1705192241.36 52830 38725 3 641 552
1705192242.89 52831 38726 47 641 581
1705192255.63 52832 38739 13 641 581
1705192257.05 52833 38740 46 641 626
1705192259.61 52834 38742 93 641 626
1705192260.8 52835 38744 3 641 611
1705192261.88 52836 38745 2 641 560
1705192267.34 52837 38750 39 641 511
1705192273.73 52838 38756 69 641 615
1705192287.25 52839 38770 13 641 541
1705192291.8 52840 38774 59 641 628
1705192291.9 52841 38774 59 640 534
1705192292.96 52842 38775 57 641 607
1705192297.32 52843 38779 84 641 628
1705192309.55 52844 38791 99 641 621
1705192312.1 52845 38794 44 641 632
1705192320.21 52846 38802 47 641 604
1705192323.71 52847 38805 88 641 616
1705192345.99 52848 38828 9 641 625
1705192346.09 52849 38828 9 640 532
1705192346.18 52850 38828 10 640 533
1705192346.44 52851 38828 28 641 551
1705192352.26 52852 38834 1 641 625
1705192359.5 52853 38841 17 641 625
1705192372.02 52854 38853 61 641 627
1705192372.66 52855 38854 16 641 553
1705192386.11 52856 38867 52 641 624
1705192389.73 52857 38871 5 641 614
1705192391.16 52858 38872 39 641 588
1705192391.32 52859 38872 45 641 541
1705192402.49 52860 38883 54 641 630
1705192425.13 52861 38906 11 641 628
1705192435.36 52862 38916 26 641 631
1705192445.11 52863 38925 92 641 627
1705192450.15 52864 38930 87 641 619
1705192450.25 52865 38930 87 640 534
1705192453.73 52866 38934 27 641 621
1705192471.42 52867 38951 88 641 632
1705192471.89 52868 38952 26 641 566
1705192492.25 52869 38972 54 641 623
1705192492.96 52870 38973 16 641 580
1705192494.32 52871 38974 42 641 627
1705192498.96 52872 38978 97 641 611
1705192501.55 52873 38981 46 641 623
1705192504.47 52874 38984 29 641 628
1705192508.15 52875 38987 88 641 622
1705192508.53 52876 38988 16 641 554
1705192511.35 52877 38990 89 641 619
1705192515.46 52878 38994 92 641 623
1705192519.13 52879 38998 50 641 633
1705192519.61 52880 38998 89 641 564
1705192520.05 52881 38999 24 641 564
1705192521.21 52882 39000 30 641 616
1705192538.34 52883 39017 36 641 609
1705192541.37 52884 39020 30 641 579
1705192544.64 52885 39023 48 641 622
1705192546.82 52886 39025 56 641 615
1705192549.93 52887 39028 58 641 624
1705192562.67 52888 39041 24 641 625
1705192566.61 52889 39045 10 641 601
1705192572.77 52890 39051 17 641 594
1705192580.7 52891 39059 2 641 499
1705192584.55 52892 39062 78 641 627
1705192589.52 52893 39067 67 641 624
1705192594.08 52894 39072 14 641 505
1705192594.67 52895 39072 63 641 573
1705192610.67 52896 39088 55 641 515
1705192617.1 52897 39094 90 641 599
1705192621.96 52898 39099 67 641 620
1705192623.8 52899 39101 42 641 596
1705192624.73 52900 39102 26 641 596
1705192638.25 52901 39115 70 641 559
1705192639.09 52902 39116 44 641 588
1705192640.33 52903 39117 59 641 577
1705192666.19 52904 39143 39 641 626
1705192670.2 52905 39147 31 641 631
1705192677.84 52906 39154 86 641 524
1705192683.51 52907 39160 44 641 555
1705192699.59 52908 39176 44 641 629
1705192699.68 52909 39176 44 640 532
1705192704.19 52910 39180 87 641 627
1705192707.25 52911 39183 83 641 614
1705192708.35 52912 39184 84 641 607
1705192721.21 52913 39197 62 641 626
1705192723.62 52914 39199 94 641 621
1705192729.74 52915 39205 97 641 628
1705192732.0 52916 39208 14 641 630
1705192734.67 52917 39210 72 641 627
1705192737.63 52918 39213 59 641 611
1705192740.71 52919 39216 58 641 630
1705192743.22 52920 39218 99 641 525
1705192765.35 52921 39241 5 641 615
1705192765.67 52922 39241 28 641 552
1705192781.14 52923 39256 67 641 627
1705192783.91 52924 39259 35 641 488
1705192784.44 52925 39259 79 641 473
1705192795.81 52926 39271 7 641 528
1705192797.11 52927 39272 28 641 619
1705192802.34 52928 39277 42 641 626
1705192805.79 52929 39280 78 641 627
1705192809.72 52930 39284 62 641 633
1705192815.22 52931 39290 3 641 614
1705192823.47 52932 39298 20 641 632
1705192825.42 52933 39300 6 641 611
1705192826.52 52934 39301 7 641 604
1705192832.38 52935 39306 85 641 578
1705192837.14 52936 39311 51 641 594
1705192840.19 52937 39314 47 641 624
1705192843.23 52938 39317 42 641 494
1705192847.94 52939 39322 5 641 521
1705192848.19 52940 39322 21 641 548
1705192851.79 52941 39325 72 641 624
1705192859.32 52942 39333 16 641 624
1705192861.85 52943 39335 60 641 624
1705192865.99 52944 39339 66 641 613
1705192880.99 52945 39354 58 641 632
1705192889.46 52946 39362 97 641 620
1705192904.93 52947 39378 36 641 623
1705192909.61 52948 39382 95 641 625
1705192946.38 52949 39419 66 641 633
1705192948.94 52950 39422 14 641 618
1705192950.48 52951 39423 59 641 625
1705192960.89 52952 39433 91 641 600
1705192960.98 52953 39433 91 640 531
1705192970.64 52954 39443 50 641 459
1705192972.46 52955 39445 22 641 631
1705192975.11 52956 39447 78 641 627
1705192977.83 52957 39450 40 641 621
1705192981.96 52958 39454 44 641 569
1705192996.94 52959 39469 35 641 596
1705193000.67 52960 39472 99 641 629
1705193002.27 52961 39474 50 641 624
1705193007.04 52962 39479 17 641 606
1705193019.81 52963 39491 86 641 625
1705193022.95 52964 39494 91 641 624
1705193023.63 52965 39495 49 641 579
1705193030.17 52966 39501 95 641 619
1705193031.55 52967 39503 24 641 496
1705193032.65 52968 39504 24 641 573
1705193033.91 52969 39505 41 641 618
1705193037.88 52970 39509 29 641 593
1705193051.43 52971 39522 76 641 493
1705193052.76 52972 39523 99 641 536
1705193053.84 52973 39524 98 641 577
1705193058.72 52974 39529 77 641 510
1705193067.91 52975 39538 88 641 620
1705193069.5 52976 39540 37 641 637
1705193071.66 52977 39542 44 641 619
1705193072.36 52978 39543 4 641 580
1705193073.14 52979 39543 73 641 588
1705193073.25 52980 39543 74 641 536
1705193073.86 52981 39544 26 641 573
1705193082.71 52982 39553 3 641 626
1705193084.76 52983 39554 99 641 624
1705193088.92 52984 39559 6 641 539
1705193105.71 52985 39575 77 641 598
1705193109.26 52986 39579 24 641 619
1705193120.84 52987 39590 74 641 508
1705193143.42 52988 39613 25 641 621
1705193148.55 52989 39618 30 641 536
1705193150.27 52990 39619 93 641 605
1705193154.73 52991 39624 30 641 506
1705193172.82 52992 39642 31 641 625
1705193176.36 52993 39645 77 641 596
1705193177.23 52994 39646 54 641 591
1705193179.26 52995 39648 48 641 626
1705193179.76 52996 39648 88 641 501
1705193180.22 52997 39649 25 641 396
1705193180.72 52998 39649 66 641 569
1705193184.8 52999 39653 66 641 631
1705193187.57 53000 39656 33 641 572
1705193200.22 53001 39668 90 641 627
1705193205.64 53002 39674 23 641 355
1705193210.81 53003 39679 31 641 632
1705193211.98 53004 39680 39 641 561
1705193216.09 53005 39684 41 641 606
1705193217.31 53006 39685 54 641 615
1705193225.96 53007 39694 11 641 628
1705193230.39 53008 39698 45 641 616
1705193255.98 53009 39723 97 641 622
1705193256.75 53010 39724 65 641 583
1705193263.58 53011 39731 40 641 626
1705193267.54 53012 39735 27 641 615
1705193272.35 53013 39739 99 641 629
1705193275.1 53014 39742 65 641 627
1705193275.92 53015 39743 38 641 589
1705193276.02 53016 39743 38 640 532
1705193279.57 53017 39746 85 641 617
1705193280.37 53018 39747 55 641 588
1705193281.02 53019 39748 11 641 579
1705193287.54 53020 39754 54 641 626
1705193295.15 53021 39762 6 641 567
1705193300.59 53022 39767 42 641 621
1705193301.29 53023 39768 3 641 579
1705193301.46 53024 39768 11 641 540
1705193307.58 53025 39774 14 641 617
1705193312.31 53026 39778 78 641 633
1705193317.77 53027 39784 15 641 627
1705193326.54 53028 39792 84 641 621
1705193332.54 53029 39798 74 641 617
1705193348.49 53030 39814 62 641 569
1705193349.2 53031 39815 24 641 580
1705193358.12 53032 39824 8 641 487
1705193361.03 53033 39826 90 641 622
1705193369.23 53034 39835 2 641 463
1705193369.51 53035 39835 20 641 550
1705193378.53 53036 39844 14 641 617
1705193380.09 53037 39845 61 641 586
1705193395.18 53038 39860 63 641 625
1705193395.83 53039 39861 18 641 575
1705193398.39 53040 39863 65 641 624
1705193399.95 53041 39865 12 641 634
1705193400.05 53042 39865 13 640 529
1705193400.73 53043 39865 72 641 587
1705193404.36 53044 39869 26 641 569
1705193410.64 53045 39875 45 641 497
1705193416.02 53046 39880 74 641 625
1705193416.98 53047 39881 61 641 596
1705193417.18 53048 39881 71 641 543
1705193428.41 53049 39892 86 641 615
1705193433.47 53050 39897 84 641 623
1705193439.5 53051 39903 78 641 584
1705193446.91 53052 39911 11 641 528
1705193450.13 53053 39914 24 641 623
1705193452.91 53054 39916 92 641 624
1705193454.8 53055 39918 72 641 529
1705193462.78 53056 39926 62 641 622
1705193465.55 53057 39929 30 641 627
1705193474.47 53058 39938 13 641 601
1705193493.75 53059 39957 35 641 599
1705193513.38 53060 39976 91 641 626
1705193523.7 53061 39987 14 641 624
1705193526.73 53062 39990 9 641 600
1705193537.12 53063 40000 40 641 327
1705193537.47 53064 40000 65 641 555
1705193539.42 53065 40002 51 641 622
1705193540.94 53066 40003 93 641 621
1705193553.13 53067 40016 5 641 626
1705193564.41 53068 40027 24 641 630
1705193566.02 53069 40028 76 641 625
1705193571.06 53070 40033 71 641 625
1705193573.1 53071 40035 66 641 504
1705193575.7 53072 40038 17 641 576
1705193586.27 53073 40048 65 641 609
1705193594.87 53074 40057 17 641 609
1705193603.56 53075 40065 77 641 427
1705193607.97 53076 40070 9 641 622
1705193611.92 53077 40073 96 641 435
1705193616.51 53078 40078 46 641 627
1705193618.13 53079 40079 99 641 608
1705193619.28 53080 40081 5 641 594
1705193619.91 53081 40081 59 641 579
1705193621.1 53082 40082 68 641 618
1705193630.11 53083 40091 60 641 531
1705193634.16 53084 40095 57 641 620
1705193640.03 53085 40101 36 641 610
1705193640.92 53086 40102 16 641 438
1705193642.02 53087 40103 16 641 579
1705193644.05 53088 40105 10 641 623
1705193644.45 53089 40105 41 641 561
1705193649.61 53090 40110 48 641 617
1705193659.1 53091 40119 88 641 627
1705193659.2 53092 40119 88 640 532
1705193662.31 53093 40122 91 641 580
1705193662.52 53094 40123 3 641 547
1705193670.95 53095 40131 38 641 512
1705193671.32 53096 40131 65 641 556
1705193675.26 53097 40135 50 641 613
1705193676.4 53098 40136 55 641 559
1705193677.06 53099 40137 11 641 579
1705193678.12 53100 40138 7 641 605
1705193693.6 53101 40153 48 641 621
1705193703.03 53102 40162 83 641 629
1705193715.07 53103 40174 78 641 632
1705193723.11 53104 40182 74 641 634
1705193731.76 53105 40191 30 641 623
1705193734.59 53106 40194 4 641 626
1705193743.79 53107 40203 16 641 477
1705193753.62 53108 40212 91 641 630
1705193755.55 53109 40214 75 641 609
1705193760.3 53110 40219 41 641 627
1705193760.83 53111 40219 84 641 566
1705193760.93 53112 40219 84 640 533
1705193768.19 53113 40227 3 641 611
1705193769.11 53114 40227 86 641 595
1705193772.02 53115 40230 68 641 624
1705193777.24 53116 40235 81 641 622
1705193778.65 53117 40237 12 641 614
1705193786.48 53118 40244 87 641 633
1705193804.0 53119 40262 31 641 624
1705193811.3 53120 40269 52 641 620
1705193812.26 53121 40270 39 641 596
1705193812.75 53122 40270 78 641 566
1705193816.36 53123 40274 30 641 630
1705193822.06 53124 40279 91 641 566
1705193822.71 53125 40280 46 641 575
1705193823.87 53126 40281 53 641 611
1705193830.41 53127 40287 98 641 624
1705193831.57 53128 40289 5 641 610
1705193836.41 53129 40293 80 641 631
1705193842.89 53130 40300 19 641 625
1705193860.29 53131 40317 52 641 625
1705193863.12 53132 40320 26 641 630
1705193868.71 53133 40325 76 641 601
1705193873.79 53134 40330 75 641 627
1705193878.8 53135 40335 67 641 619
1705193883.0 53136 40339 78 641 621
1705193890.86 53137 40347 56 641 530
1705193907.67 53138 40364 29 641 403
1705193920.67 53139 40377 22 641 568
1705193922.1 53140 40378 56 641 628
1705193927.89 53141 40384 26 641 623
1705193945.0 53142 40401 29 641 623
1705193950.59 53143 40406 79 641 616
1705193952.7 53144 40408 81 641 628
1705193954.98 53145 40411 0 641 599
1705193964.11 53146 40420 5 641 629
1705193964.35 53147 40420 21 641 546
1705193964.63 53148 40420 39 641 551
1705193971.11 53149 40426 78 641 451
1705193971.78 53150 40427 36 641 577
1705193985.21 53151 40440 71 641 415
1705193989.03 53152 40444 44 641 537
1705193991.04 53153 40446 36 641 621
1705193992.65 53154 40447 88 641 629
1705193996.72 53155 40451 86 641 632
1705194002.62 53156 40457 68 641 593
1705194011.8 53157 40466 78 641 623
1705194013.96 53158 40468 84 641 626
1705194024.93 53159 40479 73 641 617
1705194032.87 53160 40487 58 641 617
1705194048.31 53161 40502 95 641 622
1705194052.51 53162 40507 6 641 608
1705194054.38 53163 40508 84 641 616
1705194063.7 53164 40518 8 641 628
1705194079.91 53165 40534 21 641 606
1705194085.21 53166 40539 43 641 627
1705194088.5 53167 40542 62 641 625
1705194089.28 53168 40543 32 641 585
1705194099.54 53169 40553 49 641 540
1705194101.01 53170 40554 87 641 609
1705194105.2 53171 40558 97 641 591
1705194107.44 53172 40561 11 641 627
1705194115.43 53173 40569 3 641 626
1705194116.02 53174 40569 53 641 569
1705194120.57 53175 40573 99 641 586
1705194124.69 53176 40578 2 641 602
1705194132.21 53177 40585 46 641 536
1705194133.07 53178 40586 23 641 591
1705194133.72 53179 40586 78 641 577
1705194140.06 53180 40593 4 641 612
1705194143.48 53181 40596 36 641 622
1705194147.64 53182 40600 44 641 626
1705194155.1 53183 40607 80 641 627
1705194159.87 53184 40612 49 641 624
1705194162.07 53185 40614 59 641 628
1705194168.7 53186 40621 13 641 626
1705194169.75 53187 40622 9 641 604
1705194177.43 53188 40629 69 641 625
1705194178.66 53189 40630 83 641 577
1705194179.32 53190 40631 40 641 578
1705194181.5 53191 40633 49 641 626
1705194191.16 53192 40643 7 641 576
1705194203.76 53193 40655 59 641 618
1705194220.93 53194 40672 68 641 576
1705194223.01 53195 40674 67 641 611
1705194225.88 53196 40677 44 641 625
1705194229.56 53197 40681 3 641 631
