1707868801.38 5521 17871 33 641 560
1707868801.65 5522 17871 51 641 557
1707868805.11 5523 17874 88 641 631
1707868816.97 5524 17886 66 641 619
1707868817.39 5525 17887 0 641 577
1707868827.63 5526 17897 16 641 624
1707868830.69 5527 17900 14 641 619
1707868832.66 5528 17902 2 641 620
1707868839.2 5529 17908 48 641 616
1707868853.61 5530 17922 82 641 627
1707868856.25 5531 17925 37 641 610
1707868868.79 5532 17937 83 641 603
1707868871.22 5533 17940 18 641 607
1707868874.64 5534 17943 51 641 623
1707868875.85 5535 17944 63 641 626
1707868877.88 5536 17946 56 641 628
1707868886.51 5537 17955 12 641 624
1707868888.43 5538 17956 95 641 612
1707868892.24 5539 17960 68 641 625
1707868901.5 5540 17969 86 641 622
1707868906.94 5541 17975 21 641 581
1707868912.45 5542 17980 64 641 626
1707868925.09 5543 17993 20 641 628
1707868949.61 5544 18017 66 641 627
1707868955.3 5545 18023 27 641 628
1707868969.9 5546 18037 79 641 627
1707868975.47 5547 18043 28 641 619
1707868978.66 5548 18046 38 641 628
1707868980.08 5549 18047 71 641 624
1707868983.78 5550 18051 32 641 628
1707868988.59 5551 18056 5 641 624
1707868998.04 5552 18065 42 641 624
1707869021.0 5553 18088 31 641 630
1707869056.79 5554 18124 5 641 613
1707869066.78 5555 18133 96 641 616
1707869073.67 5556 18140 77 641 624
1707869082.67 5557 18149 70 641 579
1707869093.01 5558 18159 95 641 624
1707869093.1 5559 18159 95 640 535
1707869099.14 5560 18165 92 641 618
1707869101.25 5561 18167 94 641 612
1707869104.09 5562 18170 68 641 625
1707869111.03 5563 18177 54 641 621
1707869111.21 5564 18177 62 641 548
1707869115.74 5565 18182 7 641 621
1707869117.45 5566 18183 69 641 628
1707869118.55 5567 18184 70 641 600
1707869142.79 5568 18208 87 641 629
1707869144.92 5569 18210 92 641 621
1707869181.27 5570 18247 22 641 620
1707869201.24 5571 18267 12 641 515
1707869216.74 5572 18282 54 641 628
1707869227.01 5573 18292 74 641 623
1707869230.17 5574 18295 81 641 591
1707869232.85 5575 18298 40 641 601
1707869235.99 5576 18301 45 641 591
1707869236.55 5577 18301 92 641 588
1707869269.51 5578 18334 82 641 607
1707869274.3 5579 18339 53 641 590
1707869278.97 5580 18344 12 641 627
1707869288.02 5581 18353 9 641 608
1707869293.98 5582 18358 97 641 630
1707869299.24 5583 18364 15 641 623
1707869304.14 5584 18368 96 641 620
1707869304.31 5585 18369 5 641 548
1707869306.54 5586 18371 19 641 615
1707869307.83 5587 18372 40 641 618
1707869312.9 5588 18377 38 641 623
1707869322.86 5589 18387 26 641 581
1707869329.72 5590 18394 4 641 617
1707869346.05 5591 18410 30 641 632
