1707955210.31 16785 37803 74 641 627
1707955225.41 16786 37818 76 641 619
1707955237.37 16787 37830 64 641 628
1707955243.74 16788 37836 92 641 594
1707955243.86 16789 37836 95 641 541
1707955253.06 16790 37846 7 641 627
1707955259.25 16791 37852 18 641 628
1707955261.32 16792 37854 16 641 627
1707955274.62 16793 37867 38 641 480
1707955299.43 16794 37892 12 641 549
1707955315.06 16795 37907 67 641 630
1707955319.92 16796 37912 44 641 623
1707955320.22 16797 37912 64 641 558
1707955361.09 16798 37953 47 641 582
1707955377.95 16799 37970 25 641 630
1707955379.45 16800 37971 66 641 604
1707955381.41 16801 37973 52 641 633
1707955381.51 16802 37973 52 640 533
1707955389.76 16803 37981 70 641 632
1707955391.57 16804 37983 41 641 630
1707955400.32 16805 37992 8 641 535
1707955408.97 16806 38000 65 641 633
1707955423.6 16807 38015 20 641 612
1707955424.25 16808 38015 76 641 578
1707955425.8 16809 38017 21 641 616
1707955426.14 16810 38017 45 641 567
1707955426.67 16811 38017 89 641 592
1707955434.65 16812 38025 79 641 615
1707955449.77 16813 38040 83 641 528
1707955462.75 16814 38053 73 641 543
1707955469.27 16815 38060 17 641 632
1707955474.53 16816 38065 34 641 627
1707955478.1 16817 38068 82 641 632
1707955480.15 16818 38070 78 641 614
1707955481.29 16819 38071 82 641 422
1707955516.17 16820 38106 65 641 628
1707955516.85 16821 38107 24 641 598
1707955521.29 16822 38111 59 641 625
1707955531.14 16823 38121 36 641 594
1707955534.05 16824 38124 18 641 624
1707955539.56 16825 38129 60 641 626
1707955540.74 16826 38130 69 641 622
1707955545.7 16827 38135 56 641 578
1707955546.26 16828 38136 3 641 589
1707955557.82 16829 38147 51 641 423
1707955564.69 16830 38154 29 640 400
1707955581.77 16831 38171 29 641 627
1707955593.57 16832 38183 1 641 625
1707955596.09 16833 38185 45 641 617
1707955602.69 16834 38191 95 641 596
1707955603.81 16835 38192 98 641 533
1707955618.98 16836 38208 8 641 615
1707955623.82 16837 38212 83 641 630
1707955625.4 16838 38214 32 641 620
1707955627.77 16839 38216 59 641 584
1707955639.32 16840 38228 6 641 626
1707955659.94 16841 38248 61 641 625
1707955670.24 16842 38258 82 641 576
1707955672.04 16843 38260 53 641 629
1707955673.14 16844 38261 54 641 608
1707955673.31 16845 38261 62 641 544
1707955682.52 16846 38270 74 641 586
1707955687.89 16847 38276 3 641 590
1707955711.16 16848 38299 23 641 614
1707955712.38 16849 38300 35 641 630
1707955714.62 16850 38302 50 641 628
1707955721.06 16851 38308 85 641 624
1707955723.92 16852 38311 62 641 624
1707955724.24 16853 38311 84 641 560
1707955727.06 16854 38314 57 641 625
1707955727.18 16855 38314 60 641 540
1707955727.67 16856 38315 0 641 591
1707955734.89 16857 38322 13 641 583
1707955738.41 16858 38325 56 641 622
1707955742.49 16859 38329 55 641 629
1707955752.67 16860 38339 64 641 576
1707955753.97 16861 38340 85 641 628
1707955758.03 16862 38344 82 641 578
1707955761.23 16863 38347 93 641 611
1707955761.73 16864 38348 34 641 584
1707955765.32 16865 38351 84 641 589
1707955770.91 16866 38357 34 641 633
1707955819.96 16867 38406 35 641 620
1707955821.27 16868 38407 57 641 621
1707955828.41 16869 38414 62 641 626
1707955834.39 16870 38420 51 641 480
1707955860.22 16871 38446 27 641 625
1707955863.87 16872 38449 83 641 524
1707955863.97 16873 38449 83 640 529
1707955874.06 16874 38459 85 641 536
1707955878.63 16875 38464 33 641 615
1707955880.19 16876 38465 80 641 622
1707955894.48 16877 38480 1 641 615
1707955897.19 16878 38482 62 641 477
1707955899.99 16879 38485 33 641 624
1707955905.58 16880 38490 83 641 559
1707955916.09 16881 38501 25 641 600
1707955917.38 16882 38502 45 641 620
1707955923.55 16883 38508 53 641 486
1707955928.31 16884 38513 20 641 541
1707955933.92 16885 38518 73 641 525
1707955936.66 16886 38521 38 641 626
1707955940.65 16887 38525 28 641 622
1707955940.8 16888 38525 33 641 544
1707955942.13 16889 38526 57 641 622
1707955957.64 16890 38542 0 640 631
1707955966.03 16891 38550 31 641 610
1707955986.76 16892 38570 96 641 625
1707955988.71 16893 38572 82 641 505
1707955998.96 16894 38582 99 641 630
1707956020.67 16895 38604 62 641 626
1707956021.0 16896 38604 85 641 567
1707956021.62 16897 38605 38 641 598
1707956026.94 16898 38610 61 641 630
1707956028.8 16899 38612 37 641 614
1707956031.91 16900 38615 39 641 628
1707956038.38 16901 38621 78 641 619
1707956044.83 16902 38628 14 641 620
1707956047.49 16903 38630 71 641 604
1707956061.34 16904 38644 48 640 628
1707956073.11 16905 38656 17 641 613
1707956074.98 16906 38657 95 641 615
1707956082.72 16907 38665 60 641 622
1707956085.12 16908 38667 91 641 579
1707956119.52 16909 38702 25 641 570
1707956124.69 16910 38707 33 641 627
1707956133.68 16911 38716 24 641 615
1707956142.04 16912 38724 51 641 608
1707956143.3 16913 38725 67 641 613
1707956147.72 16914 38730 0 641 621
1707956154.82 16915 38737 1 641 558
1707956157.02 16916 38739 12 641 568
1707956163.58 16917 38745 59 641 628
1707956169.29 16918 38751 21 641 622
1707956181.49 16919 38763 33 641 601
1707956183.22 16920 38764 97 641 624
1707956188.49 16921 38770 14 641 622
1707956194.28 16922 38775 85 641 538
1707956206.53 16923 38788 2 641 598
1707956208.07 16924 38789 47 641 621
1707956223.14 16925 38804 46 641 632
1707956247.2 16926 38828 45 641 610
1707956253.16 16927 38834 32 641 536
1707956289.98 16928 38871 8 641 555
1707956293.82 16929 38874 84 641 621
1707956304.77 16930 38885 71 641 624
1707956306.96 16931 38887 80 641 630
1707956319.04 16932 38899 81 641 618
1707956340.91 16933 38921 61 641 624
1707956349.02 16934 38929 63 641 623
1707956351.51 16935 38932 3 641 627
1707956353.99 16936 38934 43 641 540
1707956361.13 16937 38941 49 641 620
1707956366.55 16938 38946 82 641 627
1707956383.74 16939 38963 93 641 629
1707956414.89 16940 38995 2 641 613
1707956421.34 16941 39001 38 641 560
1707956427.31 16942 39007 26 641 524
1707956430.28 16943 39010 14 641 524
1707956432.01 16944 39011 78 641 616
1707956436.97 16945 39016 65 641 524
1707956452.38 16946 39031 99 641 617
1707956458.74 16947 39038 26 641 627
1707956468.15 16948 39047 59 641 514
1707956473.31 16949 39052 67 641 463
1707956473.71 16950 39052 97 641 574
1707956495.75 16951 39074 94 641 625
1707956502.37 16952 39081 47 641 629
1707956506.2 16953 39085 21 641 630
1707956507.31 16954 39086 23 641 612
1707956509.67 16955 39088 49 641 614
1707956517.81 16956 39096 55 641 499
1707956524.72 16957 39103 38 641 627
1707956532.09 16958 39110 66 641 607
1707956535.87 16959 39114 36 641 582
1707956542.78 16960 39121 18 641 630
1707956548.52 16961 39126 82 641 627
1707956553.37 16962 39131 58 641 634
1707956557.87 16963 39135 99 641 625
1707956558.48 16964 39136 52 641 593
1707956568.17 16965 39146 12 641 632
1707956589.8 16966 39167 68 641 618
1707956597.96 16967 39175 76 641 626
1707956613.26 16968 39190 98 641 624
1707956625.24 16969 39202 88 641 567
1707956627.57 16970 39205 11 641 564
1707956638.45 16971 39215 91 641 568
1707956639.09 16972 39216 46 641 600
1707956639.55 16973 39216 82 641 578
1707956652.83 16974 39230 2 641 603
1707956654.81 16975 39231 91 641 630
1707956665.96 16976 39242 98 641 551
1707956669.17 16977 39246 10 641 543
1707956680.28 16978 39257 13 641 628
1707956682.15 16979 39258 91 641 609
1707956699.5 16980 39276 19 641 597
1707956707.16 16981 39283 76 641 632
1707956731.72 16982 39308 25 641 502
1707956737.47 16983 39313 91 641 612
1707956739.31 16984 39315 66 641 623
1707956743.34 16985 39319 60 641 617
1707956745.58 16986 39321 75 641 600
1707956765.17 16987 39341 27 641 501
1707956777.26 16988 39353 28 641 595
1707956777.75 16989 39353 68 641 581
1707956779.18 16990 39355 1 641 624
1707956785.38 16991 39361 13 641 556
1707956806.29 16992 39381 97 641 621
1707956806.87 16993 39382 46 641 591
1707956829.48 16994 39405 0 641 626
1707956843.23 16995 39418 68 641 583
1707956843.84 16996 39419 19 641 594
1707956844.59 16997 39419 84 641 611
1707956885.46 16998 39460 66 641 625
1707956904.36 16999 39479 49 641 630
1707956909.39 17000 39484 43 641 608
1707956917.19 17001 39492 14 641 624
