1706400002.2 50555 50163 82 641 626
1706400010.99 50556 50172 52 641 572
1706400012.98 50557 50174 43 641 623
1706400015.89 50558 50177 24 641 588
1706400024.19 50559 50185 46 641 574
1706400029.07 50560 50190 25 641 579
1706400048.76 50561 50209 87 641 629
1706400048.97 50562 50209 98 641 547
1706400052.44 50563 50213 37 641 620
1706400054.41 50564 50215 24 641 615
1706400057.74 50565 50218 48 641 626
1706400068.42 50566 50229 7 641 628
1706400070.01 50567 50230 58 641 591
1706400078.65 50568 50239 13 641 636
1706400092.54 50569 50252 95 641 632
1706400098.78 50570 50259 10 641 586
1706400100.36 50571 50260 59 641 619
1706400113.51 50572 50273 66 641 630
1706400113.75 50573 50273 81 641 554
1706400114.35 50574 50274 32 641 558
1706400123.36 50575 50283 25 641 622
1706400125.42 50576 50285 22 641 632
1706400126.27 50577 50285 97 641 608
1706400131.97 50578 50291 59 641 630
1706400140.64 50579 50300 17 641 630
1706400145.59 50580 50305 3 641 629
1706400157.68 50581 50317 5 641 630
1706400164.16 50582 50323 44 641 543
1706400167.29 50583 50326 48 641 634
1706400168.03 50584 50327 13 641 564
1706400180.27 50585 50339 29 641 548
1706400181.12 50586 50340 5 641 608
1706400181.72 50587 50340 55 641 586
1706400183.65 50588 50342 39 641 637
1706400187.17 50589 50345 82 641 388
1706400193.96 50590 50352 52 641 623
1706400194.33 50591 50352 79 641 563
1706400199.29 50592 50357 66 641 605
1706400207.15 50593 50365 44 641 617
1706400207.35 50594 50365 54 641 547
1706400217.43 50595 50375 54 641 459
1706400231.79 50596 50389 82 641 609
1706400236.6 50597 50394 54 641 622
1706400239.38 50598 50397 23 641 630
1706400251.22 50599 50408 99 641 624
1706400253.15 50600 50410 83 640 420
1706400263.11 50601 50420 70 641 608
1706400269.73 50602 50427 24 641 627
1706400280.26 50603 50437 68 641 609
1706400296.62 50604 50453 97 641 529
1706400300.36 50605 50457 62 641 622
1706400305.75 50606 50462 93 641 523
1706400306.95 50607 50464 4 641 627
1706400322.46 50608 50479 47 641 626
1706400329.99 50609 50486 91 641 630
1706400330.47 50610 50487 29 641 575
1706400334.68 50611 50491 41 641 628
1706400338.71 50612 50495 34 641 630
1706400356.94 50613 50513 50 641 626
1706400365.49 50614 50521 96 641 626
1706400367.38 50615 50523 77 641 613
1706400369.12 50616 50525 41 641 628
1706400369.5 50617 50525 70 641 564
1706400387.79 50618 50543 92 641 624
1706400392.18 50619 50548 22 641 622
1706400394.11 50620 50550 6 641 612
1706400395.81 50621 50551 67 641 630
1706400396.94 50622 50552 70 641 628
1706400403.84 50623 50559 52 641 628
1706400409.21 50624 50564 80 641 615
1706400419.19 50625 50574 69 641 625
1706400422.88 50626 50578 30 641 628
1706400442.76 50627 50598 10 641 625
1706400442.86 50628 50598 10 640 532
1706400450.39 50629 50605 55 641 501
1706400456.3 50630 50611 37 641 631
1706400459.13 50631 50614 12 641 625
1706400464.34 50632 50619 23 641 625
1706400473.21 50633 50628 2 641 602
1706400484.25 50634 50638 98 641 632
1706400485.36 50635 50640 0 641 627
1706400497.22 50636 50651 78 641 618
1706400508.11 50637 50662 58 641 531
1706400508.21 50638 50662 58 640 534
1706400517.0 50639 50671 30 641 573
1706400517.1 50640 50671 30 640 533
1706400519.43 50641 50673 55 641 612
1706400521.57 50642 50675 60 641 627
1706400533.75 50643 50687 70 641 626
1706400538.27 50644 50692 13 641 624
1706400545.6 50645 50699 38 641 627
1706400556.66 50646 50710 34 635 140
1706400556.75 50647 50710 35 641 534
1706400557.99 50648 50711 50 641 617
1706400559.48 50649 50712 89 641 631
1706400565.79 50650 50719 11 641 633
1706400566.67 50651 50719 90 641 471
1706400578.82 50652 50731 96 641 624
1706400590.26 50653 50743 32 641 627
1706400591.81 50654 50744 79 641 634
1706400592.6 50655 50745 48 641 603
1706400616.67 50656 50769 48 641 593
1706400619.91 50657 50772 64 641 630
1706400630.48 50658 50783 13 641 627
1706400636.8 50659 50789 36 641 541
1706400641.98 50660 50794 46 641 624
1706400648.2 50661 50800 58 641 627
1706400663.61 50662 50815 91 641 621
1706400664.64 50663 50816 85 641 621
1706400667.48 50664 50819 60 641 539
1706400667.92 50665 50819 95 641 570
1706400685.65 50666 50837 60 641 626
1706400686.75 50667 50838 60 641 626
1706400709.88 50668 50861 66 641 561
1706400711.9 50669 50863 59 641 611
1706400724.73 50670 50876 33 641 629
1706400732.58 50671 50884 11 641 601
1706400735.11 50672 50886 55 641 620
1706400740.5 50673 50891 85 641 614
1706400742.93 50674 50894 19 641 624
1706400757.03 50675 50908 21 641 611
1706400759.49 50676 50910 57 635 140
1706400785.42 50677 50936 44 641 623
1706400785.52 50678 50936 44 640 532
1706400792.88 50679 50943 72 641 623
1706400796.0 50680 50946 75 641 627
1706400806.0 50681 50956 66 641 612
1706400809.79 50682 50960 36 641 599
1706400815.88 50683 50966 36 641 624
1706400817.81 50684 50968 20 641 406
1706400829.24 50685 50979 54 641 626
1706400848.94 50686 50999 17 641 629
1706400850.94 50687 51001 8 641 545
1706400859.41 50688 51009 46 641 630
1706400873.67 50689 51023 65 641 629
1706400874.08 50690 51023 96 641 567
1706400884.63 50691 51034 43 641 610
1706400884.73 50692 51034 43 640 531
1706400886.79 50693 51036 41 641 621
1706400889.29 50694 51038 82 641 628
1706400907.64 50695 51057 10 641 561
1706400919.89 50696 51069 26 641 630
1706400920.74 50697 51070 2 641 610
1706400923.47 50698 51072 66 641 629
1706400924.03 50699 51073 13 641 584
1706400924.35 50700 51073 35 641 563
1706400925.22 50701 51074 13 641 594
1706400940.54 50702 51089 37 641 627
1706400943.36 50703 51092 10 641 556
1706400943.49 50704 51092 14 641 535
1706400962.58 50705 51111 16 641 580
1706400972.72 50706 51121 22 641 625
1706400973.23 50707 51121 63 641 575
1706400976.87 50708 51125 18 641 628
1706400978.71 50709 51126 94 641 624
1706400987.03 50710 51135 17 641 591
1706400990.47 50711 51138 52 641 499
1706400991.81 50712 51139 77 641 623
1706400996.35 50713 51144 22 641 625
1706401001.99 50714 51149 77 641 535
1706401006.11 50715 51153 81 641 600
1706401006.29 50716 51153 89 641 544
1706401008.24 50717 51155 75 641 629
1706401008.52 50718 51155 94 641 521
1706401009.97 50719 51157 30 641 554
1706401022.71 50720 51169 95 641 589
1706401026.32 50721 51173 47 641 620
1706401032.29 50722 51179 34 641 617
1706401032.88 50723 51179 84 641 585
1706401035.65 50724 51182 51 641 623
1706401044.03 50725 51190 80 641 630
1706401044.75 50726 51191 43 641 597
1706401045.64 50727 51192 23 641 614
1706401050.64 50728 51197 14 641 525
1706401055.9 50729 51202 31 641 624
1706401056.49 50730 51202 81 641 585
1706401056.89 50731 51203 12 641 570
1706401057.22 50732 51203 35 641 564
1706401061.79 50733 51207 84 641 623
1706401069.8 50734 51215 77 641 623
1706401072.0 50735 51217 88 641 625
1706401074.43 50736 51220 21 641 630
1706401075.35 50737 51221 4 641 611
1706401077.13 50738 51222 73 641 628
1706401082.54 50739 51228 5 641 487
1706401083.18 50740 51228 60 641 592
1706401085.51 50741 51230 84 641 623
1706401089.0 50742 51234 24 641 503
1706401096.14 50743 51241 29 641 629
1706401107.32 50744 51252 39 641 619
1706401109.04 50745 51254 2 641 628
1706401109.71 50746 51254 59 641 591
1706401111.31 50747 51256 10 641 562
1706401121.46 50748 51266 17 641 625
1706401128.17 50749 51272 79 641 630
1706401138.99 50750 51283 53 641 622
1706401142.75 50751 51287 21 641 625
1706401152.76 50752 51297 13 641 620
1706401156.0 50753 51300 27 641 631
1706401180.58 50754 51324 79 641 628
1706401195.42 50755 51339 54 641 622
1706401202.68 50756 51346 72 641 630
1706401214.96 50757 51358 91 641 625
1706401237.34 50758 51381 22 641 629
1706401250.82 50759 51394 62 641 625
1706401250.98 50760 51394 69 641 543
1706401251.75 50761 51395 37 641 604
1706401256.68 50762 51400 20 641 624
1706401262.63 50763 51406 6 641 598
1706401264.32 50764 51407 67 641 614
1706401264.57 50765 51407 83 641 555
1706401274.19 50766 51417 36 641 631
1706401275.42 50767 51418 50 641 619
1706401285.04 50768 51428 4 641 621
1706401286.66 50769 51429 56 641 628
1706401301.76 50770 51444 59 641 625
1706401308.55 50771 51451 29 641 626
1706401312.15 50772 51454 80 641 622
1706401314.53 50773 51457 9 641 598
1706401317.08 50774 51459 55 641 623
1706401320.87 50775 51463 25 641 623
1706401322.5 50776 51464 79 641 625
1706401329.12 50777 51471 32 641 626
1706401341.33 50778 51483 45 641 618
1706401359.46 50779 51501 50 641 629
1706401362.01 50780 51503 96 641 625
1706401376.51 50781 51518 38 641 630
1706401377.43 50782 51519 20 641 611
1706401380.42 50783 51522 10 641 528
1706401385.23 50784 51526 83 641 587
1706401386.23 50785 51527 73 641 621
1706401396.78 50786 51538 19 641 632
1706401398.78 50787 51540 11 641 624
1706401399.12 50788 51540 35 641 561
1706401412.43 50789 51553 59 641 632
1706401413.0 50790 51554 6 641 463
1706401415.55 50791 51556 52 641 531
1706401421.33 50792 51562 21 641 628
1706401426.66 50793 51567 46 641 615
1706401431.77 50794 51572 48 641 519
1706401440.76 50795 51581 38 641 600
1706401442.25 50796 51582 78 641 623
1706401446.12 50797 51586 56 641 624
1706401455.11 50798 51595 46 641 600
1706401476.12 50799 51616 40 641 587
1706401484.33 50800 51624 52 641 590
1706401489.94 50801 51630 5 641 625
1706401490.87 50802 51630 89 641 448
1706401496.31 50803 51636 24 641 589
1706401502.96 50804 51642 80 641 624
1706401512.39 50805 51652 15 641 627
1706401516.19 50806 51655 86 641 456
1706401518.82 50807 51658 40 641 627
1706401522.87 50808 51662 36 641 572
1706401544.12 50809 51683 54 641 632
1706401551.89 50810 51691 22 641 562
1706401553.86 50811 51693 10 641 621
1706401555.24 50812 51694 39 641 618
1706401557.6 50813 51696 65 641 620
1706401562.92 50814 51701 89 641 613
1706401563.72 50815 51702 59 641 604
1706401566.08 50816 51704 86 641 631
1706401576.34 50817 51715 4 641 627
1706401587.47 50818 51726 9 641 554
1706401595.33 50819 51733 87 641 630
1706401597.09 50820 51735 54 641 631
1706401600.81 50821 51739 16 641 628
1706401607.44 50822 51745 71 641 624
1706401611.66 50823 51749 84 641 610
1706401614.84 50824 51752 93 641 622
1706401616.61 50825 51754 61 641 628
1706401617.41 50826 51755 32 641 604
1706401617.63 50827 51755 44 641 551
1706401620.11 50828 51757 83 641 633
1706401632.38 50829 51770 2 641 631
1706401637.06 50830 51774 61 641 627
1706401640.85 50831 51778 31 641 627
1706401647.44 50832 51784 81 641 631
1706401656.95 50833 51794 24 641 608
1706401660.57 50834 51797 76 641 619
1706401661.36 50835 51798 46 641 604
1706401662.64 50836 51799 65 641 599
1706401662.92 50837 51799 83 641 552
1706401678.16 50838 51815 0 641 594
1706401678.28 50839 51815 3 641 538
1706401686.25 50840 51822 92 641 629
1706401688.37 50841 51824 95 641 635
1706401692.96 50842 51829 45 641 633
1706401701.96 50843 51838 36 641 586
1706401702.39 50844 51838 70 641 499
1706401738.31 50845 51874 57 641 627
1706401747.12 50846 51883 29 641 618
1706401749.51 50847 51885 59 641 632
1706401755.65 50848 51891 65 641 625
1706401758.68 50849 51894 58 641 621
1706401763.29 50850 51899 10 641 529
1706401764.68 50851 51900 39 641 593
1706401784.91 50852 51920 55 641 629
1706401797.0 50853 51932 56 641 624
1706401800.36 50854 51935 83 641 624
1706401814.33 50855 51949 72 641 623
1706401815.29 50856 51950 59 641 616
1706401822.83 50857 51958 4 641 618
1706401830.95 50858 51966 8 641 572
1706401835.79 50859 51970 84 641 609
1706401840.36 50860 51975 32 641 630
1706401849.36 50861 51984 24 641 630
1706401856.78 50862 51991 57 641 632
1706401887.06 50863 52021 79 641 627
1706401893.7 50864 52028 34 641 633
1706401903.91 50865 52038 47 641 624
1706401927.42 50866 52061 92 641 626
1706401941.34 50867 52075 75 641 623
1706401942.9 50868 52077 22 641 627
1706401960.35 50869 52094 60 641 623
1706401962.59 50870 52096 75 641 628
1706401971.22 50871 52105 29 641 599
1706401973.01 50872 52106 99 641 624
1706401985.3 50873 52119 19 641 609
1706401985.39 50874 52119 19 640 531
1706401989.58 50875 52123 29 641 630
1706402001.47 50876 52135 10 641 624
1706402001.62 50877 52135 15 641 538
1706402002.1 50878 52135 53 641 547
1706402003.59 50879 52136 93 641 606
1706402004.99 50880 52138 24 641 626
1706402006.58 50881 52139 74 641 621
1706402009.61 50882 52142 68 641 632
1706402035.82 50883 52168 82 641 623
1706402040.0 50884 52172 92 641 586
1706402044.52 50885 52177 35 641 620
1706402046.2 50886 52178 93 641 629
1706402050.61 50887 52183 25 641 568
1706402051.1 50888 52183 65 641 576
1706402056.83 50889 52189 29 641 630
1706402068.55 50890 52200 93 641 609
1706402075.41 50891 52207 70 641 363
1706402078.66 50892 52210 86 641 619
1706402078.76 50893 52210 86 640 534
1706402085.07 50894 52217 10 641 628
1706402095.87 50895 52227 82 641 627
1706402101.16 50896 52233 2 641 622
1706402116.16 50897 52247 94 641 616
1706402119.28 50898 52250 97 641 560
1706402137.94 50899 52269 56 641 570
1706402149.94 50900 52281 48 641 617
1706402155.93 50901 52287 39 641 629
1706402156.64 50902 52288 0 641 592
1706402158.63 50903 52289 90 641 591
1706402162.8 50904 52293 98 641 619
1706402164.9 50905 52295 99 641 630
1706402165.68 50906 52296 67 641 600
1706402170.68 50907 52301 58 641 632
1706402177.42 50908 52308 23 641 622
1706402177.52 50909 52308 23 640 532
1706402177.63 50910 52308 26 641 537
1706402187.76 50911 52318 31 641 541
1706402201.08 50912 52331 55 641 618
1706402203.03 50913 52333 41 641 579
1706402208.59 50914 52338 89 641 624
1706402210.0 50915 52340 21 641 626
1706402222.32 50916 52352 44 641 624
1706402224.84 50917 52354 86 641 497
1706402226.62 50918 52356 55 641 555
1706402231.69 50919 52361 53 641 629
1706402232.17 50920 52361 91 641 575
1706402240.93 50921 52370 59 641 601
1706402241.43 50922 52371 1 641 577
1706402247.87 50923 52377 36 641 622
1706402248.05 50924 52377 44 641 545
1706402257.89 50925 52387 21 641 523
1706402258.57 50926 52387 79 641 591
1706402262.99 50927 52392 13 641 551
1706402263.09 50928 52392 13 640 532
1706402266.93 50929 52395 89 641 617
1706402271.64 50930 52400 51 641 627
1706402280.58 50931 52409 36 641 600
1706402289.44 50932 52418 14 641 618
1706402291.37 50933 52419 97 641 627
1706402292.4 50934 52420 91 641 623
1706402295.16 50935 52423 59 641 629
1706402296.72 50936 52425 6 641 593
1706402300.44 50937 52428 69 641 614
1706402306.39 50938 52434 55 641 593
1706402317.02 50939 52445 10 641 590
1706402318.96 50940 52446 94 641 632
1706402334.95 50941 52462 86 641 624
1706402340.95 50942 52468 77 641 622
1706402344.4 50943 52472 13 641 621
1706402348.35 50944 52475 99 641 630
1706402358.95 50945 52486 51 641 601
1706402361.31 50946 52488 77 641 623
1706402361.89 50947 52489 27 641 584
1706402364.13 50948 52491 42 641 624
1706402371.79 50949 52499 0 641 624
1706402372.75 50950 52499 86 641 612
1706402379.26 50951 52506 29 641 629
1706402380.57 50952 52507 50 641 631
1706402384.72 50953 52511 57 641 629
1706402402.54 50954 52529 31 641 623
1706402405.57 50955 52532 24 641 617
1706402417.31 50956 52543 91 641 558
1706402446.06 50957 52572 60 641 611
1706402457.17 50958 52583 62 641 600
1706402471.75 50959 52598 12 641 629
1706402472.59 50960 52598 87 641 566
1706402472.82 50961 52599 1 641 549
1706402487.61 50962 52613 72 641 489
1706402488.73 50963 52614 74 641 607
1706402493.62 50964 52619 54 641 434
1706402493.72 50965 52619 54 632 544
1706402494.46 50966 52620 20 641 406
1706402496.65 50967 52622 29 641 629
1706402497.15 50968 52622 69 641 575
1706402505.3 50969 52630 76 641 500
1706402511.83 50970 52637 20 641 632
1706402513.63 50971 52638 90 641 609
1706402519.68 50972 52644 86 641 608
1706402522.78 50973 52647 87 641 616
1706402527.96 50974 52652 96 641 631
1706402528.06 50975 52652 96 640 533
1706402538.19 50976 52663 2 641 631
1706402539.81 50977 52664 55 641 632
1706402547.0 50978 52671 66 641 627
1706402570.96 50979 52695 55 641 624
1706402571.79 50980 52696 29 641 604
1706402574.15 50981 52698 55 641 548
1706402575.76 50982 52700 7 641 627
1706402585.95 50983 52710 19 641 622
1706402588.37 50984 52712 52 641 604
1706402591.76 50985 52715 83 641 622
1706402595.03 50986 52719 0 641 471
1706402603.92 50987 52727 82 641 628
1706402604.47 50988 52728 27 641 582
1706402606.47 50989 52730 18 641 622
1706402609.27 50990 52732 88 641 535
1706402613.42 50991 52736 95 641 625
1706402622.15 50992 52745 60 641 626
1706402628.31 50993 52751 67 641 627
1706402639.21 50994 52762 49 641 628
1706402640.38 50995 52763 57 641 619
1706402644.33 50996 52767 43 641 629
1706402650.4 50997 52773 41 641 626
1706402651.01 50998 52773 93 641 586
1706402656.09 50999 52778 92 641 624
1706402659.84 51000 52782 58 641 632
1706402661.43 51001 52784 8 641 437
1706402666.44 51002 52789 0 641 630
1706402670.21 51003 52792 68 641 632
1706402672.27 51004 52794 65 641 606
1706402676.42 51005 52798 70 641 436
1706402678.26 51006 52800 46 641 619
1706402681.35 51007 52803 46 641 575
1706402682.82 51008 52804 83 641 625
1706402686.1 51009 52808 3 641 624
1706402686.2 51010 52808 3 640 533
1706402689.39 51011 52811 14 641 613
1706402690.57 51012 52812 24 641 613
1706402699.46 51013 52821 5 641 632
1706402702.68 51014 52824 17 641 620
1706402709.96 51015 52831 37 641 626
1706402711.67 51016 52832 98 641 620
1706402722.63 51017 52843 87 641 620
1706402730.19 51018 52851 34 641 615
1706402732.03 51019 52853 9 641 625
1706402738.2 51020 52859 17 641 602
1706402746.17 51021 52867 5 641 566
1706402749.41 51022 52870 20 641 631
1706402750.95 51023 52871 65 641 625
1706402751.59 51024 52872 20 641 590
1706402758.97 51025 52879 49 641 632
1706402760.14 51026 52880 56 641 614
1706402763.58 51027 52883 92 641 625
1706402763.71 51028 52883 95 641 536
1706402776.23 51029 52896 39 641 599
1706402784.09 51030 52904 17 641 567
1706402786.77 51031 52906 76 641 544
1706402787.09 51032 52906 98 641 558
1706402789.71 51033 52909 51 641 625
1706402799.49 51034 52919 20 641 632
1706402799.59 51035 52919 20 640 530
1706402807.8 51036 52927 34 641 623
1706402818.03 51037 52937 49 641 582
1706402820.84 51038 52940 21 641 631
1706402827.52 51039 52946 80 641 628
1706402835.28 51040 52954 48 641 625
1706402854.99 51041 52974 12 641 625
1706402858.66 51042 52977 70 641 629
1706402860.0 51043 52978 94 641 607
1706402862.46 51044 52981 31 641 585
1706402867.76 51045 52986 52 641 624
1706402871.39 51046 52990 7 641 588
1706402871.9 51047 52990 48 641 577
1706402873.83 51048 52992 33 641 638
1706402874.81 51049 52993 21 641 586
1706402877.67 51050 52995 97 641 578
1706402890.71 51051 53008 93 641 533
1706402893.86 51052 53011 99 641 630
1706402903.15 51053 53021 19 641 566
1706402906.12 51054 53024 7 641 620
1706402908.5 51055 53026 37 641 625
1706402909.86 51056 53027 63 641 505
1706402910.96 51057 53028 64 641 628
1706402915.3 51058 53032 89 641 595
1706402918.45 51059 53035 94 641 625
1706402919.94 51060 53037 34 641 628
1706402920.33 51061 53037 64 641 566
1706402926.2 51062 53043 42 641 630
1706402926.7 51063 53043 83 641 579
1706402932.0 51064 53049 4 641 620
1706402932.19 51065 53049 14 641 547
1706402936.12 51066 53052 97 641 625
1706402941.73 51067 53058 49 641 594
1706402977.97 51068 53094 68 641 600
1706402980.43 51069 53097 5 641 557
1706402992.57 51070 53109 11 641 630
1706403002.36 51071 53118 81 641 622
1706403007.68 51072 53124 5 641 633
1706403009.09 51073 53125 37 641 607
1706403019.28 51074 53135 48 641 566
1706403024.18 51075 53140 29 641 616
1706403030.94 51076 53146 96 641 598
1706403031.95 51077 53147 87 641 584
1706403041.09 51078 53156 94 641 631
1706403042.98 51079 53158 74 641 614
1706403054.27 51080 53169 95 641 632
1706403058.99 51081 53174 58 641 534
1706403059.75 51082 53175 24 641 598
1706403063.94 51083 53179 34 641 446
1706403066.39 51084 53181 69 641 627
1706403070.37 51085 53185 59 641 585
1706403073.3 51086 53188 43 641 629
1706403080.82 51087 53195 87 641 623
1706403083.44 51088 53198 39 641 631
1706403084.77 51089 53199 63 641 623
1706403087.79 51090 53202 56 641 632
1706403093.33 51091 53208 1 641 622
1706403108.16 51092 53222 76 641 574
1706403114.6 51093 53229 12 641 628
1706403118.46 51094 53232 88 641 620
1706403137.83 51095 53252 18 641 629
1706403140.27 51096 53254 53 641 625
1706403142.53 51097 53256 69 641 633
1706403144.9 51098 53258 97 641 630
1706403145.1 51099 53259 8 641 548
1706403151.29 51100 53265 18 641 508
1706403152.79 51101 53266 58 641 628
1706403190.89 51102 53304 63 641 591
1706403191.12 51103 53304 77 641 550
1706403193.88 51104 53307 44 641 620
1706403201.79 51105 53315 27 641 628
1706403207.34 51106 53320 73 641 623
1706403207.45 51107 53320 75 641 539
1706403211.79 51108 53324 99 641 630
1706403213.41 51109 53326 51 641 627
1706403218.21 51110 53331 22 641 618
1706403225.58 51111 53338 51 641 628
1706403229.95 51112 53342 79 641 625
1706403235.34 51113 53348 10 641 632
1706403237.75 51114 53350 41 641 583
1706403243.56 51115 53356 13 641 631
1706403262.05 51116 53374 55 641 591
1706403263.86 51117 53376 26 641 632
1706403280.07 51118 53392 40 641 632
1706403281.26 51119 53393 50 641 595
1706403288.18 51120 53400 33 641 624
1706403293.8 51121 53405 86 641 627
1706403298.07 51122 53410 4 641 618
1706403300.77 51123 53412 65 641 620
1706403314.84 51124 53426 65 641 635
1706403317.73 51125 53429 44 641 535
1706403333.31 51126 53444 95 641 560
1706403337.29 51127 53448 84 641 622
1706403338.75 51128 53450 20 641 465
1706403349.39 51129 53460 76 641 625
1706403351.78 51130 53463 6 641 629
1706403357.09 51131 53468 29 641 627
1706403366.22 51132 53477 33 641 622
1706403368.53 51133 53479 55 641 631
1706403371.82 51134 53482 75 641 630
1706403373.26 51135 53484 9 641 631
1706403376.85 51136 53487 59 641 620
1706403386.51 51137 53497 17 641 627
1706403387.76 51138 53498 33 641 619
1706403388.96 51139 53499 43 641 627
1706403394.74 51140 53505 12 641 620
1706403398.71 51141 53509 1 641 625
1706403400.08 51142 53510 28 641 593
1706403413.25 51143 53523 38 641 630
1706403416.84 51144 53526 87 641 611
1706403432.36 51145 53542 32 641 526
1706403439.65 51146 53549 52 641 628
1706403439.75 51147 53549 52 640 535
1706403448.66 51148 53558 35 641 632
1706403479.37 51149 53589 2 641 627
1706403486.58 51150 53596 14 641 617
1706403487.13 51151 53596 60 641 582
1706403494.05 51152 53603 43 641 621
1706403498.43 51153 53607 72 641 619
1706403499.85 51154 53609 5 641 572
1706403508.39 51155 53617 51 641 596
1706403513.7 51156 53622 73 641 542
1706403517.85 51157 53626 79 641 630
1706403540.21 51158 53649 8 641 575
1706403541.26 51159 53650 4 641 584
1706403545.54 51160 53654 23 641 629
1706403549.53 51161 53658 13 641 622
1706403549.63 51162 53658 13 640 535
1706403553.66 51163 53662 8 641 628
1706403555.64 51164 53663 97 641 618
1706403559.15 51165 53667 39 641 586
1706403561.84 51166 53669 99 641 625
1706403573.46 51167 53681 53 641 604
1706403590.62 51168 53698 61 641 598
1706403590.74 51169 53698 63 641 536
1706403593.86 51170 53701 66 641 615
1706403604.63 51171 53712 35 641 610
1706403604.88 51172 53712 50 641 504
1706403604.98 51173 53712 50 640 534
1706403606.35 51174 53713 80 641 632
1706403606.64 51175 53714 0 641 557
1706403611.39 51176 53718 66 641 624
1706403614.0 51177 53721 18 641 627
1706403615.98 51178 53723 7 641 632
1706403621.41 51179 53728 41 641 611
1706403623.56 51180 53730 48 641 618
1706403623.85 51181 53730 67 641 556
1706403628.91 51182 53735 65 641 618
1706403641.26 51183 53747 92 641 628
1706403643.57 51184 53750 14 641 633
1706403647.16 51185 53753 64 641 628
1706403663.94 51186 53770 34 641 630
1706403669.15 51187 53775 46 641 582
1706403671.04 51188 53777 26 641 627
1706403673.76 51189 53779 88 641 627
1706403673.9 51190 53779 92 641 538
1706403674.73 51191 53780 66 641 609
1706403684.3 51192 53790 14 641 619
1706403690.28 51193 53796 4 641 384
1706403703.7 51194 53809 38 641 628
1706403711.55 51195 53817 15 641 492
1706403717.77 51196 53823 28 641 629
1706403719.81 51197 53825 23 641 629
1706403721.45 51198 53826 78 641 624
1706403721.77 51199 53827 1 641 562
1706403726.83 51200 53831 99 641 614
1706403736.57 51201 53841 64 641 628
1706403739.19 51202 53844 17 641 624
1706403745.48 51203 53850 37 641 621
1706403754.76 51204 53859 56 641 626
1706403758.49 51205 53863 20 641 629
1706403769.78 51206 53874 41 641 501
1706403787.46 51207 53892 1 641 614
1706403799.94 51208 53904 42 641 638
1706403800.04 51209 53904 42 640 532
1706403808.94 51210 53913 24 641 579
1706403810.5 51211 53914 70 641 625
1706403812.39 51212 53916 50 641 622
1706403812.72 51213 53916 73 641 560
1706403817.0 51214 53920 93 641 629
1706403822.82 51215 53926 66 641 628
1706403824.54 51216 53928 29 641 579
1706403835.83 51217 53939 49 641 605
1706403837.44 51218 53941 1 641 626
1706403841.64 51219 53945 13 641 623
1706403856.96 51220 53960 37 641 560
1706403857.46 51221 53960 77 641 576
1706403861.46 51222 53964 69 641 627
1706403878.02 51223 53981 17 641 615
1706403884.06 51224 53987 12 641 535
1706403888.14 51225 53991 11 641 629
1706403888.84 51226 53991 71 641 596
1706403892.66 51227 53995 44 641 619
1706403902.18 51228 54004 87 641 627
1706403914.03 51229 54016 64 641 534
1706403921.04 51230 54023 56 641 631
1706403936.63 51231 54039 7 641 602
1706403940.61 51232 54042 97 641 621
1706403941.59 51233 54043 85 641 615
1706403960.41 51234 54062 60 641 627
1706403960.6 51235 54062 70 641 546
1706403961.92 51236 54063 92 641 600
1706403969.33 51237 54071 25 641 631
1706403970.91 51238 54072 74 641 618
1706403971.45 51239 54073 18 641 577
1706403974.7 51240 54076 34 641 623
1706403977.68 51241 54079 24 641 630
1706403978.62 51242 54080 9 641 613
1706403979.09 51243 54080 47 641 575
1706403983.94 51244 54085 23 641 454
1706403985.77 51245 54086 97 641 622
1706403986.34 51246 54087 45 641 583
1706403988.4 51247 54089 41 641 618
1706403989.44 51248 54090 36 641 626
1706403992.26 51249 54093 9 641 623
1706404003.92 51250 54104 66 641 629
1706404005.51 51251 54106 17 641 631
1706404009.23 51252 54109 80 641 585
1706404017.05 51253 54117 53 641 591
1706404024.82 51254 54125 22 641 620
1706404038.84 51255 54139 15 641 628
1706404040.07 51256 54140 28 641 623
1706404052.04 51257 54152 19 641 623
1706404054.94 51258 54155 0 641 512
1706404061.01 51259 54160 99 641 584
1706404063.55 51260 54163 44 641 625
1706404066.36 51261 54166 16 641 632
1706404071.57 51262 54171 27 641 531
1706404080.14 51263 54179 76 641 611
1706404080.35 51264 54179 87 641 547
1706404081.06 51265 54180 49 641 416
1706404093.08 51266 54192 43 641 532
1706404095.57 51267 54194 82 641 612
1706404123.61 51268 54222 80 641 502
1706404124.5 51269 54223 60 641 609
1706404130.37 51270 54229 38 641 628
1706404130.48 51271 54229 40 641 537
1706404139.79 51272 54238 63 641 631
1706404146.87 51273 54245 62 641 543
1706404149.74 51274 54248 40 641 604
1706404184.13 51275 54282 73 641 624
1706404199.6 51276 54298 12 641 629
1706404199.7 51277 54298 13 640 534
1706404199.99 51278 54298 32 641 554
1706404215.02 51279 54313 27 641 624
1706404223.62 51280 54321 79 641 616
1706404227.61 51281 54325 69 641 577
1706404236.17 51282 54334 17 641 500
1706404237.68 51283 54335 59 641 621
1706404245.72 51284 54343 55 641 632
1706404248.68 51285 54346 41 641 623
1706404255.71 51286 54353 36 641 566
1706404257.07 51287 54354 63 641 494
1706404265.88 51288 54363 36 641 628
1706404278.26 51289 54375 66 641 631
1706404279.66 51290 54376 97 641 621
1706404280.89 51291 54378 11 641 584
1706404300.6 51292 54397 75 641 626
1706404319.55 51293 54416 62 641 556
1706404319.93 51294 54416 91 641 486
1706404327.19 51295 54424 8 641 627
1706404328.31 51296 54425 11 641 592
1706404342.26 51297 54438 98 641 624
1706404345.82 51298 54442 45 641 631
1706404348.02 51299 54444 55 641 620
1706404354.17 51300 54450 61 641 579
1706404371.3 51301 54467 67 641 624
1706404376.62 51302 54472 90 641 625
1706404380.15 51303 54476 35 641 625
1706404381.98 51304 54478 8 641 584
1706404390.8 51305 54486 82 641 488
1706404393.31 51306 54489 24 641 624
1706404394.06 51307 54489 90 641 600
1706404396.16 51308 54491 90 641 618
1706404403.48 51309 54499 14 641 630
1706404406.76 51310 54502 33 641 629
1706404407.26 51311 54502 74 641 576
1706404409.24 51312 54504 64 641 556
1706404409.52 51313 54504 82 641 554
1706404411.83 51314 54507 4 641 598
1706404413.63 51315 54508 75 641 627
1706404419.76 51316 54514 79 641 630
1706404422.64 51317 54517 58 641 629
1706404426.8 51318 54521 65 641 536
1706404428.92 51319 54523 68 641 600
1706404431.59 51320 54526 26 641 629
1706404448.79 51321 54543 38 641 624
1706404449.92 51322 54544 42 641 595
1706404451.83 51323 54546 24 641 527
1706404452.0 51324 54546 31 641 543
1706404456.92 51325 54551 14 641 631
1706404458.22 51326 54552 35 641 620
1706404459.26 51327 54553 29 641 623
1706404462.72 51328 54556 66 641 631
1706404464.08 51329 54557 93 641 567
1706404466.5 51330 54560 26 641 608
1706404475.36 51331 54569 3 641 623
1706404486.67 51332 54580 27 641 614
1706404487.86 51333 54581 36 641 599
1706404488.84 51334 54582 26 641 619
1706404499.66 51335 54593 0 641 626
1706404502.18 51336 54595 43 641 631
1706404504.88 51337 54598 4 641 628
1706404506.57 51338 54599 64 641 620
1706404523.37 51339 54616 36 641 615
