1707091235.95 27589 11271 79 641 619
1707091237.38 27590 11273 13 641 627
1707091238.31 27591 11273 97 641 547
1707091243.39 27592 11278 96 641 632
1707091250.24 27593 11285 72 641 631
1707091250.44 27594 11285 83 641 545
1707091262.62 27595 11297 93 641 624
1707091273.7 27596 11308 93 641 626
1707091275.08 27597 11310 21 641 624
1707091289.64 27598 11324 69 641 505
1707091293.4 27599 11328 36 641 620
1707091295.94 27600 11330 82 641 617
1707091296.59 27601 11331 37 641 590
1707091299.18 27602 11333 87 641 611
1707091301.15 27603 11335 75 641 628
1707091303.43 27604 11337 94 641 634
1707091307.06 27605 11341 48 641 585
1707091322.29 27606 11356 63 641 628
1707091325.62 27607 11359 87 641 628
1707091339.9 27608 11374 7 641 625
1707091348.07 27609 11382 15 641 632
1707091358.72 27610 11392 72 641 587
1707091359.93 27611 11393 84 641 598
1707091367.94 27612 11401 76 641 629
1707091377.52 27613 11411 26 641 622
1707091380.36 27614 11414 1 641 626
1707091388.12 27615 11421 68 641 621
1707091389.56 27616 11423 3 641 627
1707091392.29 27617 11425 67 641 556
1707091393.41 27618 11426 70 641 557
1707091401.2 27619 11434 41 641 623
1707091401.98 27620 11435 10 641 604
1707091411.52 27621 11444 56 641 626
1707091416.07 27622 11449 2 641 543
1707091428.15 27623 11461 3 641 624
1707091428.99 27624 11461 77 641 564
1707091434.08 27625 11466 77 641 609
1707091436.39 27626 11469 0 641 615
1707091439.5 27627 11472 1 641 619
1707091440.65 27628 11473 7 641 583
1707091444.01 27629 11476 34 641 527
1707091449.67 27630 11481 92 641 631
1707091449.77 27631 11481 92 640 531
1707091449.87 27632 11481 93 640 536
1707091457.15 27633 11489 14 641 627
1707091457.71 27634 11489 61 641 581
1707091459.35 27635 11491 16 641 574
1707091469.09 27636 11500 81 641 627
1707091469.5 27637 11501 13 641 570
1707091470.03 27638 11501 57 641 525
1707091479.11 27639 11510 56 641 625
1707091481.78 27640 11513 14 641 615
1707091485.39 27641 11516 66 641 591
1707091500.0 27642 11531 19 641 625
1707091512.46 27643 11543 57 641 627
1707091512.79 27644 11543 80 641 558
1707091513.53 27645 11544 44 641 600
1707091523.56 27646 11554 39 641 547
1707091523.81 27647 11554 55 641 552
1707091525.98 27648 11556 62 641 627
1707091529.02 27649 11559 58 641 627
1707091536.44 27650 11566 90 641 620
1707091537.43 27651 11567 81 641 508
1707091548.34 27652 11578 63 641 521
1707091548.92 27653 11579 11 641 582
1707091549.29 27654 11579 38 641 564
1707091554.08 27655 11584 9 641 623
1707091554.86 27656 11584 78 641 540
1707091555.43 27657 11585 25 641 586
1707091558.18 27658 11587 91 641 605
1707091561.82 27659 11591 47 641 620
1707091562.74 27660 11592 30 641 612
1707091571.21 27661 11600 68 641 619
1707091574.55 27662 11603 93 641 488
1707091577.51 27663 11606 80 641 428
1707091579.3 27664 11608 50 641 627
1707091583.69 27665 11612 80 641 624
1707091592.51 27666 11621 54 641 638
1707091596.11 27667 11625 5 641 622
1707091612.32 27668 11641 19 641 604
1707091622.64 27669 11651 43 641 620
1707091627.71 27670 11656 41 641 627
1707091633.44 27671 11662 5 641 627
1707091639.57 27672 11668 9 641 627
1707091643.71 27673 11672 15 641 589
1707091650.34 27674 11678 69 641 632
1707091652.57 27675 11680 83 641 607
1707091658.9 27676 11687 7 641 622
1707091662.91 27677 11690 99 641 600
1707091666.07 27678 11694 6 641 629
1707091669.05 27679 11696 96 641 630
1707091684.99 27680 11712 82 641 630
1707091685.1 27681 11712 84 641 537
1707091687.37 27682 11715 2 641 559
1707091707.73 27683 11735 32 641 627
1707091710.91 27684 11738 41 641 625
1707091711.34 27685 11738 74 641 569
1707091716.6 27686 11743 91 641 535
1707091717.72 27687 11744 93 641 599
1707091717.82 27688 11744 94 640 533
1707091718.29 27689 11745 33 641 576
1707091742.89 27690 11769 87 641 630
1707091747.28 27691 11774 17 641 622
1707091747.65 27692 11774 45 641 560
1707091770.04 27693 11796 77 641 623
1707091783.7 27694 11810 35 641 542
1707091787.82 27695 11814 38 641 626
1707091790.92 27696 11817 39 641 613
1707091795.95 27697 11822 33 641 540
1707091801.39 27698 11827 68 641 624
1707091802.99 27699 11829 19 641 629
1707091803.71 27700 11829 82 641 597
1707091813.95 27701 11839 98 641 628
1707091828.38 27702 11854 33 641 632
1707091829.48 27703 11855 34 641 628
1707091829.8 27704 11855 57 641 556
1707091830.1 27705 11855 77 641 557
1707091830.73 27706 11856 31 641 538
1707091833.41 27707 11858 89 641 629
1707091840.58 27708 11865 98 641 623
1707091844.45 27709 11869 76 641 625
1707091846.73 27710 11871 94 641 629
1707091847.38 27711 11872 51 641 589
1707091847.92 27712 11872 95 641 582
1707091854.58 27713 11879 53 641 623
1707091872.51 27714 11897 39 641 606
1707091877.62 27715 11902 41 641 625
1707091887.6 27716 11912 30 641 631
1707091890.03 27717 11914 64 641 626
1707091906.15 27718 11930 68 641 575
1707091906.68 27719 11931 12 641 578
1707091907.3 27720 11931 65 641 590
1707091914.07 27721 11938 33 641 601
1707091916.87 27722 11941 5 641 505
1707091918.2 27723 11942 28 641 626
1707091926.28 27724 11950 28 641 614
1707091928.89 27725 11952 80 641 626
1707091944.27 27726 11968 10 641 630
1707091952.47 27727 11976 22 641 634
1707091953.47 27728 11977 13 641 598
1707091967.19 27729 11990 76 641 570
1707091979.24 27730 12002 73 641 624
1707091993.06 27731 12016 47 641 621
1707091996.97 27732 12020 29 641 630
1707091997.53 27733 12020 76 641 580
1707092009.71 27734 12032 86 641 613
1707092011.32 27735 12034 37 641 631
1707092014.98 27736 12037 94 641 624
1707092015.69 27737 12038 56 641 527
1707092023.59 27738 12046 37 641 619
1707092039.24 27739 12061 95 641 625
1707092048.48 27740 12071 10 641 622
1707092053.98 27741 12076 52 641 629
1707092056.74 27742 12079 18 641 624
1707092063.58 27743 12085 93 641 623
1707092086.31 27744 12108 59 641 624
1707092094.22 27745 12116 41 641 628
1707092095.06 27746 12117 16 641 607
1707092097.41 27747 12119 42 641 579
1707092109.12 27748 12131 6 641 627
1707092113.12 27749 12134 97 641 614
1707092117.57 27750 12139 33 641 627
1707092120.66 27751 12142 32 641 586
1707092128.86 27752 12150 44 641 622
1707092134.84 27753 12156 32 641 622
1707092149.79 27754 12171 20 641 620
1707092165.59 27755 12186 91 641 626
1707092170.29 27756 12191 53 641 628
1707092181.22 27757 12202 38 641 618
1707092187.34 27758 12208 41 641 564
1707092187.45 27759 12208 41 640 534
1707092204.79 27760 12225 69 641 627
1707092205.02 27761 12225 83 641 550
1707092207.14 27762 12227 85 641 632
1707092208.23 27763 12228 85 641 630
1707092210.35 27764 12230 88 641 627
1707092212.57 27765 12233 0 641 624
1707092217.07 27766 12237 43 641 571
1707092219.52 27767 12239 79 641 628
1707092222.05 27768 12242 23 641 588
1707092228.38 27769 12248 47 641 626
1707092233.9 27770 12253 90 641 627
1707092236.79 27771 12256 69 641 628
1707092242.87 27772 12262 69 641 574
1707092253.02 27773 12272 75 641 633
1707092259.62 27774 12279 27 641 532
1707092263.68 27775 12283 24 641 596
1707092266.63 27776 12286 10 641 629
1707092266.76 27777 12286 13 641 538
1707092267.59 27778 12286 87 641 609
1707092272.67 27779 12291 86 641 601
1707092280.98 27780 12300 9 641 628
1707092284.95 27781 12303 97 641 619
1707092291.92 27782 12310 85 641 619
1707092296.24 27783 12315 9 641 619
1707092298.78 27784 12317 54 641 634
1707092309.67 27785 12328 35 641 620
1707092316.11 27786 12334 71 641 565
1707092329.34 27787 12347 86 641 621
1707092338.33 27788 12356 77 641 620
1707092355.42 27789 12373 78 641 622
1707092357.05 27790 12375 31 641 625
1707092357.26 27791 12375 43 641 548
1707092359.09 27792 12377 17 641 626
1707092363.01 27793 12380 99 641 626
1707092363.8 27794 12381 70 641 601
1707092370.92 27795 12388 74 641 422
1707092373.24 27796 12390 97 641 625
1707092373.89 27797 12391 53 641 588
1707092373.99 27798 12391 53 640 529
1707092379.29 27799 12396 75 641 619
1707092379.5 27800 12396 86 641 546
1707092379.63 27801 12396 90 641 540
1707092380.93 27802 12398 10 641 630
1707092381.85 27803 12398 93 641 617
1707092383.41 27804 12400 40 641 635
1707092385.27 27805 12402 17 641 544
1707092390.21 27806 12407 3 641 626
1707092395.54 27807 12412 27 641 620
1707092398.13 27808 12414 76 641 624
1707092400.18 27809 12416 72 641 583
1707092422.23 27810 12438 70 641 615
1707092422.46 27811 12438 84 641 550
1707092439.55 27812 12455 85 641 623
1707092440.13 27813 12456 34 641 582
1707092447.27 27814 12463 39 641 629
1707092455.07 27815 12471 11 641 632
1707092465.67 27816 12481 62 641 624
1707092468.09 27817 12483 96 641 629
1707092475.52 27818 12491 30 641 623
1707092475.88 27819 12491 57 641 560
1707092477.03 27820 12492 62 641 602
1707092479.91 27821 12495 42 641 593
1707092481.37 27822 12496 78 641 610
1707092506.01 27823 12521 36 641 622
1707092511.31 27824 12526 56 641 633
1707092513.0 27825 12528 16 641 538
1707092514.1 27826 12529 16 641 590
1707092515.83 27827 12530 80 641 627
1707092525.44 27828 12540 33 641 555
1707092529.54 27829 12544 34 641 580
1707092530.1 27830 12544 81 641 582
1707092531.7 27831 12546 32 641 619
1707092535.12 27832 12549 65 641 628
1707092535.22 27833 12549 65 640 530
1707092539.72 27834 12554 7 641 635
1707092550.9 27835 12565 17 641 630
1707092558.3 27836 12572 49 641 629
1707092567.0 27837 12581 11 641 627
1707092590.2 27838 12604 24 641 631
1707092598.18 27839 12612 13 641 631
1707092603.2 27840 12617 7 641 627
1707092605.57 27841 12619 36 641 627
1707092609.89 27842 12623 59 641 547
1707092614.57 27843 12628 17 641 627
1707092620.13 27844 12633 65 641 631
1707092630.12 27845 12643 55 641 622
1707092630.5 27846 12643 84 641 563
1707092631.45 27847 12644 69 641 615
1707092635.87 27848 12649 3 641 573
1707092641.68 27849 12654 75 641 627
1707092645.25 27850 12658 23 641 624
1707092645.59 27851 12658 48 641 562
1707092653.48 27852 12666 28 641 628
1707092657.04 27853 12669 75 641 595
1707092660.3 27854 12672 92 641 621
1707092660.4 27855 12672 92 640 530
1707092664.5 27856 12676 94 641 612
1707092665.87 27857 12678 22 641 626
1707092666.01 27858 12678 26 641 539
1707092673.2 27859 12685 36 641 630
1707092673.46 27860 12685 52 641 554
1707092721.38 27861 12733 40 641 636
1707092729.31 27862 12741 25 641 631
1707092736.7 27863 12748 56 641 632
1707092743.06 27864 12754 83 641 625
1707092756.95 27865 12768 64 641 608
1707092771.31 27866 12782 92 641 632
1707092807.62 27867 12819 17 641 634
1707092811.02 27868 12822 48 641 629
1707092840.84 27869 12852 24 641 627
1707092855.23 27870 12866 55 641 503
1707092877.3 27871 12888 54 641 629
1707092888.43 27872 12899 59 641 617
1707092893.75 27873 12904 82 641 615
1707092893.99 27874 12904 96 641 550
1707092902.25 27875 12913 14 641 542
1707092904.84 27876 12915 64 641 625
1707092916.01 27877 12926 73 641 631
1707092917.93 27878 12928 56 641 625
1707092924.34 27879 12934 88 641 624
1707092928.12 27880 12938 57 641 544
1707092928.24 27881 12938 59 641 539
1707092928.66 27882 12938 92 641 572
1707092930.12 27883 12940 29 641 600
1707092934.05 27884 12944 13 641 630
1707092935.94 27885 12945 92 641 631
1707092951.64 27886 12961 54 641 532
1707092962.36 27887 12972 18 641 627
1707092962.67 27888 12972 39 641 556
1707092964.19 27889 12973 81 641 628
1707092982.78 27890 12992 34 641 623
1707092983.39 27891 12992 86 641 587
1707092988.31 27892 12997 69 641 624
1707092991.75 27893 13001 5 641 627
1707092997.81 27894 13007 2 641 556
1707092998.41 27895 13007 53 641 585
1707093001.23 27896 13010 26 641 627
1707093003.75 27897 13012 69 641 630
1707093004.34 27898 13013 19 641 585
1707093006.63 27899 13015 39 641 627
1707093016.09 27900 13024 76 641 634
1707093021.41 27901 13029 99 641 629
1707093022.83 27902 13031 32 641 605
1707093025.02 27903 13033 42 641 624
1707093033.54 27904 13041 85 641 618
1707093036.55 27905 13044 77 641 631
1707093051.38 27906 13059 52 641 549
1707093055.35 27907 13063 40 641 616
1707093061.43 27908 13069 39 641 624
1707093063.1 27909 13070 97 641 624
1707093066.64 27910 13074 42 641 602
1707093077.89 27911 13085 59 641 622
1707093078.78 27912 13086 39 641 609
1707093078.94 27913 13086 45 641 542
1707093080.79 27914 13088 21 641 629
1707093080.94 27915 13088 26 641 539
1707093098.03 27916 13105 28 641 627
1707093106.63 27917 13113 79 641 628
1707093113.7 27918 13120 77 641 562
1707093117.02 27919 13124 1 641 567
1707093122.08 27920 13128 99 641 624
1707093124.34 27921 13131 15 641 617
1707093128.45 27922 13135 17 641 622
1707093130.56 27923 13137 18 641 562
1707093130.89 27924 13137 41 641 559
1707093146.25 27925 13152 69 641 633
1707093151.32 27926 13157 67 641 626
1707093151.57 27927 13157 83 641 553
1707093154.82 27928 13160 99 641 631
1707093163.62 27929 13169 71 641 628
1707093174.06 27930 13180 7 641 632
1707093184.1 27931 13190 3 641 625
1707093184.89 27932 13190 72 641 601
1707093185.63 27933 13191 36 641 598
1707093188.37 27934 13194 1 641 628
1707093190.1 27935 13195 65 641 600
1707093193.39 27936 13198 85 641 623
1707093198.6 27937 13203 97 641 624
1707093214.23 27938 13219 52 641 599
1707093217.17 27939 13222 37 641 621
1707093222.3 27940 13227 41 641 595
1707093223.12 27941 13228 14 641 604
1707093224.87 27942 13229 80 641 633
1707093227.39 27943 13232 24 641 628
1707093235.01 27944 13239 77 641 617
1707093236.35 27945 13241 2 641 628
1707093250.49 27946 13255 9 641 626
1707093255.08 27947 13259 59 641 594
1707093259.43 27948 13263 85 641 611
1707093270.35 27949 13274 69 641 404
1707093280.11 27950 13284 36 641 619
1707093292.18 27951 13296 35 641 629
1707093301.04 27952 13305 12 641 622
1707093310.08 27953 13314 7 641 628
1707093320.78 27954 13324 69 641 625
1707093320.88 27955 13324 69 640 532
1707093321.22 27956 13324 94 641 563
1707093354.72 27957 13358 39 641 626
1707093354.99 27958 13358 57 641 501
1707093357.75 27959 13361 23 641 610
1707093360.59 27960 13363 98 641 627
1707093361.06 27961 13364 36 641 573
1707093370.25 27962 13373 46 641 631
1707093394.9 27963 13398 4 641 627
1707093399.25 27964 13402 31 641 592
1707093400.13 27965 13403 10 641 608
1707093411.53 27966 13414 41 641 623
1707093413.15 27967 13415 94 641 602
1707093428.0 27968 13430 71 641 575
1707093437.49 27969 13440 12 641 625
1707093438.22 27970 13440 75 641 596
1707093441.38 27971 13443 83 641 622
1707093441.56 27972 13443 91 641 489
1707093445.73 27973 13447 99 641 616
1707093447.14 27974 13449 31 641 630
1707093450.75 27975 13452 83 641 628
1707093451.32 27976 13453 31 641 524
1707093452.28 27977 13454 17 641 457
1707093457.78 27978 13459 58 641 629
1707093458.65 27979 13460 36 641 608
1707093463.93 27980 13465 55 641 614
1707093469.4 27981 13470 94 641 620
1707093473.71 27982 13475 16 641 629
1707093484.49 27983 13485 86 641 627
1707093489.49 27984 13490 76 641 624
1707093490.45 27985 13491 63 641 615
1707093491.89 27986 13492 98 641 623
1707093496.26 27987 13497 26 641 624
1707093503.43 27988 13504 34 641 624
1707093505.29 27989 13506 11 641 619
1707093505.56 27990 13506 28 641 552
1707093506.88 27991 13507 51 640 434
1707093519.81 27992 13520 35 641 622
1707093522.08 27993 13522 53 641 625
1707093523.82 27994 13524 17 641 440
1707093532.2 27995 13532 47 641 581
1707093541.55 27996 13541 73 641 624
1707093545.88 27997 13545 97 641 623
1707093546.98 27998 13546 98 641 602
1707093550.7 27999 13550 61 641 620
1707093554.8 28000 13554 61 641 545
1707093559.18 28001 13558 92 639 237
1707093560.36 28002 13560 1 641 608
1707093561.3 28003 13560 86 641 616
1707093570.13 28004 13569 60 641 617
1707093575.23 28005 13574 61 641 627
1707093577.81 28006 13577 10 641 631
1707093587.18 28007 13586 39 641 500
1707093587.75 28008 13586 87 641 582
1707093591.9 28009 13590 93 641 622
1707093593.45 28010 13592 38 641 627
1707093596.2 28011 13595 5 641 498
1707093604.9 28012 13603 67 641 623
1707093619.92 28013 13618 61 641 609
1707093620.04 28014 13618 64 641 538
1707093620.6 28015 13619 10 641 584
1707093624.03 28016 13622 44 641 628
1707093629.92 28017 13628 24 641 588
1707093630.02 28018 13628 24 640 532
1707093634.54 28019 13632 69 641 629
1707093646.52 28020 13644 58 641 631
1707093647.6 28021 13645 57 641 627
1707093652.66 28022 13650 54 641 632
1707093663.84 28023 13661 63 641 622
1707093664.92 28024 13662 62 641 593
1707093679.04 28025 13676 66 641 584
1707093690.21 28026 13687 75 641 630
1707093697.97 28027 13695 42 641 621
1707093698.39 28028 13695 75 641 568
1707093704.8 28029 13702 8 641 587
1707093707.66 28030 13704 85 641 628
1707093708.16 28031 13705 25 641 575
1707093715.47 28032 13712 48 641 628
1707093720.9 28033 13717 81 641 621
1707093722.83 28034 13719 65 641 617
1707093724.46 28035 13721 19 641 614
1707093734.26 28036 13730 90 641 624
1707093740.02 28037 13736 57 641 588
1707093762.19 28038 13758 67 641 540
1707093765.31 28039 13761 70 641 591
1707093765.57 28040 13761 86 641 552
1707093767.29 28041 13763 48 641 621
1707093778.78 28042 13774 89 641 623
1707093795.37 28043 13791 41 641 625
1707093804.6 28044 13800 56 641 578
1707093804.9 28045 13800 77 641 559
1707093815.56 28046 13811 34 641 627
1707093824.46 28047 13820 15 641 624
1707093833.25 28048 13828 86 641 625
1707093837.78 28049 13833 30 641 625
1707093838.14 28050 13833 57 641 563
1707093840.28 28051 13835 62 641 620
1707093841.17 28052 13836 42 641 614
1707093847.18 28053 13842 34 641 636
1707093850.96 28054 13846 3 641 598
1707093860.79 28055 13855 78 641 608
1707093885.39 28056 13880 30 641 622
1707093894.44 28057 13889 26 641 502
1707093899.6 28058 13894 33 641 627
1707093908.78 28059 13903 43 641 636
1707093911.29 28060 13905 85 641 612
1707093927.26 28061 13921 74 641 585
1707093936.82 28062 13931 22 641 630
1707093946.53 28063 13940 85 641 626
1707093953.49 28064 13947 72 641 618
1707093967.91 28065 13962 7 641 615
1707093982.91 28066 13977 0 641 630
1707093985.87 28067 13979 87 641 630
1707093986.13 28068 13980 3 641 548
1707093989.1 28069 13982 91 641 621
1707093990.29 28070 13984 1 641 635
1707093994.77 28071 13988 40 641 630
1707093995.44 28072 13988 97 641 591
1707093999.08 28073 13992 52 641 613
1707093999.82 28074 13993 17 641 598
1707094004.01 28075 13997 26 641 527
1707094006.36 28076 13999 52 641 628
1707094008.66 28077 14001 73 641 584
1707094012.47 28078 14005 45 641 631
1707094012.62 28079 14005 50 641 536
1707094028.53 28080 14021 33 641 630
1707094036.11 28081 14028 83 641 582
1707094041.59 28082 14034 22 641 615
1707094048.59 28083 14041 14 641 616
1707094067.61 28084 14060 8 641 566
1707094074.27 28085 14066 66 641 628
1707094086.27 28086 14078 57 641 632
1707094090.47 28087 14082 69 641 560
1707094095.26 28088 14087 39 641 620
1707094110.1 28089 14102 15 641 612
1707094112.76 28090 14104 71 641 610
1707094121.51 28091 14113 38 641 606
1707094125.21 28092 14116 99 641 577
1707094130.84 28093 14122 53 641 627
1707094134.79 28094 14126 39 641 628
1707094138.66 28095 14130 17 641 600
1707094144.51 28096 14135 93 641 618
1707094158.27 28097 14149 61 641 544
1707094164.23 28098 14155 49 641 636
1707094180.58 28099 14171 76 641 619
1707094198.42 28100 14189 52 641 632
1707094203.95 28101 14194 96 641 622
1707094208.0 28102 14198 92 641 591
1707094208.19 28103 14199 2 641 546
1707094210.19 28104 14200 93 641 621
1707094211.64 28105 14202 28 641 628
1707094217.01 28106 14207 56 641 504
1707094230.02 28107 14220 49 641 630
1707094235.9 28108 14226 28 641 550
1707094257.42 28109 14247 73 641 630
1707094264.27 28110 14254 50 641 627
1707094268.21 28111 14258 35 641 594
1707094268.56 28112 14258 60 641 560
1707094284.97 28113 14274 94 641 629
1707094285.16 28114 14275 3 641 545
1707094289.25 28115 14279 4 641 631
1707094296.52 28116 14286 22 641 634
1707094298.83 28117 14288 44 641 623
1707094299.24 28118 14288 76 641 515
1707094306.09 28119 14295 52 641 557
1707094310.11 28120 14299 46 641 621
1707094316.45 28121 14305 71 641 628
1707094318.81 28122 14307 98 641 613
1707094341.42 28123 14330 51 641 621
1707094348.59 28124 14337 59 641 630
1707094348.84 28125 14337 74 641 553
1707094353.94 28126 14342 76 641 610
1707094356.16 28127 14344 88 641 542
1707094371.91 28128 14360 55 641 484
1707094381.86 28129 14370 41 641 625
1707094384.83 28130 14373 30 641 632
1707094385.9 28131 14374 28 641 593
1707094403.25 28132 14391 55 641 607
1707094415.06 28133 14403 28 641 526
1707094415.6 28134 14403 72 641 577
1707094417.29 28135 14405 32 641 599
1707094417.88 28136 14405 82 641 580
1707094426.95 28137 14414 81 641 632
1707094432.51 28138 14420 28 641 624
1707094438.72 28139 14426 40 641 617
1707094440.97 28140 14428 56 641 533
1707094451.57 28141 14439 8 641 633
1707094457.99 28142 14445 42 641 600
1707094465.02 28143 14452 37 641 539
1707094465.12 28144 14452 37 640 534
1707094465.32 28145 14452 48 641 548
1707094466.46 28146 14453 53 641 568
1707094467.32 28147 14454 29 641 610
1707094472.63 28148 14459 51 641 628
1707094475.01 28149 14461 80 641 585
1707094478.96 28150 14465 66 641 615
1707094484.73 28151 14471 34 641 624
1707094485.81 28152 14472 32 641 592
1707094488.53 28153 14474 95 641 623
1707094516.16 28154 14502 52 641 413
1707094516.86 28155 14503 13 641 595
1707094520.7 28156 14506 87 641 628
1707094523.4 28157 14509 48 641 628
1707094524.65 28158 14510 64 641 623
1707094525.15 28159 14511 5 641 576
1707094527.8 28160 14513 61 641 632
1707094540.53 28161 14526 26 641 629
1707094551.81 28162 14537 46 641 624
1707094551.91 28163 14537 46 640 533
1707094557.54 28164 14543 2 641 628
1707094559.37 28165 14544 75 641 627
1707094560.2 28166 14545 48 641 606
1707094563.65 28167 14548 84 641 587
1707094570.93 28168 14556 3 641 531
1707094572.55 28169 14557 56 641 617
1707094606.53 28170 14591 49 641 630
1707094610.56 28171 14595 43 641 627
1707094610.81 28172 14595 58 641 551
1707094630.71 28173 14615 41 641 625
1707094634.04 28174 14618 65 641 632
1707094634.18 28175 14618 70 641 538
1707094641.35 28176 14625 78 641 626
1707094642.48 28177 14626 82 641 599
1707094642.73 28178 14626 98 641 551
1707094646.27 28179 14630 42 641 592
1707094649.83 28180 14633 89 641 620
1707094675.78 28181 14659 77 641 606
1707094676.81 28182 14660 70 641 620
1707094693.46 28183 14677 27 641 571
1707094698.74 28184 14682 46 641 609
1707094708.64 28185 14692 28 641 617
1707094722.27 28186 14705 83 641 611
1707094727.2 28187 14710 67 641 619
1707094731.19 28188 14714 57 641 613
1707094741.31 28189 14724 61 641 625
1707094750.96 28190 14734 17 641 545
1707094751.51 28191 14734 62 641 579
1707094756.47 28192 14739 50 641 619
1707094764.11 28193 14747 5 641 631
1707094764.81 28194 14747 66 641 555
1707094769.73 28195 14752 49 641 574
1707094772.38 28196 14755 5 641 554
1707094773.93 28197 14756 51 641 568
1707094777.91 28198 14760 40 641 424
1707094784.67 28199 14767 8 641 618
1707094786.52 28200 14768 84 641 626
1707094791.9 28201 14774 13 641 624
1707094793.3 28202 14775 43 641 624
1707094795.89 28203 14777 93 641 630
1707094799.73 28204 14781 68 641 601
1707094802.01 28205 14783 87 641 629
1707094813.54 28206 14795 31 641 629
1707094821.7 28207 14803 39 641 440
1707094827.53 28208 14809 13 641 602
1707094835.45 28209 14816 97 641 620
1707094854.34 28210 14835 78 641 627
1707094856.53 28211 14837 88 641 410
1707094861.19 28212 14842 46 641 555
1707094863.97 28213 14845 15 641 626
1707094866.68 28214 14847 77 641 555
1707094867.22 28215 14848 21 641 579
1707094868.46 28216 14849 36 641 615
1707094869.8 28217 14850 61 641 538
