1707350408.26 3725 29425 39 641 636
1707350408.56 3726 29425 60 641 558
1707350414.01 3727 29430 96 641 617
1707350419.18 3728 29436 5 641 587
1707350428.29 3729 29445 9 641 628
1707350440.49 3730 29457 22 641 624
1707350442.9 3731 29459 53 641 574
1707350454.06 3732 29470 62 641 625
1707350454.67 3733 29471 14 641 590
1707350458.02 3734 29474 40 641 620
1707350465.81 3735 29482 11 641 617
1707350471.52 3736 29487 73 641 564
1707350476.31 3737 29492 44 641 630
1707350482.86 3738 29498 90 641 619
1707350486.54 3739 29502 50 641 631
1707350509.94 3740 29525 83 641 618
1707350510.46 3741 29526 25 641 578
1707350510.96 3742 29526 67 641 578
1707350525.54 3743 29541 19 641 579
1707350534.37 3744 29549 94 641 619
1707350539.45 3745 29554 94 641 500
1707350543.05 3746 29558 46 641 609
1707350544.77 3747 29560 9 641 519
1707350555.63 3748 29570 87 641 585
1707350585.28 3749 29600 47 641 613
1707350594.06 3750 29609 17 641 553
1707350604.21 3751 29619 24 641 588
1707350613.67 3752 29628 61 641 629
1707350614.88 3753 29629 73 641 612
1707350620.71 3754 29635 48 641 625
1707350629.19 3755 29643 87 641 621
1707350646.86 3756 29661 47 641 580
1707350647.58 3757 29662 10 641 598
1707350648.39 3758 29662 82 641 491
1707350663.88 3759 29678 24 641 632
1707350677.17 3760 29691 46 641 627
1707350680.5 3761 29694 70 641 630
1707350697.87 3762 29712 0 641 624
1707350704.47 3763 29718 52 641 615
1707350705.63 3764 29719 59 641 585
1707350710.54 3765 29724 41 641 625
1707350712.6 3766 29726 37 641 592
1707350717.75 3767 29731 44 640 622
1707350719.49 3768 29733 11 641 546
1707350720.13 3769 29733 65 641 591
1707350728.6 3770 29742 4 641 621
1707350730.04 3771 29743 40 641 628
1707350733.82 3772 29747 9 641 634
1707350748.38 3773 29761 58 641 553
1707350762.47 3774 29775 59 641 393
1707350766.54 3775 29779 57 641 616
1707350772.57 3776 29785 52 641 446
1707350783.28 3777 29796 15 641 609
1707350784.37 3778 29797 15 641 627
1707350796.79 3779 29809 49 641 621
1707350803.26 3780 29815 88 641 604
1707350824.07 3781 29836 62 641 609
1707350831.72 3782 29844 19 641 627
1707350842.34 3783 29854 72 641 532
1707350847.24 3784 29859 54 641 629
1707350852.75 3785 29864 97 641 617
1707350859.0 3786 29871 13 641 617
1707350861.95 3787 29874 0 641 625
1707350867.25 3788 29879 22 641 574
1707350875.16 3789 29887 5 641 580
1707350879.0 3790 29890 81 641 628
1707350882.17 3791 29893 89 641 614
1707350896.46 3792 29908 11 641 628
1707350899.52 3793 29911 8 641 624
1707350902.55 3794 29914 3 640 622
1707350907.9 3795 29919 29 641 629
1707350918.01 3796 29929 32 641 629
1707350921.54 3797 29932 76 641 623
1707350934.55 3798 29945 70 641 624
1707350938.42 3799 29949 48 641 612
1707350942.75 3800 29953 73 641 620
1707350944.43 3801 29955 33 641 534
1707350962.47 3802 29973 30 641 625
1707350963.3 3803 29974 4 641 606
1707350980.07 3804 29990 74 641 622
1707350991.66 3805 30002 25 641 632
1707350993.29 3806 30003 80 641 624
1707350994.51 3807 30004 93 641 608
1707350995.92 3808 30006 26 641 622
1707350999.37 3809 30009 62 641 612
1707351012.75 3810 30022 92 641 580
1707351013.92 3811 30024 1 641 636
1707351027.76 3812 30037 77 641 630
1707351033.78 3813 30043 71 641 622
1707351037.53 3814 30047 38 641 621
1707351049.86 3815 30059 63 641 622
1707351065.76 3816 30075 46 641 629
1707351070.52 3817 30080 14 641 630
1707351070.62 3818 30080 14 640 534
1707351072.94 3819 30082 39 641 627
1707351082.09 3820 30091 45 641 626
1707351091.44 3821 30100 73 641 616
1707351101.84 3822 30111 5 641 622
1707351106.08 3823 30115 21 641 628
1707351109.33 3824 30118 38 641 630
1707351110.46 3825 30119 42 641 621
1707351116.12 3826 30124 99 641 597
1707351116.92 3827 30125 70 641 557
1707351118.89 3828 30127 58 641 623
1707351121.61 3829 30130 21 641 623
1707351134.84 3830 30143 36 641 619
1707351141.84 3831 30150 28 641 621
1707351143.25 3832 30151 61 641 595
1707351144.85 3833 30153 12 641 600
1707351147.53 3834 30155 71 641 623
1707351148.52 3835 30156 61 641 526
1707351154.41 3836 30162 42 641 622
1707351157.43 3837 30165 35 641 629
1707351161.46 3838 30169 30 641 619
1707351164.63 3839 30172 38 641 629
1707351169.93 3840 30177 60 641 612
1707351171.22 3841 30178 80 641 632
1707351176.95 3842 30184 44 641 422
1707351178.45 3843 30185 86 641 620
1707351184.1 3844 30191 42 641 627
1707351197.53 3845 30204 77 641 612
1707351201.66 3846 30208 82 641 629
1707351204.48 3847 30211 55 641 610
1707351208.34 3848 30215 33 641 624
1707351211.38 3849 30218 28 641 529
1707351225.0 3850 30231 83 641 580
1707351225.94 3851 30232 68 641 616
1707351241.03 3852 30247 70 641 618
1707351253.32 3853 30259 91 641 572
1707351263.01 3854 30269 52 641 625
1707351274.0 3855 30280 43 641 624
1707351276.79 3856 30283 15 641 623
1707351278.67 3857 30284 94 641 610
1707351281.62 3858 30287 81 641 614
1707351297.85 3859 30303 96 641 626
1707351348.32 3860 30354 40 641 625
1707351362.69 3861 30368 69 641 511
1707351369.29 3862 30375 20 641 624
1707351371.35 3863 30377 18 641 622
1707351379.9 3864 30385 65 641 626
1707351407.84 3865 30413 53 641 615
1707351417.79 3866 30423 40 641 622
1707351419.85 3867 30425 37 641 630
1707351428.08 3868 30433 52 641 630
1707351430.18 3869 30435 53 641 611
1707351430.99 3870 30436 25 641 604
1707351443.92 3871 30449 11 641 632
1707351445.21 3872 30450 30 641 624
1707351454.42 3873 30459 44 641 624
1707351459.74 3874 30464 68 641 571
1707351463.02 3875 30467 88 641 619
1707351468.73 3876 30473 50 641 634
1707351479.42 3877 30484 11 641 540
1707351480.44 3878 30485 5 641 624
1707351512.12 3879 30516 67 641 616
1707351519.52 3880 30523 99 641 613
1707351533.76 3881 30538 15 641 626
1707351550.17 3882 30554 49 641 614
1707351553.74 3883 30557 97 641 501
1707351555.64 3884 30559 78 641 620
1707351557.37 3885 30561 43 641 624
1707351557.9 3886 30561 87 641 582
1707351563.55 3887 30567 44 641 631
