1706659201.63 26434 43685 33 641 522
1706659202.6 26435 43686 20 641 588
1706659205.03 26436 43688 54 641 581
1706659209.01 26437 43692 42 641 628
1706659220.0 26438 43703 33 641 609
1706659226.9 26439 43710 15 641 620
1706659241.5 26440 43724 67 641 625
1706659247.49 26441 43730 57 641 540
1706659261.87 26442 43744 87 641 620
1706659273.39 26443 43756 30 641 622
1706659295.37 26444 43778 21 641 624
1706659299.53 26445 43782 28 641 627
1706659303.12 26446 43785 78 641 632
1706659308.09 26447 43790 66 641 538
1706659311.52 26448 43794 1 641 510
1706659314.34 26449 43796 73 641 632
1706659318.26 26450 43800 56 641 632
1706659322.98 26451 43805 19 641 630
1706659332.54 26452 43814 67 641 620
1706659333.91 26453 43815 94 641 611
1706659334.49 26454 43816 43 641 569
1706659340.94 26455 43822 79 641 625
1706659342.15 26456 43823 91 641 582
1706659368.49 26457 43850 18 641 628
1706659368.59 26458 43850 18 640 534
1706659371.44 26459 43852 95 641 624
1706659375.89 26460 43857 31 641 619
1706659385.75 26461 43867 9 641 597
1706659398.07 26462 43879 33 641 627
1706659399.22 26463 43880 38 641 599
1706659406.28 26464 43887 36 641 624
1706659423.86 26465 43904 86 641 621
1706659425.87 26466 43906 78 641 602
1706659457.37 26467 43938 22 641 608
1706659457.77 26468 43938 52 641 555
1706659460.26 26469 43940 92 641 632
1706659460.9 26470 43941 46 641 572
1706659461.5 26471 43941 96 641 573
1706659463.19 26472 43943 57 641 632
1706659463.29 26473 43943 57 640 532
1706659473.6 26474 43953 81 641 628
1706659482.43 26475 43962 55 641 577
1706659488.21 26476 43968 24 641 572
1706659489.42 26477 43969 36 641 604
1706659492.73 26478 43972 58 641 628
1706659494.15 26479 43973 91 641 617
1706659496.28 26480 43975 95 641 625
1706659497.37 26481 43976 94 641 598
1706659512.33 26482 43991 82 641 625
1706659515.82 26483 43995 22 641 558
1706659519.4 26484 43998 71 641 628
1706659525.36 26485 44004 59 641 615
1706659526.9 26486 44006 4 641 598
1706659529.93 26487 44008 98 641 630
1706659534.76 26488 44013 72 641 620
1706659540.32 26489 44019 19 641 612
1706659543.35 26490 44022 12 641 632
1706659547.12 26491 44025 80 641 627
1706659563.36 26492 44041 96 641 580
1706659564.9 26493 44043 41 641 617
1706659569.12 26494 44047 54 641 629
1706659570.73 26495 44049 5 641 622
1706659571.53 26496 44049 77 641 580
1706659575.91 26497 44054 5 641 591
1706659607.75 26498 44085 84 641 632
1706659608.8 26499 44086 80 641 592
1706659618.73 26500 44096 64 641 595
1706659626.26 26501 44104 9 639 193
1706659627.05 26502 44104 79 641 579
1706659628.85 26503 44106 50 641 585
1706659646.6 26504 44124 17 641 626
1706659648.31 26505 44125 80 641 627
1706659650.97 26506 44128 36 641 630
1706659653.04 26507 44130 35 641 624
1706659655.7 26508 44132 92 641 626
1706659656.7 26509 44133 83 641 592
1706659665.55 26510 44142 59 641 517
1706659673.24 26511 44150 20 641 612
1706659678.62 26512 44155 49 641 628
1706659680.81 26513 44157 59 641 408
1706659695.96 26514 44172 66 641 627
1706659696.3 26515 44172 90 641 549
1706659696.83 26516 44173 34 641 567
1706659697.47 26517 44173 88 641 574
1706659703.82 26518 44180 16 641 624
1706659712.65 26519 44188 91 641 620
1706659733.2 26520 44209 39 641 619
1706659735.49 26521 44211 58 641 499
1706659742.93 26522 44218 94 641 627
1706659746.61 26523 44222 53 641 629
1706659749.92 26524 44225 75 641 411
1706659752.61 26525 44228 35 641 630
1706659757.29 26526 44232 95 641 618
1706659762.0 26527 44237 56 641 629
1706659765.27 26528 44240 74 641 624
1706659771.48 26529 44246 86 641 537
1706659784.41 26530 44259 70 641 630
1706659791.17 26531 44266 39 641 625
1706659802.45 26532 44277 58 641 595
1706659820.17 26533 44295 23 641 612
1706659828.87 26534 44303 84 641 602
1706659834.57 26535 44309 46 641 561
1706659839.96 26536 44314 76 641 629
1706659841.3 26537 44316 1 641 606
1706659845.43 26538 44320 5 641 624
1706659851.83 26539 44326 36 641 622
1706659853.76 26540 44328 20 641 628
1706659854.1 26541 44328 45 641 552
1706659856.52 26542 44330 77 641 632
1706659858.94 26543 44333 10 641 592
1706659860.23 26544 44334 30 641 608
1706659860.93 26545 44334 91 641 577
1706659895.38 26546 44369 30 641 627
1706659907.35 26547 44381 19 641 625
1706659907.45 26548 44381 19 640 534
1706659911.08 26549 44384 74 641 629
1706659911.18 26550 44384 74 640 534
1706659911.28 26551 44384 75 640 532
1706659922.89 26552 44396 28 641 528
1706659924.16 26553 44397 46 641 605
1706659939.34 26554 44412 57 641 629
1706659940.69 26555 44413 83 641 606
1706659948.83 26556 44421 89 641 618
1706659951.08 26557 44424 4 641 520
1706659956.96 26558 44429 83 641 627
1706659960.21 26559 44432 99 641 635
1706659965.03 26560 44437 71 641 621
1706659969.17 26561 44441 77 641 627
1706659970.65 26562 44443 15 641 615
1706659984.35 26563 44456 77 641 620
1706659993.0 26564 44465 34 641 622
1706659993.63 26565 44465 87 641 570
1706660001.31 26566 44473 48 641 626
1706660005.89 26567 44477 97 641 629
1706660007.78 26568 44479 76 641 522
1706660023.02 26569 44494 93 641 613
1706660028.71 26570 44500 53 641 608
1706660031.1 26571 44502 83 641 629
1706660039.03 26572 44510 68 641 619
1706660039.87 26573 44511 42 641 580
1706660066.22 26574 44537 70 641 629
1706660072.8 26575 44544 19 641 618
1706660074.54 26576 44545 84 641 579
1706660079.15 26577 44550 36 641 622
1706660090.4 26578 44561 53 641 579
1706660091.07 26579 44562 10 641 569
1706660105.73 26580 44576 69 641 620
1706660106.93 26581 44577 79 641 599
1706660111.08 26582 44581 85 641 617
1706660113.82 26583 44584 50 641 589
1706660121.26 26584 44591 85 641 618
1706660142.01 26585 44612 53 641 624
1706660149.54 26586 44619 97 641 623
1706660162.85 26587 44633 20 641 630
1706660164.84 26588 44635 10 641 625
1706660176.53 26589 44646 71 641 632
1706660191.26 26590 44661 37 641 545
1706660192.79 26591 44662 80 641 614
1706660199.59 26592 44669 51 641 629
1706660200.84 26593 44670 67 641 605
1706660201.37 26594 44671 11 641 566
1706660211.34 26595 44680 99 641 623
1706660222.42 26596 44691 99 641 530
1706660222.77 26597 44692 24 641 551
1706660227.83 26598 44697 21 641 627
1706660232.37 26599 44701 67 641 627
1706660235.11 26600 44704 32 641 606
1706660238.78 26601 44707 90 641 622
1706660244.1 26602 44713 13 641 510
1706660247.37 26603 44716 31 641 610
1706660258.58 26604 44727 44 641 628
1706660267.66 26605 44736 44 641 634
1706660270.8 26606 44739 49 641 598
1706660274.43 26607 44743 3 641 624
1706660282.93 26608 44751 44 641 612
1706660285.42 26609 44753 84 641 591
1706660301.51 26610 44769 85 641 623
1706660316.38 26611 44784 64 641 593
1706660323.83 26612 44792 0 641 626
1706660326.26 26613 44794 34 641 613
1706660347.01 26614 44815 2 641 513
1706660354.56 26615 44822 49 641 554
1706660357.43 26616 44825 27 641 626
1706660357.82 26617 44825 57 641 556
1706660372.43 26618 44840 10 641 624
1706660374.31 26619 44841 90 641 603
1706660375.95 26620 44843 44 641 561
1706660387.32 26621 44854 73 641 614
1706660409.26 26622 44876 59 641 596
1706660409.39 26623 44876 63 641 538
1706660415.96 26624 44883 12 641 574
1706660418.04 26625 44885 11 641 605
1706660421.03 26626 44888 0 641 624
1706660421.63 26627 44888 51 641 567
1706660423.22 26628 44890 1 641 624
1706660425.06 26629 44891 76 641 619
1706660433.4 26630 44900 2 641 439
1706660439.37 26631 44905 90 641 624
1706660441.92 26632 44908 36 641 601
1706660448.89 26633 44915 24 641 575
1706660455.32 26634 44921 57 641 619
1706660455.41 26635 44921 57 640 533
1706660459.13 26636 44925 20 641 613
1706660463.79 26637 44929 77 641 627
1706660466.32 26638 44932 21 641 615
1706660477.61 26639 44943 41 641 559
1706660479.83 26640 44945 54 641 636
1706660481.67 26641 44947 29 641 632
1706660481.77 26642 44947 29 640 532
1706660496.11 26643 44961 56 641 620
1706660498.41 26644 44963 77 641 626
1706660503.47 26645 44968 73 641 624
1706660507.34 26646 44972 51 641 623
1706660519.13 26647 44984 22 641 585
1706660532.46 26648 44997 48 641 611
1706660549.6 26649 45014 54 641 601
1706660556.65 26650 45021 50 641 628
1706660557.65 26651 45022 41 641 558
1706660567.36 26652 45032 3 641 624
1706660570.36 26653 45034 95 641 634
1706660570.73 26654 45035 22 641 552
1706660575.02 26655 45039 43 641 562
1706660579.04 26656 45043 36 641 616
1706660582.88 26657 45047 11 641 630
1706660584.18 26658 45048 31 641 606
1706660588.99 26659 45053 3 641 617
1706660597.77 26660 45061 73 641 631
1706660617.12 26661 45081 1 641 616
1706660629.38 26662 45093 19 641 622
1706660635.07 26663 45098 78 641 611
1706660637.36 26664 45100 99 641 631
1706660637.65 26665 45101 18 641 548
1706660642.43 26666 45105 87 641 559
1706660656.64 26667 45120 1 641 623
1706660660.08 26668 45123 36 641 605
1706660670.77 26669 45133 97 641 629
1706660672.77 26670 45135 88 641 559
1706660675.92 26671 45138 93 641 621
1706660676.97 26672 45139 90 641 594
1706660692.03 26673 45154 88 641 620
1706660705.76 26674 45168 54 641 622
1706660706.79 26675 45169 47 641 592
1706660716.1 26676 45178 70 641 597
1706660719.68 26677 45182 18 641 622
1706660736.2 26678 45198 62 641 626
1706660737.28 26679 45199 61 641 484
1706660737.48 26680 45199 72 641 542
1706660744.59 26681 45206 74 641 618
1706660747.31 26682 45209 36 640 299
1706660749.87 26683 45211 83 641 594
1706660755.55 26684 45217 42 641 617
1706660756.01 26685 45217 79 641 557
1706660760.71 26686 45222 40 641 629
1706660774.4 26687 45236 1 641 573
1706660790.0 26688 45251 54 641 628
1706660790.67 26689 45252 11 641 572
1706660795.15 26690 45256 51 641 632
1706660798.27 26691 45259 54 641 616
1706660802.16 26692 45263 34 641 631
1706660806.71 26693 45267 80 641 629
1706660817.01 26694 45278 1 641 625
1706660825.86 26695 45286 78 641 621
1706660826.57 26696 45287 40 641 548
1706660827.29 26697 45288 3 641 574
1706660832.85 26698 45293 50 641 624
1706660843.29 26699 45303 86 641 621
1706660852.51 26700 45313 1 641 625
1706660855.31 26701 45315 72 641 616
1706660865.6 26702 45325 92 641 626
1706660867.01 26703 45327 24 641 611
1706660869.88 26704 45330 2 641 627
1706660879.99 26705 45340 4 641 469
1706660883.75 26706 45343 71 641 621
1706660886.5 26707 45346 37 641 620
1706660890.12 26708 45349 90 641 521
1706660890.97 26709 45350 66 641 579
1706660892.22 26710 45351 81 641 526
1706660892.37 26711 45351 87 641 541
1706660893.14 26712 45352 54 641 581
1706660901.38 26713 45360 70 641 625
1706660916.16 26714 45375 40 641 624
1706660932.84 26715 45392 0 641 619
1706660942.19 26716 45401 27 641 616
1706660944.28 26717 45403 27 641 612
1706660944.38 26718 45403 27 640 530
1706660945.06 26719 45403 86 641 575
1706660950.51 26720 45409 23 641 627
1706660953.72 26721 45412 35 641 628
1706660960.48 26722 45419 2 641 629
1706660962.44 26723 45420 89 641 623
1706660974.22 26724 45432 59 641 602
1706660979.74 26725 45438 2 641 464
1706660987.85 26726 45446 4 641 596
1706661002.95 26727 45461 8 641 627
1706661005.98 26728 45464 2 641 586
1706661013.89 26729 45471 85 641 626
1706661022.3 26730 45480 17 641 624
1706661024.79 26731 45482 57 641 628
1706661034.47 26732 45492 16 641 367
1706661041.41 26733 45499 1 641 622
1706661058.53 26734 45516 6 641 624
1706661063.36 26735 45520 80 641 627
1706661069.94 26736 45527 29 641 630
1706661075.02 26737 45532 28 641 624
1706661075.92 26738 45533 9 641 585
1706661085.15 26739 45542 23 641 616
1706661088.25 26740 45545 24 641 628
1706661096.11 26741 45553 2 641 596
1706661105.46 26742 45562 28 641 527
1706661112.91 26743 45569 65 641 614
1706661117.84 26744 45574 49 641 625
1706661134.35 26745 45590 93 641 624
1706661137.62 26746 45594 10 641 626
1706661139.75 26747 45596 14 641 553
1706661161.71 26748 45618 3 641 600
1706661164.67 26749 45620 90 641 633
1706661170.6 26750 45626 74 641 618
1706661178.36 26751 45634 41 641 621
1706661181.52 26752 45637 48 641 624
1706661188.51 26753 45644 38 641 624
1706661212.14 26754 45667 94 641 625
1706661214.13 26755 45669 83 641 619
1706661220.54 26756 45676 15 641 619
1706661227.4 26757 45682 94 641 625
1706661229.68 26758 45685 12 641 581
1706661238.91 26759 45694 26 641 627
1706661249.44 26760 45704 71 641 630
1706661253.61 26761 45708 79 641 550
1706661261.07 26762 45716 17 641 599
1706661267.14 26763 45722 14 641 629
1706661276.15 26764 45731 7 641 630
1706661277.31 26765 45732 14 641 599
1706661284.75 26766 45739 49 641 592
1706661287.13 26767 45741 78 641 620
1706661294.82 26768 45749 39 641 535
1706661306.52 26769 45761 0 641 591
1706661308.84 26770 45763 24 641 612
1706661312.02 26771 45766 32 641 573
1706661312.53 26772 45766 73 641 562
1706661313.91 26773 45768 2 641 598
1706661318.04 26774 45772 6 641 624
1706661320.36 26775 45774 29 641 625
1706661322.05 26776 45775 89 641 628
1706661325.77 26777 45779 52 641 626
1706661330.25 26778 45783 91 641 618
1706661332.76 26779 45786 32 641 582
1706661340.69 26780 45794 17 641 537
1706661343.11 26781 45796 50 641 621
1706661352.44 26782 45805 74 641 622
1706661355.86 26783 45809 7 641 620
1706661356.92 26784 45810 4 641 593
1706661369.34 26785 45822 38 641 618
1706661375.94 26786 45828 89 641 620
1706661389.22 26787 45842 10 641 625
1706661391.05 26788 45843 84 641 625
1706661401.24 26789 45853 94 641 627
1706661408.22 26790 45860 83 641 601
1706661410.27 26791 45862 79 641 626
1706661428.58 26792 45881 2 641 599
1706661433.78 26793 45886 14 641 626
1706661440.81 26794 45893 9 641 607
1706661441.03 26795 45893 23 641 545
1706661445.7 26796 45897 80 641 622
1706661449.75 26797 45901 76 641 630
1706661451.06 26798 45902 99 641 609
1706661460.56 26799 45912 40 641 609
1706661461.18 26800 45912 93 641 568
1706661464.27 26801 45915 92 641 625
1706661464.93 26802 45916 50 641 571
1706661467.73 26803 45919 21 641 527
1706661468.44 26804 45919 83 641 505
1706661472.28 26805 45923 58 641 617
1706661482.49 26806 45933 70 641 625
1706661485.66 26807 45936 78 641 627
1706661495.24 26808 45946 28 641 626
1706661496.75 26809 45947 69 641 620
1706661498.96 26810 45949 81 641 622
1706661502.66 26811 45953 42 641 624
1706661504.85 26812 45955 52 641 585
1706661512.39 26813 45962 98 641 632
1706661514.63 26814 45965 13 641 628
1706661520.47 26815 45970 88 641 604
1706661521.8 26816 45972 12 641 606
1706661524.12 26817 45974 35 641 623
1706661528.38 26818 45978 51 641 625
1706661531.14 26819 45981 19 641 615
1706661533.85 26820 45983 81 641 627
1706661544.17 26821 45994 5 641 620
1706661560.52 26822 46010 32 641 618
1706661581.18 26823 46030 90 641 632
1706661581.31 26824 46030 94 641 541
1706661582.63 26825 46032 17 641 608
1706661607.51 26826 46056 98 641 596
1706661640.92 26827 46090 32 641 618
1706661646.01 26828 46095 32 641 627
1706661646.36 26829 46095 57 641 551
1706661647.98 26830 46097 10 641 593
1706661649.17 26831 46098 20 641 601
1706661650.68 26832 46099 62 641 583
1706661652.91 26833 46101 75 641 629
1706661653.92 26834 46102 67 641 593
1706661655.01 26835 46103 66 641 596
1706661682.92 26836 46131 51 641 572
1706661686.92 26837 46135 42 641 625
1706661690.67 26838 46139 9 641 623
1706661694.09 26839 46142 42 641 564
1706661715.61 26840 46163 86 641 611
1706661726.37 26841 46174 54 641 583
1706661727.7 26842 46175 78 641 606
1706661739.74 26843 46187 74 641 611
1706661749.99 26844 46197 91 641 622
1706661750.86 26845 46198 68 641 583
1706661751.49 26846 46199 21 641 569
1706661754.48 26847 46202 11 641 594
1706661766.57 26848 46214 13 641 611
1706661785.8 26849 46233 28 641 622
1706661785.9 26850 46233 28 640 533
1706661794.13 26851 46241 44 641 623
1706661802.17 26852 46249 39 641 503
1706661804.92 26853 46252 5 641 609
1706661809.39 26854 46256 43 641 627
1706661826.1 26855 46273 7 641 617
1706661828.0 26856 46274 88 641 612
1706661838.35 26857 46285 14 641 628
1706661838.61 26858 46285 31 641 545
1706661844.29 26859 46290 90 641 616
1706661875.65 26860 46322 20 641 499
1706661882.13 26861 46328 59 641 624
1706661889.58 26862 46335 95 641 627
1706661911.38 26863 46357 68 641 621
1706661912.02 26864 46358 23 641 570
1706661928.33 26865 46374 46 641 481
1706661937.44 26866 46383 48 641 627
1706661941.29 26867 46387 24 641 627
1706661947.05 26868 46392 92 641 630
1706661954.21 26869 46399 99 641 622
1706661954.39 26870 46400 9 641 540
1706661954.67 26871 46400 27 641 548
1706661969.12 26872 46414 64 641 627
1706661973.34 26873 46418 77 641 623
1706661975.5 26874 46420 83 641 618
1706661994.49 26875 46439 75 641 625
1706661998.74 26876 46443 92 641 620
1706662001.61 26877 46446 70 641 623
1706662002.0 26878 46446 99 641 553
1706662004.56 26879 46449 46 641 628
1706662011.15 26880 46455 96 641 631
1706662012.36 26881 46457 8 641 603
1706662023.62 26882 46468 26 641 621
1706662037.24 26883 46481 80 641 625
1706662049.1 26884 46493 58 641 620
1706662050.74 26885 46495 13 641 623
1706662051.56 26886 46495 85 641 579
1706662067.79 26887 46512 1 641 520
1706662071.88 26888 46516 1 641 628
1706662076.75 26889 46520 79 641 622
1706662093.51 26890 46537 47 641 623
1706662104.52 26891 46548 40 641 626
1706662115.94 26892 46559 74 641 620
1706662119.08 26893 46562 79 641 568
1706662120.27 26894 46563 89 641 598
1706662131.49 26895 46575 2 641 597
1706662133.9 26896 46577 35 641 627
1706662141.75 26897 46585 11 641 623
1706662141.85 26898 46585 11 640 529
1706662145.28 26899 46588 46 641 631
1706662146.19 26900 46589 28 641 583
1706662153.77 26901 46596 77 641 631
1706662172.51 26902 46615 43 641 630
1706662178.35 26903 46621 18 641 612
1706662182.99 26904 46625 73 641 606
1706662183.09 26905 46625 73 640 537
1706662184.52 26906 46627 8 641 616
1706662185.11 26907 46627 58 641 567
1706662194.23 26908 46636 61 641 621
1706662205.86 26909 46648 16 641 601
1706662212.07 26910 46654 29 641 564
1706662217.31 26911 46659 44 641 631
1706662221.17 26912 46663 20 641 630
1706662221.8 26913 46663 74 641 494
1706662229.75 26914 46671 60 641 620
1706662230.03 26915 46671 79 641 548
1706662232.16 26916 46673 83 641 627
1706662232.71 26917 46674 29 641 566
1706662235.11 26918 46676 60 641 607
1706662243.49 26919 46684 89 641 635
1706662244.95 26920 46686 26 641 617
1706662256.06 26921 46697 28 641 630
1706662269.99 26922 46711 13 641 612
1706662271.84 26923 46712 89 641 625
1706662271.94 26924 46712 89 640 534
1706662282.23 26925 46723 10 641 612
1706662285.94 26926 46726 73 641 629
1706662301.1 26927 46741 82 641 628
1706662307.51 26928 46748 14 641 627
1706662308.88 26929 46749 41 641 396
1706662316.04 26930 46756 48 641 620
1706662322.19 26931 46762 54 641 624
1706662323.07 26932 46763 33 641 587
1706662326.25 26933 46766 42 641 624
1706662328.85 26934 46768 92 641 628
1706662335.24 26935 46775 23 641 621
1706662336.18 26936 46776 7 641 586
1706662340.61 26937 46780 41 641 612
1706662342.38 26938 46782 10 641 632
1706662351.44 26939 46791 7 641 618
1706662355.66 26940 46795 20 640 321
1706662355.79 26941 46795 24 641 543
1706662359.21 26942 46798 57 641 633
1706662373.37 26943 46812 65 641 620
1706662374.45 26944 46813 64 641 596
1706662375.1 26945 46814 19 641 571
1706662377.9 26946 46816 90 641 628
1706662379.69 26947 46818 60 641 625
1706662385.0 26948 46823 82 641 627
1706662392.13 26949 46830 86 641 627
1706662398.26 26950 46836 91 641 621
1706662409.52 26951 46848 8 641 620
1706662410.61 26952 46849 8 641 442
1706662422.4 26953 46860 80 641 617
1706662431.86 26954 46870 17 641 590
1706662440.32 26955 46878 54 641 624
1706662442.52 26956 46880 65 641 624
1706662445.64 26957 46883 68 641 608
1706662448.13 26958 46886 8 641 592
1706662452.99 26959 46890 85 641 622
1706662463.73 26960 46901 51 641 595
1706662465.49 26961 46903 18 641 619
1706662470.42 26962 46908 2 641 625
1706662481.16 26963 46918 67 641 628
1706662481.25 26964 46918 67 640 532
1706662484.49 26965 46921 82 641 627
1706662487.67 26966 46924 91 641 630
1706662494.75 26967 46931 91 641 625
1706662497.0 26968 46934 6 641 626
1706662499.02 26969 46935 99 641 617
1706662500.45 26970 46937 33 641 614
1706662503.07 26971 46939 86 641 612
1706662513.69 26972 46950 39 641 578
1706662517.85 26973 46954 46 641 628
1706662524.53 26974 46961 5 641 632
1706662530.55 26975 46966 99 641 630
1706662544.47 26976 46980 83 641 627
1706662554.23 26977 46990 50 641 631
1706662559.93 26978 46996 11 641 631
1706662561.68 26979 46997 77 641 472
1706662563.68 26980 46999 68 641 628
1706662563.78 26981 46999 68 640 535
1706662592.61 26982 47028 46 641 621
1706662596.23 26983 47032 0 641 605
1706662610.99 26984 47046 68 641 622
1706662613.01 26985 47048 61 641 592
1706662613.92 26986 47049 42 641 586
1706662646.35 26987 47081 79 641 625
1706662655.45 26988 47090 80 641 631
1706662657.06 26989 47092 33 641 623
1706662657.41 26990 47092 58 641 551
1706662658.14 26991 47093 22 641 577
1706662659.52 26992 47094 50 641 613
1706662662.33 26993 47097 23 641 630
1706662683.75 26994 47118 58 641 630
1706662702.61 26995 47137 37 641 614
1706662704.92 26996 47139 59 641 627
1706662708.65 26997 47143 22 641 627
1706662717.97 26998 47152 46 641 610
1706662720.65 26999 47155 6 641 626
1706662728.54 27000 47162 87 641 629
1706662729.38 27001 47163 62 641 584
1706662737.71 27002 47171 86 641 581
1706662738.63 27003 47172 68 641 585
1706662740.69 27004 47174 66 641 520
1706662746.65 27005 47180 53 641 624
1706662747.68 27006 47181 47 641 594
1706662764.96 27007 47198 67 641 622
1706662768.74 27008 47202 36 641 630
1706662769.94 27009 47203 46 641 603
1706662776.49 27010 47209 93 641 630
1706662787.51 27011 47220 87 641 620
1706662787.86 27012 47221 12 641 554
1706662789.94 27013 47223 12 641 617
1706662791.35 27014 47224 43 641 612
1706662812.47 27015 47245 49 641 627
1706662814.63 27016 47247 55 641 496
1706662818.79 27017 47251 63 641 626
1706662824.11 27018 47256 86 641 563
1706662836.21 27019 47268 88 641 627
1706662838.63 27020 47271 20 641 602
1706662841.36 27021 47273 84 641 623
1706662845.91 27022 47278 30 641 626
1706662863.19 27023 47295 50 641 610
1706662864.87 27024 47297 10 641 541
1706662875.07 27025 47307 22 641 615
1706662879.51 27026 47311 57 641 622
1706662881.44 27027 47313 40 641 404
1706662883.57 27028 47315 43 641 615
1706662892.47 27029 47324 26 641 606
1706662899.95 27030 47331 65 641 633
1706662903.97 27031 47335 58 641 407
1706662908.85 27032 47340 37 641 608
1706662909.43 27033 47340 86 641 565
1706662921.52 27034 47352 87 641 629
1706662925.73 27035 47356 99 641 620
1706662927.57 27036 47358 74 641 588
1706662929.59 27037 47360 67 641 626
1706662931.26 27038 47362 25 641 627
1706662932.54 27039 47363 43 641 608
1706662934.12 27040 47364 92 641 597
1706662936.42 27041 47367 13 641 619
1706662937.34 27042 47367 96 641 586
1706662952.99 27043 47383 54 641 631
1706662967.68 27044 47398 15 641 590
1706662968.38 27045 47398 75 641 576
1706662985.42 27046 47415 72 641 624
1706662997.0 27047 47427 22 641 627
1706663000.35 27048 47430 48 641 626
1706663011.62 27049 47441 67 641 614
1706663016.94 27050 47446 90 641 628
1706663028.06 27051 47457 93 641 542
1706663032.6 27052 47462 38 641 622
1706663036.34 27053 47466 3 641 621
1706663039.03 27054 47468 63 641 631
1706663052.81 27055 47482 33 641 572
1706663060.82 27056 47490 25 641 630
1706663062.51 27057 47491 86 641 590
1706663064.81 27058 47494 7 641 627
1706663069.96 27059 47499 13 641 629
1706663073.17 27060 47502 25 641 625
1706663073.51 27061 47502 50 641 553
1706663073.75 27062 47502 65 641 546
1706663075.8 27063 47504 61 641 623
1706663087.61 27064 47516 34 641 569
1706663090.37 27065 47519 1 641 627
1706663093.58 27066 47522 13 641 594
1706663100.64 27067 47529 10 641 624
1706663112.01 27068 47540 39 641 622
1706663114.94 27069 47543 22 641 613
1706663117.58 27070 47545 77 641 629
1706663118.14 27071 47546 24 641 569
1706663122.82 27072 47550 84 641 603
1706663134.53 27073 47562 46 641 620
1706663135.2 27074 47563 3 641 500
1706663145.68 27075 47573 43 641 627
1706663150.06 27076 47577 72 641 619
1706663153.8 27077 47581 37 641 616
1706663155.74 27078 47583 22 641 621
1706663159.77 27079 47587 16 641 626
1706663162.94 27080 47590 24 641 626
1706663165.87 27081 47593 8 641 632
1706663168.51 27082 47595 63 641 628
1706663170.05 27083 47597 8 641 619
1706663179.93 27084 47606 88 641 628
1706663182.03 27085 47608 88 641 618
1706663196.88 27086 47623 65 641 621
1706663209.89 27087 47636 58 641 630
1706663211.48 27088 47638 8 641 615
1706663213.83 27089 47640 34 641 617
1706663218.3 27090 47644 72 641 619
1706663223.78 27091 47650 11 641 631
1706663227.36 27092 47653 59 641 630
1706663227.9 27093 47654 4 641 427
1706663236.88 27094 47662 94 641 627
1706663239.54 27095 47665 51 641 619
1706663241.16 27096 47667 4 641 598
1706663247.64 27097 47673 43 641 622
1706663247.74 27098 47673 43 640 532
1706663248.5 27099 47674 10 641 579
1706663251.97 27100 47677 48 641 617
1706663252.14 27101 47677 56 641 543
1706663263.77 27102 47689 10 641 446
1706663265.39 27103 47690 63 641 629
1706663280.54 27104 47705 70 641 614
1706663282.19 27105 47707 26 641 568
1706663282.29 27106 47707 26 640 533
1706663292.31 27107 47717 21 641 622
1706663296.72 27108 47721 53 641 612
1706663304.53 27109 47729 25 641 620
1706663318.12 27110 47742 76 641 595
1706663328.4 27111 47752 96 641 597
1706663332.81 27112 47757 29 641 552
1706663333.38 27113 47757 76 641 565
1706663334.39 27114 47758 68 641 594
1706663338.5 27115 47762 70 641 626
1706663352.4 27116 47776 52 641 628
1706663357.9 27117 47781 94 641 608
1706663363.92 27118 47787 87 641 608
1706663366.75 27119 47790 60 641 624
1706663366.85 27120 47790 60 640 531
1706663369.3 27121 47792 97 641 628
1706663379.56 27122 47803 14 641 630
1706663385.16 27123 47808 65 641 631
1706663393.32 27124 47816 73 641 622
1706663402.23 27125 47825 55 641 627
1706663409.58 27126 47832 81 641 619
1706663418.13 27127 47841 28 641 616
1706663422.38 27128 47845 44 641 631
1706663423.43 27129 47846 40 641 596
1706663428.79 27130 47851 67 641 622
1706663430.96 27131 47853 74 641 628
1706663432.81 27132 47855 50 641 609
1706663432.99 27133 47855 59 641 542
1706663433.83 27134 47856 33 641 585
1706663439.39 27135 47861 80 641 632
1706663444.75 27136 47867 8 641 607
1706663446.81 27137 47869 4 641 600
1706663449.39 27138 47871 54 641 471
1706663456.71 27139 47878 77 641 620
1706663457.46 27140 47879 42 641 579
1706663464.35 27141 47886 23 641 629
1706663470.82 27142 47892 61 641 624
1706663471.59 27143 47893 29 641 578
1706663473.1 27144 47894 70 641 619
1706663483.49 27145 47905 1 641 629
1706663488.8 27146 47910 24 641 630
1706663494.28 27147 47915 62 641 543
1706663497.53 27148 47918 78 641 617
1706663499.41 27149 47920 57 641 632
1706663506.58 27150 47927 65 641 633
1706663518.93 27151 47939 92 641 620
1706663528.56 27152 47949 47 641 611
1706663533.7 27153 47954 52 641 621
1706663536.17 27154 47956 90 641 631
1706663541.93 27155 47962 57 641 595
1706663542.21 27156 47962 76 641 551
1706663548.34 27157 47968 80 641 626
1706663549.12 27158 47969 49 641 580
1706663553.74 27159 47974 2 641 618
1706663556.61 27160 47976 81 641 507
1706663565.71 27161 47985 82 641 508
1706663569.5 27162 47989 52 641 600
1706663574.98 27163 47994 91 641 630
1706663577.39 27164 47997 22 641 633
1706663586.0 27165 48005 75 641 627
1706663587.66 27166 48007 31 641 626
1706663592.84 27167 48012 40 641 599
1706663598.1 27168 48017 58 641 625
1706663605.06 27169 48024 45 641 627
1706663609.45 27170 48028 75 641 622
1706663610.21 27171 48029 42 641 578
1706663615.0 27172 48034 12 641 627
1706663617.26 27173 48036 29 641 628
1706663618.42 27174 48037 36 641 600
1706663619.17 27175 48038 1 641 578
1706663621.92 27176 48040 67 641 629
1706663643.36 27177 48062 4 641 620
1706663655.11 27178 48073 71 641 620
1706663656.72 27179 48075 23 641 624
1706663660.48 27180 48078 90 641 623
1706663664.8 27181 48083 13 641 538
1706663665.79 27182 48084 3 641 591
1706663673.16 27183 48091 31 641 627
1706663673.44 27184 48091 50 641 508
1706663680.35 27185 48098 31 641 588
1706663680.44 27186 48098 31 640 531
1706663694.61 27187 48112 41 641 615
1706663695.85 27188 48113 55 641 605
1706663701.46 27189 48119 8 641 614
1706663711.74 27190 48129 28 641 536
1706663712.41 27191 48129 86 641 538
1706663713.32 27192 48130 68 641 452
1706663714.46 27193 48131 72 641 602
1706663716.84 27194 48134 3 641 613
1706663718.83 27195 48135 92 641 524
1706663721.65 27196 48138 65 641 620
1706663726.9 27197 48143 81 641 620
1706663729.49 27198 48146 31 641 630
1706663733.12 27199 48149 85 641 501
1706663739.62 27200 48156 26 641 622
1706663756.79 27201 48173 35 641 624
1706663761.08 27202 48177 55 641 627
1706663767.82 27203 48184 20 641 623
1706663774.26 27204 48190 55 641 631
1706663774.52 27205 48190 72 641 492
1706663775.22 27206 48191 33 641 574
1706663783.11 27207 48199 14 641 631
1706663789.86 27208 48205 80 641 626
1706663800.11 27209 48215 97 641 627
1706663811.33 27210 48227 11 641 628
1706663817.69 27211 48233 38 641 619
1706663820.37 27212 48235 97 641 625
1706663821.66 27213 48237 17 641 609
1706663825.74 27214 48241 16 641 622
1706663828.19 27215 48243 52 641 547
1706663844.19 27216 48259 45 641 625
1706663848.22 27217 48263 39 641 624
1706663850.46 27218 48265 54 641 590
1706663852.76 27219 48267 75 641 618
1706663855.55 27220 48270 45 641 622
1706663858.47 27221 48273 28 641 527
1706663860.33 27222 48275 5 641 634
1706663863.13 27223 48277 77 641 626
1706663864.25 27224 48278 80 641 597
1706663865.72 27225 48280 18 641 616
1706663869.49 27226 48283 86 641 609
1706663882.79 27227 48297 9 641 632
1706663887.09 27228 48301 30 641 621
1706663887.34 27229 48301 45 641 547
1706663890.93 27230 48304 96 641 630
1706663897.52 27231 48311 46 641 524
1706663906.01 27232 48319 86 641 623
1706663910.63 27233 48324 40 641 628
1706663937.16 27234 48350 86 641 621
1706663948.75 27235 48362 36 641 625
1706663959.46 27236 48372 99 641 593
1706663960.77 27237 48374 20 641 425
1706663961.57 27238 48374 91 641 583
1706663977.69 27239 48390 95 641 620
1706663978.15 27240 48391 32 641 558
1706663984.78 27241 48397 86 641 598
1706663989.15 27242 48402 14 641 628
1706663990.05 27243 48402 95 641 568
1706663997.65 27244 48410 46 641 553
1706664001.93 27245 48414 65 641 461
1706664006.95 27246 48419 58 641 631
1706664008.39 27247 48420 93 641 617
1706664016.31 27248 48428 77 641 624
1706664018.3 27249 48430 66 641 619
1706664024.57 27250 48436 85 641 596
1706664024.75 27251 48436 93 641 543
1706664027.52 27252 48439 60 641 626
1706664031.57 27253 48443 56 641 632
