1705968035.66 49792 17087 10 641 627
1705968042.59 49793 17093 96 641 625
1705968044.75 49794 17096 3 641 605
1705968048.16 49795 17099 35 641 580
1705968055.38 49796 17106 49 641 630
1705968062.85 49797 17113 87 641 620
1705968067.93 49798 17118 87 641 536
1705968069.0 49799 17119 85 641 615
1705968070.1 49800 17120 85 641 519
1705968070.48 49801 17121 14 641 562
1705968075.09 49802 17125 66 641 627
1705968077.82 49803 17128 30 641 510
1705968079.11 49804 17129 49 641 633
1705968079.21 49805 17129 49 640 530
1705968080.58 49806 17130 78 641 630
1705968088.93 49807 17139 6 641 627
1705968092.84 49808 17142 88 641 575
1705968104.03 49809 17153 99 641 566
1705968104.23 49810 17154 10 641 546
1705968113.84 49811 17163 62 641 524
1705968114.94 49812 17164 62 641 616
1705968121.33 49813 17170 92 641 617
1705968129.57 49814 17179 8 641 628
1705968132.35 49815 17181 77 641 602
1705968144.57 49816 17193 92 641 624
1705968146.17 49817 17195 43 641 624
1705968149.4 49818 17198 56 641 611
1705968160.24 49819 17209 32 641 625
1705968166.34 49820 17215 33 641 623
1705968169.09 49821 17218 0 641 625
1705968174.91 49822 17223 73 641 576
1705968181.52 49823 17230 26 641 570
1705968190.03 49824 17238 69 641 610
1705968192.53 49825 17241 9 641 628
1705968199.81 49826 17248 29 641 632
1705968206.02 49827 17254 42 641 629
1705968223.88 49828 17272 20 641 427
1705968226.27 49829 17274 50 641 618
1705968232.9 49830 17281 4 641 526
1705968236.75 49831 17284 81 641 632
1705968243.7 49832 17291 67 641 599
1705968252.52 49833 17300 40 641 593
1705968262.32 49834 17310 12 641 630
1705968267.1 49835 17314 81 641 621
1705968269.44 49836 17317 6 641 496
1705968282.44 49837 17329 99 641 625
1705968283.52 49838 17330 97 641 611
1705968287.72 49839 17335 9 641 467
1705968290.79 49840 17338 8 641 629
1705968299.17 49841 17346 37 641 513
1705968312.01 49842 17359 13 641 631
1705968315.22 49843 17362 25 641 627
1705968318.53 49844 17365 47 641 629
1705968338.41 49845 17385 27 641 625
1705968340.68 49846 17387 45 641 627
1705968349.66 49847 17396 35 641 608
1705968351.1 49848 17397 70 641 629
1705968352.02 49849 17398 52 641 605
1705968355.7 49850 17402 11 641 630
1705968363.08 49851 17409 41 640 316
1705968373.9 49852 17420 15 641 626
1705968376.73 49853 17422 89 641 627
1705968380.25 49854 17426 31 641 629
1705968382.72 49855 17428 69 641 630
1705968383.15 49856 17429 3 641 567
1705968384.09 49857 17429 88 641 607
1705968384.9 49858 17430 60 641 596
1705968408.7 49859 17454 33 641 621
1705968409.74 49860 17455 28 641 551
1705968410.35 49861 17455 79 641 517
1705968411.81 49862 17457 17 641 608
1705968418.86 49863 17464 13 641 593
1705968419.8 49864 17464 98 641 608
1705968422.7 49865 17467 78 641 601
1705968424.02 49866 17469 1 641 612
1705968426.24 49867 17471 13 641 630
1705968428.43 49868 17473 24 641 564
1705968429.83 49869 17474 54 641 626
1705968439.14 49870 17483 76 641 622
1705968440.94 49871 17485 47 641 624
1705968442.76 49872 17487 20 641 591
1705968447.03 49873 17491 38 641 627
1705968450.1 49874 17494 36 641 626
1705968458.26 49875 17502 44 641 507
1705968459.04 49876 17503 12 641 594
1705968463.13 49877 17507 12 641 624
1705968483.13 49878 17527 5 641 619
1705968490.67 49879 17534 51 641 630
1705968496.01 49880 17539 76 641 632
1705968496.91 49881 17540 57 641 602
1705968506.57 49882 17550 14 641 604
1705968513.03 49883 17556 52 641 632
1705968520.38 49884 17563 78 641 623
1705968522.54 49885 17565 85 641 627
1705968531.48 49886 17574 70 641 629
1705968533.12 49887 17576 25 641 622
1705968535.03 49888 17578 7 641 633
1705968537.35 49889 17580 30 641 630
1705968539.18 49890 17582 4 641 628
1705968540.56 49891 17583 34 641 635
1705968540.81 49892 17583 49 641 549
1705968545.4 49893 17588 0 641 623
1705968547.19 49894 17589 69 641 632
1705968548.86 49895 17591 27 641 632
1705968549.5 49896 17591 82 641 583
1705968593.04 49897 17635 31 641 624
1705968603.48 49898 17645 67 641 621
1705968603.86 49899 17645 95 641 562
1705968605.86 49900 17647 86 641 624
1705968611.44 49901 17653 34 641 460
1705968613.33 49902 17655 15 641 575
1705968618.35 49903 17660 8 641 600
1705968633.85 49904 17675 50 641 612
1705968634.51 49905 17676 6 641 584
1705968635.74 49906 17677 20 641 627
1705968646.09 49907 17687 46 641 603
1705968653.76 49908 17695 4 641 628
1705968665.44 49909 17706 65 641 618
1705968674.6 49910 17715 72 641 627
1705968690.26 49911 17731 31 641 625
1705968695.07 49912 17736 3 641 634
1705968700.09 49913 17740 97 641 618
1705968711.27 49914 17752 7 641 624
1705968715.59 49915 17756 30 641 613
1705968715.7 49916 17756 32 641 535
1705968715.89 49917 17756 41 641 545
1705968715.99 49918 17756 41 640 535
1705968726.1 49919 17766 45 641 632
1705968732.1 49920 17772 36 641 595
1705968734.36 49921 17774 53 641 536
1705968742.13 49922 17782 22 641 620
1705968747.32 49923 17787 31 641 625
1705968760.77 49924 17800 68 641 619
1705968762.68 49925 17802 50 641 604
1705968763.01 49926 17802 74 641 558
1705968764.39 49927 17804 3 641 634
1705968768.42 49928 17807 97 641 459
1705968772.45 49929 17811 90 641 592
1705968780.18 49930 17819 55 641 616
1705968782.77 49931 17822 5 641 536
1705968783.35 49932 17822 54 641 577
1705968790.88 49933 17829 99 641 572
1705968801.92 49934 17840 95 641 628
1705968802.81 49935 17841 75 641 603
1705968808.84 49936 17847 69 641 531
1705968819.5 49937 17858 27 641 612
1705968821.14 49938 17859 81 641 623
1705968821.62 49939 17860 20 641 568
1705968822.59 49940 17861 8 641 608
1705968823.76 49941 17862 16 641 580
1705968826.54 49942 17864 85 641 611
1705968828.15 49943 17866 37 641 626
1705968843.06 49944 17881 20 641 625
1705968844.41 49945 17882 45 641 634
1705968850.0 49946 17887 96 641 525
1705968851.77 49947 17889 64 641 503
1705968852.16 49948 17889 94 641 563
1705968862.36 49949 17900 6 641 634
1705968863.92 49950 17901 53 641 630
1705968865.79 49951 17903 31 641 536
1705968866.26 49952 17903 68 641 545
1705968869.92 49953 17907 25 641 624
1705968881.95 49954 17919 19 641 627
1705968891.21 49955 17928 37 641 593
1705968892.54 49956 17929 60 641 600
1705968895.58 49957 17932 55 641 623
1705968902.8 49958 17939 69 641 622
1705968907.95 49959 17944 75 641 577
1705968913.65 49960 17950 36 641 615
1705968913.75 49961 17950 36 640 532
1705968916.32 49962 17952 85 641 632
1705968916.61 49963 17953 5 641 555
1705968917.63 49964 17953 98 641 612
1705968920.03 49965 17956 29 641 572
1705968925.19 49966 17961 36 641 629
1705968930.94 49967 17967 2 641 577
1705968944.21 49968 17980 22 641 575
1705968945.77 49969 17981 68 641 618
1705968949.08 49970 17984 90 641 619
1705968960.37 49971 17996 10 641 565
1705968961.13 49972 17996 76 641 591
1705968962.09 49973 17997 63 641 552
1705968962.6 49974 17998 5 641 572
1705968966.02 49975 18001 38 641 627
1705968966.16 49976 18001 42 641 537
1705968967.68 49977 18002 85 641 617
1705968968.6 49978 18003 68 641 604
1705968976.87 49979 18011 87 641 626
1705968978.27 49980 18013 17 641 608
1705968979.44 49981 18014 24 641 556
1705968982.37 49982 18017 8 641 614
1705968985.23 49983 18019 85 641 551
1705968991.06 49984 18025 59 641 624
1705968991.97 49985 18026 40 641 601
1705968997.38 49986 18031 72 641 627
1705968997.68 49987 18031 92 641 556
1705968997.97 49988 18032 11 641 556
1705968999.91 49989 18033 97 641 633
1705969006.62 49990 18040 59 641 625
1705969014.71 49991 18048 60 641 540
1705969019.22 49992 18053 2 641 632
1705969021.25 49993 18054 96 641 503
1705969034.61 49994 18068 24 641 619
1705969035.83 49995 18069 38 641 624
1705969039.89 49996 18073 35 641 584
1705969050.6 49997 18083 97 641 626
1705969051.13 49998 18084 41 641 520
1705969051.23 49999 18084 42 640 536
1705969052.3 50000 18085 40 641 594
1705969054.89 50001 18087 90 641 622
1705969055.8 50002 18088 71 641 603
1705969056.24 50003 18089 6 641 568
1705969057.15 50004 18089 89 641 604
1705969060.25 50005 18092 89 641 613
1705969068.03 50006 18100 58 641 621
1705969073.69 50007 18106 15 641 627
1705969077.34 50008 18109 72 641 621
1705969080.61 50009 18112 90 641 626
1705969082.12 50010 18114 32 641 623
1705969082.22 50011 18114 32 640 534
1705969086.53 50012 18118 54 641 631
1705969096.69 50013 18128 62 641 631
1705969097.06 50014 18128 90 641 561
1705969110.14 50015 18141 89 641 627
1705969115.02 50016 18146 68 641 618
1705969126.24 50017 18157 82 641 630
1705969128.19 50018 18159 68 641 623
1705969130.75 50019 18162 15 641 630
1705969136.72 50020 18168 3 641 612
1705969137.82 50021 18169 4 641 596
1705969141.62 50022 18172 75 641 635
1705969146.82 50023 18177 85 641 626
1705969150.37 50024 18181 31 641 604
1705969166.02 50025 18196 89 641 614
1705969167.85 50026 18198 63 641 614
1705969172.97 50027 18203 66 641 629
1705969173.46 50028 18204 6 641 571
1705969178.6 50029 18209 11 641 630
1705969191.74 50030 18222 17 641 589
1705969194.75 50031 18225 9 641 526
1705969205.59 50032 18235 85 641 562
1705969206.69 50033 18236 86 641 617
1705969216.13 50034 18246 22 641 632
1705969231.06 50035 18261 6 641 627
1705969235.63 50036 18265 54 641 615
1705969240.27 50037 18270 10 641 620
1705969248.36 50038 18278 10 641 500
1705969248.59 50039 18278 24 641 547
1705969249.89 50040 18279 45 641 609
1705969256.11 50041 18285 59 641 622
1705969256.86 50042 18286 24 641 590
1705969264.26 50043 18293 56 641 613
1705969266.19 50044 18295 40 641 638
1705969268.42 50045 18297 54 641 518
1705969268.85 50046 18297 88 641 566
1705969277.16 50047 18306 11 641 528
1705969280.02 50048 18308 87 641 620
1705969289.0 50049 18317 77 641 608
1705969297.31 50050 18326 0 641 579
1705969299.25 50051 18327 85 641 607
1705969300.15 50052 18328 66 641 602
1705969308.98 50053 18337 40 641 630
1705969316.92 50054 18345 25 641 612
1705969327.53 50055 18355 78 641 583
1705969330.5 50056 18358 66 641 629
1705969331.35 50057 18359 41 641 595
1705969334.94 50058 18362 91 641 627
1705969335.3 50059 18363 17 641 562
1705969339.73 50060 18367 52 641 628
1705969346.5 50061 18374 20 641 620
1705969352.58 50062 18380 18 641 597
1705969354.14 50063 18381 66 641 619
1705969356.43 50064 18383 86 641 626
1705969360.46 50065 18387 80 641 627
1705969361.68 50066 18388 93 641 627
1705969365.43 50067 18392 59 641 632
1705969365.94 50068 18393 1 641 567
1705969366.9 50069 18393 87 641 608
1705969390.57 50070 18417 47 641 613
1705969400.4 50071 18427 22 641 622
1705969411.28 50072 18438 2 641 625
1705969414.18 50073 18440 83 641 626
1705969423.13 50074 18449 70 641 587
1705969426.59 50075 18453 6 641 610
1705969437.59 50076 18463 98 641 620
1705969442.13 50077 18468 43 641 633
1705969450.84 50078 18477 5 641 629
1705969457.73 50079 18483 87 641 621
1705969463.82 50080 18489 86 641 625
1705969463.92 50081 18489 86 640 531
1705969466.28 50082 18492 15 641 516
1705969477.14 50083 18502 92 641 632
1705969478.12 50084 18503 81 641 607
1705969484.36 50085 18509 95 641 597
1705969492.28 50086 18517 80 641 628
1705969493.11 50087 18518 54 641 600
1705969495.91 50088 18521 24 641 622
1705969499.07 50089 18524 31 641 625
1705969503.18 50090 18528 34 641 628
1705969504.93 50091 18530 0 641 628
1705969524.71 50092 18549 71 641 620
1705969528.87 50093 18553 78 641 583
1705969530.93 50094 18555 74 641 625
1705969546.91 50095 18571 65 641 630
1705969562.34 50096 18587 1 641 524
1705969569.01 50097 18593 59 641 598
1705969569.11 50098 18593 59 640 531
1705969574.18 50099 18598 58 641 632
1705969576.54 50100 18600 84 641 593
1705969578.31 50101 18602 52 641 623
1705969586.69 50102 18610 81 641 627
1705969595.18 50103 18619 22 641 593
1705969595.65 50104 18619 59 641 565
1705969600.39 50105 18624 25 641 624
1705969608.12 50106 18631 89 641 557
1705969608.42 50107 18632 10 641 554
1705969609.01 50108 18632 60 641 558
1705969612.14 50109 18635 63 641 609
1705969617.79 50110 18641 20 641 627
1705969624.08 50111 18647 40 641 613
1705969625.34 50112 18648 56 641 628
1705969629.58 50113 18652 71 641 584
1705969630.9 50114 18653 94 641 605
1705969632.35 50115 18655 30 641 605
1705969638.09 50116 18660 95 641 631
1705969642.9 50117 18665 68 641 599
1705969644.34 50118 18667 2 641 616
1705969648.46 50119 18671 6 641 633
1705969652.34 50120 18674 85 641 631
1705969655.81 50121 18678 23 641 531
1705969658.2 50122 18680 53 641 465
1705969660.92 50123 18683 16 641 537
1705969662.1 50124 18684 25 641 625
1705969663.76 50125 18685 81 641 624
1705969665.03 50126 18686 98 641 627
1705969681.33 50127 18703 20 641 627
1705969695.15 50128 18716 94 641 587
1705969710.99 50129 18732 71 641 625
1705969711.54 50130 18733 16 641 572
1705969716.5 50131 18738 4 641 629
1705969717.83 50132 18739 27 641 633
1705969720.93 50133 18742 28 641 619
1705969722.22 50134 18743 47 641 460
1705969723.1 50135 18744 26 641 533
1705969726.58 50136 18747 65 641 617
1705969730.67 50137 18751 65 641 631
1705969734.07 50138 18754 96 641 619
1705969737.31 50139 18758 11 641 535
1705969737.65 50140 18758 35 641 556
1705969738.73 50141 18759 34 641 617
1705969748.76 50142 18769 28 641 563
1705969750.03 50143 18770 46 641 629
1705969757.74 50144 18778 8 641 627
1705969764.47 50145 18784 73 641 617
1705969766.45 50146 18786 62 641 625
1705969766.55 50147 18786 62 640 531
1705969780.16 50148 18800 16 641 629
1705969785.13 50149 18805 4 641 627
1705969786.51 50150 18806 34 639 398
1705969787.89 50151 18807 63 641 635
1705969795.4 50152 18815 6 641 514
1705969797.28 50153 18816 84 641 620
1705969797.59 50154 18817 6 641 555
1705969801.06 50155 18820 45 641 623
1705969803.18 50156 18822 48 641 606
1705969814.52 50157 18833 74 641 628
1705969821.65 50158 18840 78 641 631
1705969825.18 50159 18844 22 641 632
1705969864.32 50160 18883 31 641 616
1705969875.88 50161 18894 79 641 632
1705969876.42 50162 18895 24 641 573
1705969884.36 50163 18903 9 641 629
1705969884.58 50164 18903 22 641 548
1705969904.37 50165 18922 94 641 602
1705969905.87 50166 18924 35 641 620
1705969905.97 50167 18924 35 640 531
1705969912.1 50168 18930 40 641 620
1705969918.59 50169 18936 81 641 626
1705969923.6 50170 18941 73 641 624
1705969925.49 50171 18943 52 641 617
1705969928.17 50172 18946 11 641 549
1705969935.15 50173 18953 1 641 628
1705969953.55 50174 18971 34 641 615
1705969970.69 50175 18988 40 641 634
1705969982.06 50176 18999 68 641 591
1705970000.4 50177 19017 95 641 600
1705970010.26 50178 19027 72 641 626
1705970013.33 50179 19030 71 641 623
1705970021.41 50180 19038 70 641 604
1705970027.5 50181 19044 71 641 628
1705970034.79 50182 19051 91 641 574
1705970035.64 50183 19052 67 641 596
1705970037.07 50184 19054 0 641 629
1705970070.49 50185 19087 37 641 622
