1706227211.48 24444 10702 2 641 622
1706227214.54 24445 10705 0 641 627
1706227215.57 24446 10705 94 641 628
1706227221.68 24447 10711 96 641 626
1706227221.9 24448 10712 9 641 553
1706227228.56 24449 10718 66 641 620
1706227231.44 24450 10721 45 641 630
1706227236.89 24451 10726 81 641 514
1706227237.52 24452 10727 35 641 600
1706227237.68 24453 10727 41 641 544
1706227240.92 24454 10730 56 641 628
1706227243.15 24455 10732 69 641 626
1706227243.72 24456 10733 17 641 589
1706227244.24 24457 10733 60 641 588
1706227250.11 24458 10739 38 641 544
1706227258.92 24459 10748 10 641 628
1706227261.63 24460 10750 72 641 611
1706227265.94 24461 10754 95 641 588
1706227267.16 24462 10756 8 641 614
1706227271.47 24463 10760 30 641 631
1706227281.89 24464 10770 64 641 620
1706227284.39 24465 10773 5 641 393
1706227285.83 24466 10774 40 641 511
1706227301.08 24467 10789 57 641 519
1706227304.94 24468 10793 34 641 632
1706227311.74 24469 10800 5 641 632
1706227312.27 24470 10800 49 641 588
1706227317.7 24471 10805 83 641 633
1706227321.05 24472 10809 9 641 605
1706227324.16 24473 10812 10 641 589
1706227330.57 24474 10818 44 641 628
1706227335.62 24475 10823 40 641 602
1706227347.59 24476 10835 29 641 571
1706227349.0 24477 10836 60 641 625
1706227349.52 24478 10837 4 641 587
1706227364.02 24479 10851 46 641 627
1706227368.52 24480 10855 86 641 624
1706227370.33 24481 10857 60 641 584
1706227382.93 24482 10870 11 641 620
1706227384.13 24483 10871 21 641 561
1706227388.52 24484 10875 52 641 632
1706227398.77 24485 10885 68 641 630
1706227401.06 24486 10887 88 641 617
1706227405.91 24487 10892 64 641 621
1706227414.13 24488 10900 77 641 624
1706227425.52 24489 10912 9 641 625
1706227425.62 24490 10912 10 641 502
1706227434.14 24491 10920 53 641 578
1706227435.27 24492 10921 57 641 596
1706227446.75 24493 10932 97 641 630
1706227453.93 24494 10940 6 641 610
1706227459.03 24495 10945 8 641 611
1706227462.86 24496 10948 82 641 627
1706227464.07 24497 10949 94 641 633
1706227466.32 24498 10952 10 641 630
1706227479.32 24499 10965 2 641 625
1706227485.98 24500 10971 59 641 627
1706227501.7 24501 10987 24 641 625
1706227511.99 24502 10997 44 641 629
1706227513.17 24503 10998 53 641 634
1706227515.16 24504 11000 43 641 455
1706227517.37 24505 11002 54 641 588
1706227518.08 24506 11003 16 641 609
1706227524.65 24507 11009 64 641 600
1706227536.13 24508 11021 4 641 606
1706227540.81 24509 11025 63 641 631
1706227549.37 24510 11034 11 641 631
1706227557.63 24511 11042 28 641 621
1706227561.39 24512 11045 95 641 474
1706227568.09 24513 11052 56 641 625
1706227577.87 24514 11062 26 641 595
1706227579.36 24515 11063 65 641 608
1706227582.89 24516 11067 9 641 626
1706227588.24 24517 11072 35 641 597
1706227596.0 24518 11080 3 641 578
1706227599.32 24519 11083 26 641 623
1706227600.56 24520 11084 41 641 630
1706227603.94 24521 11087 70 641 617
1706227604.04 24522 11087 70 640 536
1706227606.41 24523 11089 99 641 617
1706227625.62 24524 11109 12 641 630
1706227638.54 24525 11121 96 641 625
1706227645.4 24526 11128 73 641 617
1706227645.61 24527 11128 85 641 548
1706227661.1 24528 11144 27 640 315
1706227666.68 24529 11149 76 641 622
1706227667.37 24530 11150 36 641 605
1706227670.7 24531 11153 59 641 611
1706227671.02 24532 11153 82 641 566
1706227688.01 24533 11170 73 641 632
1706227691.35 24534 11173 98 641 629
1706227701.36 24535 11183 91 641 624
1706227707.32 24536 11189 78 641 628
1706227709.29 24537 11191 66 641 624
1706227712.82 24538 11195 10 641 631
1706227724.35 24539 11206 56 641 635
1706227724.58 24540 11206 69 641 552
1706227726.83 24541 11208 85 641 629
1706227733.33 24542 11215 27 641 565
1706227745.48 24543 11227 34 641 624
1706227746.41 24544 11228 17 641 609
1706227765.18 24545 11246 87 641 588
1706227769.39 24546 11250 98 641 617
1706227773.84 24547 11255 35 641 617
1706227773.94 24548 11255 36 640 537
1706227783.59 24549 11264 93 641 412
1706227791.73 24550 11272 98 641 630
1706227793.14 24551 11274 30 641 626
1706227805.78 24552 11286 87 641 624
1706227805.91 24553 11286 91 641 543
1706227807.49 24554 11288 39 641 621
1706227808.1 24555 11288 91 641 594
1706227810.96 24556 11291 68 641 570
1706227822.29 24557 11302 93 641 625
1706227834.6 24558 11315 16 641 518
1706227840.16 24559 11320 63 641 625
