1707782419.41 59836 63482 10 641 629
1707782443.01 59837 63505 63 641 622
1707782445.6 59838 63508 13 641 613
1707782452.85 59839 63515 29 641 629
1707782458.92 59840 63521 27 641 579
1707782463.8 59841 63526 6 641 621
1707782469.51 59842 63531 68 641 620
1707782472.72 59843 63534 79 641 624
1707782489.16 59844 63551 16 641 631
1707782490.7 59845 63552 61 641 604
1707782492.84 59846 63554 66 641 612
1707782500.51 59847 63562 24 641 615
1707782500.68 59848 63562 31 641 540
1707782501.93 59849 63563 47 641 558
1707782516.76 59850 63578 22 641 627
1707782523.08 59851 63584 45 641 627
1707782534.07 59852 63595 36 641 623
1707782539.96 59853 63601 16 641 628
1707782541.38 59854 63602 49 641 602
1707782579.94 59855 63641 0 641 596
1707782585.05 59856 63646 2 641 615
1707782615.37 59857 63676 27 641 627
1707782626.26 59858 63687 9 641 600
1707782627.4 59859 63688 14 641 483
1707782636.01 59860 63696 67 641 617
1707782641.42 59861 63701 99 641 624
1707782651.63 59862 63712 12 641 614
1707782654.62 59863 63715 3 641 620
1707782670.89 59864 63731 23 641 632
1707782678.91 59865 63739 16 641 617
1707782680.23 59866 63740 39 641 618
1707782683.62 59867 63743 68 641 623
1707782690.97 59868 63750 95 641 625
1707782714.4 59869 63774 30 641 635
1707782717.78 59870 63777 59 641 599
1707782729.14 59871 63788 87 641 627
1707782737.35 59872 63797 0 641 620
1707782742.44 59873 63802 0 641 556
1707782749.66 59874 63809 14 641 534
1707782764.21 59875 63823 61 641 583
1707782765.02 59876 63824 33 641 545
1707782765.17 59877 63824 39 641 540
1707782769.47 59878 63828 60 641 625
1707782770.67 59879 63829 71 641 614
1707782773.13 59880 63832 8 641 624
1707782777.83 59881 63836 70 641 622
1707782778.86 59882 63837 64 641 592
1707782784.04 59883 63842 73 641 620
1707782784.88 59884 63843 48 641 419
1707782801.73 59885 63860 25 641 619
1707782805.44 59886 63863 87 641 535
1707782810.65 59887 63869 0 641 627
1707782815.27 59888 63873 53 641 534
1707782823.8 59889 63881 98 641 627
1707782823.95 59890 63882 3 641 538
1707782827.37 59891 63885 37 641 586
1707782846.05 59892 63903 97 641 620
1707782859.44 59893 63917 28 641 628
1707782865.16 59894 63922 91 641 619
1707782867.49 59895 63925 15 641 621
1707782867.81 59896 63925 37 641 554
1707782874.47 59897 63931 94 641 616
1707782878.86 59898 63936 24 641 603
1707782904.61 59899 63961 93 641 524
1707782906.59 59900 63963 82 641 485
1707782907.65 59901 63964 79 641 609
1707782913.19 59902 63970 24 641 634
1707782915.9 59903 63972 86 641 544
1707782918.27 59904 63975 13 641 627
1707782920.41 59905 63977 18 641 631
1707782922.96 59906 63979 64 641 585
1707782928.32 59907 63984 91 641 627
1707782929.6 59908 63986 10 641 619
1707782952.71 59909 64009 13 641 538
1707782960.62 59910 64016 96 641 547
1707782970.98 59911 64027 23 641 621
1707782972.67 59912 64028 83 641 632
1707782973.63 59913 64029 71 641 598
1707782976.09 59914 64032 8 641 628
1707782979.4 59915 64035 30 641 625
1707782981.83 59916 64037 64 641 627
1707782982.14 59917 64037 86 641 553
1707782984.53 59918 64040 16 641 630
1707782990.95 59919 64046 49 641 520
1707783021.8 59920 64077 28 641 628
1707783041.81 59921 64097 22 641 621
1707783049.24 59922 64104 56 641 599
1707783054.69 59923 64109 92 641 630
1707783063.98 59924 64119 13 641 629
1707783065.2 59925 64120 26 641 617
1707783071.57 59926 64126 54 641 568
1707783080.6 59927 64135 49 641 515
1707783087.11 59928 64141 91 641 627
1707783090.09 59929 64144 79 641 600
1707783091.31 59930 64145 92 641 615
1707783101.91 59931 64156 44 641 598
1707783107.05 59932 64161 48 641 630
1707783117.92 59933 64172 27 641 559
1707783129.72 59934 64184 0 641 621
1707783146.82 59935 64201 3 641 625
1707783147.64 59936 64201 75 641 591
1707783149.64 59937 64203 66 641 632
1707783149.73 59938 64203 66 640 534
1707783161.3 59939 64215 16 641 620
1707783166.23 59940 64220 0 641 628
1707783168.6 59941 64222 28 641 629
1707783175.24 59942 64228 83 641 632
1707783180.74 59943 64234 25 641 602
1707783193.19 59944 64246 61 641 627
1707783195.7 59945 64249 3 641 630
1707783206.54 59946 64259 79 641 615
1707783219.65 59947 64272 83 641 629
1707783219.75 59948 64272 83 640 531
1707783243.37 59949 64296 39 641 632
1707783247.66 59950 64300 58 641 629
1707783259.56 59951 64312 41 641 612
1707783263.61 59952 64316 37 641 631
1707783272.33 59953 64325 0 641 625
1707783284.55 59954 64337 14 641 626
1707783289.09 59955 64341 59 641 631
1707783293.53 59956 64345 95 641 617
1707783295.7 59957 64348 3 641 628
1707783299.32 59958 64351 56 641 631
1707783300.77 59959 64352 91 641 522
1707783305.54 59960 64357 59 641 624
1707783305.68 59961 64357 64 641 544
1707783316.89 59962 64368 76 641 631
1707783320.74 59963 64372 53 641 616
1707783336.26 59964 64387 97 641 618
1707783337.04 59965 64388 65 641 587
1707783338.03 59966 64389 54 641 507
1707783342.89 59967 64394 31 641 620
1707783350.35 59968 64401 69 641 625
1707783356.71 59969 64407 96 641 563
1707783386.81 59970 64438 0 641 619
1707783388.22 59971 64439 32 641 580
1707783393.18 59972 64444 19 641 609
1707783393.88 59973 64444 80 641 582
1707783396.16 59974 64446 99 641 545
1707783398.32 59975 64449 5 641 630
1707783400.42 59976 64451 6 641 609
1707783407.4 59977 64457 96 641 624
1707783410.46 59978 64460 93 641 629
1707783416.34 59979 64466 71 641 583
1707783420.61 59980 64470 89 641 624
1707783423.49 59981 64473 68 641 615
1707783477.26 59982 64527 42 641 629
1707783477.93 59983 64527 99 641 551
1707783492.81 59984 64542 80 641 520
1707783503.09 59985 64552 99 641 594
1707783512.3 59986 64562 11 641 624
1707783566.69 59987 64616 47 641 632
1707783574.63 59988 64624 32 641 626
1707783586.8 59989 64636 41 641 505
1707783596.02 59990 64645 55 641 610
1707783601.77 59991 64651 22 641 542
1707783604.84 59992 64654 20 641 629
1707783635.0 59993 64684 29 641 534
1707783638.78 59994 64687 98 641 621
1707783646.03 59995 64695 15 641 508
1707783648.27 59996 64697 30 641 518
1707783651.34 59997 64700 27 641 632
