1705017606.86 22967 63289 58 641 628
1705017608.8 22968 63291 43 641 632
1705017614.1 22969 63296 64 641 623
1705017615.24 22970 63297 69 641 591
1705017623.63 22971 63305 99 641 505
1705017623.73 22972 63305 99 640 528
1705017637.68 22973 63319 87 641 625
1705017637.89 22974 63319 98 641 476
1705017641.1 22975 63323 10 641 631
1705017647.96 22976 63329 88 641 472
1705017657.08 22977 63338 91 641 632
1705017666.51 22978 63348 26 641 583
1705017669.97 22979 63351 63 641 615
1705017690.15 22980 63371 74 641 563
1705017691.27 22981 63372 77 641 592
1705017695.47 22982 63376 88 641 606
1705017695.76 22983 63377 8 641 547
1705017702.55 22984 63383 78 641 630
1705017703.06 22985 63384 20 641 562
1705017709.5 22986 63390 55 641 628
1705017720.87 22987 63401 84 641 616
1705017729.88 22988 63410 77 641 622
1705017732.92 22989 63413 72 641 629
1705017735.11 22990 63415 82 641 625
1705017735.3 22991 63415 92 641 537
1705017739.24 22992 63419 77 641 571
1705017742.34 22993 63422 78 641 586
1705017747.49 22994 63427 84 641 503
1705017748.41 22995 63428 66 641 584
1705017756.38 22996 63436 54 641 631
1705017768.01 22997 63448 9 641 625
1705017770.5 22998 63450 49 641 623
1705017770.96 22999 63450 86 641 558
1705017785.0 23000 63464 82 641 628
1705017791.58 23001 63471 31 641 620
1705017797.12 23002 63476 77 641 605
1705017801.6 23003 63481 16 641 633
1705017812.15 23004 63491 63 641 636
1705017819.3 23005 63498 69 641 584
1705017825.08 23006 63504 38 641 628
1705017832.22 23007 63511 43 641 537
1705017841.6 23008 63520 73 641 598
1705017844.97 23009 63524 0 641 621
1705017847.03 23010 63525 97 641 625
1705017862.22 23011 63541 8 641 597
1705017875.68 23012 63554 47 641 614
1705017877.31 23013 63556 0 641 617
1705017878.35 23014 63556 95 641 588
1705017881.55 23015 63560 7 641 624
1705017882.59 23016 63561 2 641 589
1705017906.71 23017 63585 7 641 631
1705017912.51 23018 63590 78 641 627
1705017919.22 23019 63597 40 641 621
1705017922.1 23020 63600 19 641 479
1705017934.74 23021 63612 75 641 623
1705017963.75 23022 63641 69 641 631
1705017965.2 23023 63643 5 641 602
1705017990.71 23024 63668 49 641 614
1705018005.86 23025 63683 57 641 619
1705018006.82 23026 63684 43 641 584
1705018015.0 23027 63692 52 641 632
1705018015.09 23028 63692 52 640 533
1705018016.13 23029 63693 47 641 591
1705018021.03 23030 63698 29 641 569
1705018035.56 23031 63712 74 641 601
1705018040.5 23032 63717 59 641 608
1705018043.14 23033 63720 14 641 519
1705018045.14 23034 63722 5 641 604
1705018051.34 23035 63728 16 641 585
1705018057.39 23036 63734 12 641 625
1705018061.04 23037 63737 68 641 626
1705018067.89 23038 63744 44 641 605
1705018070.54 23039 63747 0 641 627
1705018072.91 23040 63749 29 641 627
1705018078.27 23041 63754 56 641 586
1705018089.83 23042 63766 5 641 632
1705018089.99 23043 63766 11 641 540
1705018102.11 23044 63778 15 641 625
1705018106.94 23045 63782 89 641 627
1705018112.69 23046 63788 55 641 523
1705018114.26 23047 63790 3 641 589
1705018114.46 23048 63790 14 641 543
1705018117.4 23049 63792 99 641 585
1705018121.16 23050 63796 66 641 632
1705018121.28 23051 63796 68 641 540
1705018137.82 23052 63813 15 641 632
1705018146.41 23053 63821 66 641 628
1705018147.55 23054 63822 71 641 594
1705018158.69 23055 63833 77 641 527
1705018162.55 23056 63837 54 641 615
1705018169.89 23057 63844 80 641 628
1705018183.08 23058 63857 90 641 628
1705018189.23 23059 63863 97 641 564
1705018191.81 23060 63866 46 641 629
1705018196.73 23061 63871 29 641 595
1705018206.24 23062 63880 72 641 635
1705018206.79 23063 63881 17 641 562
1705018212.2 23064 63886 50 641 623
1705018222.28 23065 63896 49 641 629
1705018230.47 23066 63904 60 641 535
1705018235.1 23067 63909 14 641 629
1705018236.88 23068 63910 82 641 623
1705018237.82 23069 63911 67 641 583
1705018240.49 23070 63914 25 641 394
1705018253.17 23071 63926 85 641 631
1705018271.0 23072 63944 61 641 565
1705018274.79 23073 63948 31 641 617
1705018276.46 23074 63949 88 641 569
1705018278.39 23075 63951 73 641 619
1705018283.22 23076 63956 47 641 631
1705018284.32 23077 63957 47 641 591
1705018300.45 23078 63973 53 641 609
1705018303.9 23079 63976 89 641 623
1705018309.22 23080 63982 12 641 631
1705018311.8 23081 63984 60 641 623
1705018312.5 23082 63985 20 641 571
1705018314.33 23083 63986 94 641 628
1705018315.62 23084 63988 14 641 600
1705018316.25 23085 63988 68 641 567
1705018325.96 23086 63998 31 641 572
1705018329.51 23087 64001 77 641 621
1705018346.76 23088 64018 95 641 617
1705018350.24 23089 64022 33 641 627
1705018356.2 23090 64028 20 641 574
1705018359.23 23091 64031 14 641 632
1705018363.92 23092 64035 74 641 623
1705018374.15 23093 64045 88 641 578
1705018379.89 23094 64051 54 641 632
1705018398.46 23095 64070 3 641 634
1705018401.4 23096 64072 90 641 631
1705018418.48 23097 64089 90 641 501
1705018420.18 23098 64091 51 641 619
1705018449.86 23099 64121 13 641 627
1705018456.09 23100 64127 27 641 610
1705018459.55 23101 64130 64 641 619
1705018471.87 23102 64142 88 641 618
1705018476.47 23103 64147 39 641 619
1705018478.05 23104 64148 87 641 588
1705018485.86 23105 64156 60 641 624
1705018492.6 23106 64163 25 641 618
1705018499.7 23107 64170 26 641 630
1705018502.93 23108 64173 39 641 623
1705018504.92 23109 64175 30 641 635
1705018508.09 23110 64178 39 641 632
1705018508.67 23111 64178 87 641 563
1705018512.68 23112 64182 79 641 599
1705018515.28 23113 64185 30 641 623
1705018522.63 23114 64192 57 641 618
1705018524.48 23115 64194 33 641 632
1705018528.58 23116 64198 34 641 601
1705018529.32 23117 64198 98 641 573
1705018533.41 23118 64202 99 641 617
1705018544.84 23119 64214 33 641 541
1705018563.88 23120 64233 30 641 501
1705018570.73 23121 64240 6 641 621
1705018571.67 23122 64240 91 641 584
1705018575.01 23123 64244 16 641 583
1705018580.03 23124 64249 9 641 614
1705018583.07 23125 64252 5 641 634
1705018583.16 23126 64252 5 639 536
1705018586.57 23127 64255 38 641 620
1705018603.21 23128 64271 94 641 579
1705018620.25 23129 64288 90 641 622
1705018632.36 23130 64300 94 641 513
1705018634.74 23131 64303 23 641 630
1705018646.82 23132 64315 22 641 628
1705018647.33 23133 64315 64 641 561
1705018648.55 23134 64316 77 641 600
1705018652.43 23135 64320 56 641 608
1705018654.49 23136 64322 52 641 607
1705018663.14 23137 64331 9 641 629
1705018663.49 23138 64331 34 641 550
1705018668.51 23139 64336 28 641 619
1705018675.66 23140 64343 34 641 539
1705018683.83 23141 64351 43 641 569
1705018687.33 23142 64354 84 641 627
1705018706.97 23143 64374 41 641 629
1705018740.52 23144 64407 90 641 627
1705018750.05 23145 64417 35 641 623
1705018757.34 23146 64424 55 641 624
1705018759.2 23147 64426 32 641 519
1705018760.16 23148 64427 18 641 585
1705018767.98 23149 64434 92 641 408
1705018769.59 23150 64436 43 641 616
1705018776.17 23151 64442 92 641 619
1705018779.33 23152 64445 99 641 616
1705018779.54 23153 64446 10 641 542
1705018779.93 23154 64446 41 641 556
1705018786.27 23155 64452 66 639 239
1705018791.92 23156 64458 22 641 572
1705018795.07 23157 64461 28 641 625
1705018803.53 23158 64469 65 641 613
1705018810.93 23159 64476 96 641 631
1705018814.55 23160 64480 49 641 627
1705018833.85 23161 64499 72 641 622
1705018837.11 23162 64502 89 641 618
1705018839.27 23163 64504 96 641 603
1705018841.48 23164 64507 8 641 632
1705018848.39 23165 64513 91 641 629
1705018851.14 23166 64516 56 641 630
1705018865.35 23167 64530 69 641 604
1705018877.65 23168 64542 91 641 608
1705018882.85 23169 64548 3 641 632
1705018884.78 23170 64549 87 641 597
1705018885.47 23171 64550 47 641 572
1705018890.74 23172 64555 65 641 601
1705018897.13 23173 64561 96 641 621
1705018906.79 23174 64571 53 641 630
1705018929.46 23175 64594 13 641 624
1705018929.57 23176 64594 14 641 536
1705018940.34 23177 64604 83 641 627
1705018947.9 23178 64612 31 641 515
1705018962.87 23179 64627 20 641 586
1705018967.09 23180 64631 34 641 626
1705018971.05 23181 64635 20 641 625
1705018988.27 23182 64652 34 641 625
1705018993.58 23183 64657 57 641 624
1705019015.25 23184 64679 16 641 620
1705019032.53 23185 64696 37 641 608
1705019032.63 23186 64696 37 640 533
1705019048.61 23187 64712 29 641 630
1705019048.89 23188 64712 47 641 545
1705019059.13 23189 64722 63 641 592
1705019062.39 23190 64725 80 641 628
1705019065.0 23191 64728 31 641 631
1705019066.27 23192 64729 50 641 601
1705019085.0 23193 64748 15 641 600
1705019099.17 23194 64762 25 641 631
1705019100.59 23195 64763 58 641 608
1705019116.8 23196 64779 71 641 631
1705019117.83 23197 64780 64 641 588
1705019119.67 23198 64782 40 641 627
1705019120.43 23199 64783 6 641 524
1705019121.3 23200 64783 84 641 580
1705019130.44 23201 64792 89 641 628
1705019133.02 23202 64795 38 641 591
1705019135.79 23203 64798 6 641 615
1705019143.87 23204 64806 6 641 628
1705019169.73 23205 64831 85 641 629
1705019172.96 23206 64834 99 641 584
1705019174.73 23207 64836 67 641 609
1705019179.13 23208 64840 98 641 611
1705019184.13 23209 64845 89 641 510
1705019186.78 23210 64848 44 641 628
1705019188.16 23211 64849 73 641 607
1705019189.51 23212 64850 98 641 607
1705019190.22 23213 64851 60 641 572
1705019197.96 23214 64859 25 641 594
1705019209.33 23215 64870 54 641 624
1705019216.7 23216 64877 83 641 529
1705019239.0 23217 64900 6 641 625
1705019241.53 23218 64902 50 641 617
1705019244.28 23219 64905 16 641 612
1705019248.67 23220 64909 46 641 622
1705019249.35 23221 64910 5 641 568
1705019253.21 23222 64913 82 641 609
1705019265.44 23223 64925 97 641 618
1705019278.83 23224 64939 27 641 628
1705019286.15 23225 64946 50 641 606
1705019289.19 23226 64949 46 641 620
1705019289.9 23227 64950 7 641 567
1705019293.63 23228 64953 71 641 625
1705019299.79 23229 64959 78 641 623
1705019312.25 23230 64972 16 641 630
1705019324.32 23231 64984 15 641 621
1705019331.91 23232 64991 66 641 627
1705019335.22 23233 64994 88 641 606
1705019339.92 23234 64999 48 641 628
1705019342.59 23235 65002 7 641 618
1705019346.4 23236 65005 79 641 528
1705019357.04 23237 65016 35 641 629
1705019359.21 23238 65018 42 641 618
1705019359.4 23239 65018 52 641 544
1705019359.8 23240 65018 83 641 556
1705019368.39 23241 65027 34 641 598
1705019378.25 23242 65037 11 641 632
1705019385.5 23243 65044 27 641 582
1705019386.54 23244 65045 22 641 589
1705019387.87 23245 65046 47 641 601
1705019389.7 23246 65048 21 641 587
1705019389.8 23247 65048 21 640 534
