1707318328.37 4 19 54 641 623
1707318333.62 5 24 74 641 628
1707318336.94 6 28 0 641 602
1707318337.58 7 28 57 641 562
1707318339.96 8 30 89 641 601
1707318341.28 9 32 14 641 585
1707318341.35 10 32 14 640 539
1707318342.11 11 32 84 641 569
1707318343.85 12 34 51 641 602
1707318347.19 13 37 79 641 627
1707318349.25 14 39 78 641 423
1707318353.01 15 43 48 641 626
1707318361.68 16 52 9 641 617
1707318374.7 17 65 6 641 590
1707318378.81 18 69 11 641 623
1707318384.27 19 74 50 641 628
1707318393.73 20 83 91 641 629
1707318399.56 21 89 67 641 632
1707318404.1 22 94 14 641 620
1707318407.0 23 96 98 641 624
