1709251214.81 52417 9050 12 641 621
1709251215.35 52418 9050 57 641 590
1709251236.46 52419 9071 61 641 632
1709251237.59 52420 9072 64 641 628
1709251240.91 52421 9075 87 641 617
1709251246.37 52422 9081 25 641 611
1709251250.18 52423 9084 97 641 394
1709251262.73 52424 9097 44 641 625
1709251272.01 52425 9106 65 641 620
1709251276.0 52426 9110 55 641 632
1709251277.87 52427 9112 34 641 620
1709251288.5 52428 9122 88 641 617
1709251290.5 52429 9124 79 641 585
1709251302.94 52430 9137 16 641 600
1709251304.99 52431 9139 12 641 554
1709251321.97 52432 9156 2 641 586
1709251329.53 52433 9163 50 641 628
1709251333.47 52434 9167 35 641 621
1709251354.72 52435 9188 53 641 624
1709251357.9 52436 9191 63 641 627
1709251362.22 52437 9195 87 641 616
1709251370.06 52438 9203 62 641 629
1709251384.0 52439 9217 49 641 623
1709251389.67 52440 9223 8 641 625
1709251391.59 52441 9224 91 641 616
1709251400.57 52442 9233 81 641 582
1709251403.42 52443 9236 57 641 622
1709251410.15 52444 9243 21 641 612
1709251416.45 52445 9249 43 641 628
1709251427.62 52446 9260 52 641 622
1709251439.66 52447 9272 48 641 577
1709251441.7 52448 9274 44 641 624
1709251451.69 52449 9284 34 641 526
1709251458.2 52450 9290 77 641 618
1709251463.12 52451 9295 60 641 633
1709251470.02 52452 9302 42 641 551
1709251480.11 52453 9312 44 641 587
1709251488.16 52454 9320 40 641 621
1709251496.56 52455 9328 73 641 623
1709251496.85 52456 9328 93 641 566
1709251498.56 52457 9330 56 641 614
1709251507.73 52458 9339 65 641 630
1709251518.74 52459 9350 58 641 625
1709251526.93 52460 9358 70 641 624
1709251529.66 52461 9361 34 641 626
1709251536.23 52462 9367 83 641 621
1709251538.97 52463 9370 48 641 516
1709251540.5 52464 9371 93 641 622
1709251541.49 52465 9372 83 641 517
1709251544.93 52466 9376 19 641 620
1709251555.41 52467 9386 59 641 624
1709251571.86 52468 9402 97 641 552
1709251578.6 52469 9409 62 641 615
1709251589.96 52470 9420 90 641 610
1709251596.38 52471 9427 24 641 629
1709251596.48 52472 9427 24 640 532
1709251624.33 52473 9455 5 641 597
1709251628.73 52474 9459 36 641 580
1709251632.99 52475 9463 54 641 573
1709251639.31 52476 9469 78 641 622
1709251639.41 52477 9469 78 640 531
1709251646.51 52478 9476 81 641 626
1709251666.17 52479 9496 40 641 628
1709251673.13 52480 9503 28 641 619
1709251673.48 52481 9503 54 641 565
1709251675.17 52482 9505 14 641 593
1709251683.76 52483 9513 65 641 486
1709251685.71 52484 9515 51 641 623
1709251690.62 52485 9520 33 641 614
1709251696.45 52486 9526 9 641 540
1709251700.73 52487 9530 28 641 621
1709251712.32 52488 9541 79 641 624
1709251714.79 52489 9544 17 641 620
