1707696016.35 48703 43560 61 641 584
1707696023.77 48704 43567 95 641 628
1707696034.58 48705 43578 68 641 626
1707696036.82 48706 43580 83 641 616
1707696095.77 48707 43639 75 641 485
1707696095.87 48708 43639 75 640 532
1707696098.87 48709 43642 67 641 626
1707696100.43 48710 43644 14 641 626
1707696101.21 48711 43644 82 641 600
1707696105.41 48712 43648 93 641 601
1707696111.44 48713 43654 88 641 620
1707696126.55 48714 43669 91 641 629
1707696135.77 48715 43679 5 641 617
1707696147.33 48716 43690 53 641 624
1707696148.47 48717 43691 57 641 611
1707696152.47 48718 43695 48 641 626
1707696158.12 48719 43701 5 641 635
1707696159.22 48720 43702 6 641 489
1707696161.77 48721 43704 52 641 555
1707696161.87 48722 43704 52 640 529
1707696163.64 48723 43706 20 641 575
1707696189.09 48724 43731 58 641 627
1707696193.06 48725 43735 46 641 628
1707696196.64 48726 43738 95 641 631
1707696198.57 48727 43740 78 641 511
1707696204.0 48728 43746 12 641 621
1707696213.89 48729 43755 93 641 613
1707696224.7 48730 43766 66 641 630
1707696226.15 48731 43768 1 641 624
1707696227.2 48732 43768 97 641 584
1707696240.37 48733 43782 6 641 629
1707696246.44 48734 43788 5 641 627
1707696255.17 48735 43796 70 641 465
1707696255.78 48736 43797 21 641 589
1707696277.01 48737 43818 36 641 618
1707696293.68 48738 43834 96 641 619
1707696295.32 48739 43836 51 641 629
1707696297.52 48740 43838 62 641 605
1707696302.1 48741 43843 10 641 628
1707696313.17 48742 43854 9 641 629
1707696322.97 48743 43863 81 641 627
1707696323.89 48744 43864 64 641 614
1707696324.72 48745 43865 37 641 604
1707696326.33 48746 43866 89 641 630
1707696328.93 48747 43869 40 641 617
1707696351.26 48748 43891 66 641 574
1707696352.89 48749 43893 20 641 616
1707696353.78 48750 43893 99 641 596
1707696378.69 48751 43918 84 641 624
1707696382.31 48752 43922 38 641 621
1707696383.53 48753 43923 50 641 619
1707696384.71 48754 43924 59 641 616
1707696390.72 48755 43930 51 641 629
1707696403.94 48756 43943 65 641 631
1707696413.74 48757 43953 37 641 627
1707696413.84 48758 43953 37 640 530
1707696421.63 48759 43961 9 641 624
1707696431.47 48760 43970 84 641 629
1707696436.94 48761 43976 23 641 612
1707696438.89 48762 43978 9 641 590
1707696440.33 48763 43979 44 641 620
1707696441.19 48764 43980 20 641 606
1707696461.59 48765 44000 53 641 613
1707696462.0 48766 44000 84 641 564
1707696462.23 48767 44000 98 641 550
1707696464.47 48768 44003 13 641 627
1707696494.05 48769 44032 66 641 600
1707696508.08 48770 44046 61 641 625
1707696531.53 48771 44069 99 641 632
1707696532.41 48772 44070 78 641 502
1707696543.77 48773 44082 6 641 526
1707696550.03 48774 44088 23 641 617
1707696551.36 48775 44089 47 641 631
1707696558.55 48776 44096 58 641 624
1707696563.4 48777 44101 34 641 556
1707696566.7 48778 44104 55 641 628
1707696571.93 48779 44109 69 641 574
1707696583.02 48780 44120 70 641 617
1707696588.7 48781 44126 29 641 568
1707696588.8 48782 44126 29 640 529
1707696588.93 48783 44126 34 641 542
1707696590.06 48784 44127 38 641 637
1707696605.44 48785 44142 68 641 575
1707696607.25 48786 44144 40 641 627
1707696618.31 48787 44155 38 641 614
1707696620.44 48788 44157 41 641 528
1707696630.08 48789 44166 97 641 631
1707696632.84 48790 44169 64 641 556
1707696639.43 48791 44176 14 641 616
1707696658.24 48792 44194 88 641 619
1707696670.53 48793 44207 9 641 619
1707696681.43 48794 44217 92 641 624
1707696693.79 48795 44230 19 640 506
1707696720.77 48796 44257 11 640 476
1707696727.35 48797 44263 61 641 624
1707696729.85 48798 44266 2 641 622
1707696741.55 48799 44277 64 641 625
1707696748.02 48800 44284 2 641 630
1707696748.94 48801 44284 86 641 565
1707696769.58 48802 44305 43 641 621
1707696775.03 48803 44310 79 641 624
1707696786.78 48804 44322 46 641 623
1707696816.75 48805 44352 37 641 563
1707696828.75 48806 44364 29 641 631
1707696838.11 48807 44373 56 641 630
1707696841.55 48808 44376 91 641 624
1707696879.81 48809 44415 12 641 623
1707696896.93 48810 44432 17 641 625
1707696899.47 48811 44434 62 641 614
1707696934.24 48812 44469 33 641 626
1707696936.32 48813 44471 32 641 583
1707696950.56 48814 44485 48 641 627
1707696951.89 48815 44486 71 641 600
1707696954.43 48816 44489 17 641 625
1707696955.51 48817 44490 15 641 579
1707696993.16 48818 44527 75 641 604
1707697000.16 48819 44534 66 641 626
1707697001.33 48820 44535 74 641 610
1707697003.38 48821 44537 69 641 617
1707697011.09 48822 44545 31 641 623
1707697022.81 48823 44556 95 641 625
1707697026.81 48824 44560 86 641 623
1707697030.89 48825 44564 85 641 626
1707697034.93 48826 44568 80 641 606
1707697045.38 48827 44579 17 641 608
