1709510413.63 20350 3309 43 641 588
1709510434.99 20351 3330 73 641 614
1709510439.37 20352 3335 2 641 623
1709510441.02 20353 3336 58 641 624
1709510442.28 20354 3337 76 641 595
1709510447.18 20355 3342 57 641 625
1709510448.03 20356 3343 33 641 596
1709510450.45 20357 3345 67 641 564
1709510451.82 20358 3346 95 641 590
1709510454.17 20359 3349 21 641 612
1709510463.21 20360 3358 17 640 324
1709510469.0 20361 3363 87 641 594
1709510476.92 20362 3371 71 641 620
1709510479.35 20363 3374 5 641 632
1709510482.36 20364 3376 98 641 612
1709510496.57 20365 3391 11 641 614
1709510513.72 20366 3408 19 641 623
1709510521.41 20367 3415 80 641 617
1709510521.61 20368 3415 91 641 545
1709510561.05 20369 3455 30 641 548
1709510566.09 20370 3460 25 641 625
1709510578.14 20371 3472 22 641 618
1709510579.49 20372 3473 49 641 620
1709510584.92 20373 3478 83 641 616
1709510587.52 20374 3481 35 641 622
1709510592.92 20375 3486 66 641 627
1709510595.47 20376 3489 12 641 506
1709510606.48 20377 3500 5 641 633
1709510607.32 20378 3500 80 641 592
1709510613.25 20379 3506 65 641 630
1709510617.73 20380 3511 5 641 629
1709510628.17 20381 3521 40 641 619
1709510631.75 20382 3524 90 641 630
1709510635.44 20383 3528 50 641 624
