1707436806.59 14950 49358 80 641 623
1707436818.11 14951 49370 23 641 623
1707436819.88 14952 49371 91 641 473
1707436820.42 14953 49372 35 641 569
1707436826.6 14954 49378 44 641 602
1707436860.09 14955 49411 88 641 625
1707436860.92 14956 49412 62 641 622
1707436865.83 14957 49417 44 641 613
1707436874.51 14958 49426 3 641 527
1707436876.26 14959 49427 69 641 618
1707436886.77 14960 49438 12 641 621
1707436890.9 14961 49442 16 641 486
1707436892.61 14962 49443 77 641 612
1707436899.41 14963 49450 49 641 616
1707436907.41 14964 49458 40 641 599
1707436908.26 14965 49459 16 641 613
1707436908.84 14966 49459 65 641 596
1707436914.77 14967 49465 49 641 586
1707436922.17 14968 49472 80 641 603
1707436943.6 14969 49494 16 641 519
1707436945.28 14970 49495 75 641 625
1707436955.86 14971 49506 25 641 521
1707436957.2 14972 49507 50 641 585
1707436961.47 14973 49511 68 641 611
1707436962.88 14974 49512 99 641 622
1707436963.8 14975 49513 81 641 627
1707436970.5 14976 49520 43 641 614
1707436979.67 14977 49529 52 641 623
1707436986.12 14978 49535 89 641 632
1707436992.08 14979 49541 76 641 622
1707436997.98 14980 49547 57 641 553
1707437001.3 14981 49550 80 641 627
1707437003.76 14982 49553 17 641 630
1707437005.26 14983 49554 57 641 513
1707437012.8 14984 49562 3 641 592
1707437015.19 14985 49564 33 641 630
1707437015.68 14986 49564 72 641 585
1707437016.9 14987 49565 85 641 627
1707437022.09 14988 49570 95 641 620
1707437023.59 14989 49572 36 641 626
1707437027.14 14990 49575 82 641 508
1707437031.32 14991 49579 91 641 443
1707437033.71 14992 49582 21 641 625
1707437053.58 14993 49602 0 641 621
1707437054.94 14994 49603 27 641 625
1707437057.91 14995 49606 14 641 630
1707437060.18 14996 49608 32 641 599
1707437069.64 14997 49617 70 641 627
1707437076.24 14998 49624 22 641 568
1707437077.65 14999 49625 53 641 623
1707437081.7 15000 49629 49 641 624
1707437093.5 15001 49641 22 641 589
1707437096.89 15002 49644 51 641 626
1707437101.1 15003 49648 64 641 631
1707437109.64 15004 49657 9 641 626
1707437110.01 15005 49657 37 641 572
1707437117.9 15006 49665 17 641 623
1707437119.69 15007 49666 87 641 397
1707437125.23 15008 49672 32 641 627
1707437143.14 15009 49690 16 641 598
1707437161.87 15010 49708 82 641 627
1707437170.85 15011 49717 71 641 560
1707437174.93 15012 49721 70 641 622
1707437175.47 15013 49722 15 641 591
1707437177.08 15014 49723 67 641 532
1707437177.77 15015 49724 26 641 606
1707437192.15 15016 49738 56 641 582
1707437192.93 15017 49739 25 641 447
1707437194.49 15018 49740 71 641 629
1707437215.34 15019 49761 49 641 534
1707437230.82 15020 49776 89 641 619
1707437247.58 15021 49793 58 641 630
1707437252.61 15022 49798 52 641 632
1707437254.18 15023 49800 1 641 624
1707437263.26 15024 49809 1 641 623
1707437265.29 15025 49810 95 641 626
1707437269.49 15026 49815 6 641 613
1707437270.96 15027 49816 43 641 538
1707437272.13 15028 49817 52 641 630
1707437279.47 15029 49824 77 641 628
1707437284.57 15030 49829 78 641 524
1707437291.16 15031 49836 28 641 622
1707437293.61 15032 49838 64 641 625
1707437294.55 15033 49839 48 641 587
1707437302.31 15034 49847 16 641 515
1707437314.47 15035 49859 23 641 629
1707437315.55 15036 49860 21 641 619
1707437326.36 15037 49870 95 641 622
1707437336.88 15038 49881 39 641 625
1707437343.88 15039 49888 30 641 619
1707437345.53 15040 49889 85 641 614
1707437358.24 15041 49902 48 641 626
1707437361.59 15042 49905 74 641 626
1707437363.66 15043 49907 72 641 537
1707437366.74 15044 49910 71 641 628
1707437371.98 15045 49915 86 641 629
1707437373.57 15046 49917 36 641 627
1707437374.85 15047 49918 55 641 628
1707437382.34 15048 49925 95 641 630
1707437385.3 15049 49928 82 641 625
1707437395.81 15050 49939 24 641 628
1707437402.32 15051 49945 66 641 533
1707437407.41 15052 49950 67 641 604
1707437411.33 15053 49954 50 641 627
1707437414.94 15054 49958 2 641 563
1707437416.81 15055 49959 79 641 616
1707437427.54 15056 49970 44 641 625
1707437440.13 15057 49982 95 641 619
1707437448.88 15058 49991 61 641 619
1707437451.31 15059 49993 96 641 619
1707437454.03 15060 49996 59 641 621
1707437455.15 15061 49997 61 641 514
1707437455.66 15062 49998 4 641 532
1707437456.28 15063 49998 56 641 601
1707437462.08 15064 50004 27 641 625
1707437465.25 15065 50007 35 641 617
1707437467.5 15066 50009 50 641 625
1707437468.81 15067 50010 72 641 637
1707437485.19 15068 50027 3 641 627
1707437497.54 15069 50039 30 641 619
1707437499.76 15070 50041 42 641 624
1707437501.16 15071 50042 73 641 624
1707437521.08 15072 50062 58 641 630
1707437569.69 15073 50111 14 641 608
1707437572.31 15074 50113 67 641 543
1707437575.44 15075 50116 71 641 630
1707437578.54 15076 50119 72 641 630
1707437582.39 15077 50123 47 641 508
1707437584.68 15078 50125 67 641 608
1707437588.99 15079 50129 89 641 623
1707437626.9 15080 50167 75 641 627
1707437632.94 15081 50173 69 641 632
1707437633.56 15082 50174 23 641 599
1707437637.99 15083 50178 57 641 623
1707437650.48 15084 50190 98 641 576
1707437670.1 15085 50210 53 641 567
1707437676.7 15086 50217 4 641 618
1707437683.92 15087 50224 18 641 510
1707437686.84 15088 50227 2 641 631
1707437708.8 15089 50248 90 641 629
1707437710.58 15090 50250 59 641 608
1707437715.64 15091 50255 56 641 625
1707437721.92 15092 50261 75 641 618
1707437724.8 15093 50264 53 641 615
1707437738.96 15094 50278 61 641 620
1707437739.54 15095 50279 10 641 593
1707437756.02 15096 50295 50 641 529
1707437758.08 15097 50297 47 641 621
1707437775.18 15098 50314 49 641 591
1707437781.08 15099 50320 30 641 620
1707437799.56 15100 50338 71 641 627
1707437799.87 15101 50338 92 641 564
1707437810.62 15102 50349 60 641 620
1707437816.53 15103 50355 42 641 621
1707437824.93 15104 50363 73 641 617
1707437826.68 15105 50365 39 641 629
1707437829.63 15106 50368 25 641 622
1707437834.81 15107 50373 34 641 629
1707437838.15 15108 50376 59 641 614
1707437849.15 15109 50387 52 641 629
1707437850.19 15110 50388 46 641 601
1707437858.22 15111 50396 41 641 602
1707437864.76 15112 50402 86 641 630
1707437867.89 15113 50405 90 641 623
1707437880.54 15114 50418 47 641 519
1707437891.18 15115 50429 3 641 514
1707437891.85 15116 50429 61 641 600
1707437892.72 15117 50430 38 641 622
1707437892.82 15118 50430 39 641 537
1707437955.57 15119 50493 11 641 628
1707437958.95 15120 50496 40 641 535
1707437963.31 15121 50500 67 641 626
1707437968.1 15122 50505 37 641 543
1707437980.15 15123 50517 34 641 628
1707437980.28 15124 50517 38 641 542
1707437995.01 15125 50532 3 641 608
1707438002.5 15126 50539 44 641 615
1707438003.47 15127 50540 31 641 496
1707438005.34 15128 50542 9 641 618
1707438011.58 15129 50548 24 641 620
1707438032.7 15130 50569 29 641 627
1707438035.4 15131 50571 90 641 621
1707438058.25 15132 50594 68 641 633
1707438061.01 15133 50597 35 641 629
1707438063.8 15134 50600 5 641 629
1707438077.04 15135 50613 21 641 446
1707438092.43 15136 50628 52 641 552
1707438095.39 15137 50631 39 641 627
1707438097.48 15138 50633 38 641 598
1707438104.24 15139 50640 6 641 609
1707438109.37 15140 50645 10 641 591
1707438134.83 15141 50670 49 641 638
1707438140.9 15142 50676 47 641 628
1707438141.85 15143 50677 32 641 599
1707438148.05 15144 50683 43 641 624
1707438220.72 15145 50756 9 641 629
1707438242.94 15146 50778 24 641 601
1707438245.85 15147 50781 6 641 625
1707438255.95 15148 50791 7 641 625
1707438258.26 15149 50793 29 641 620
1707438260.32 15150 50795 26 641 368
1707438265.93 15151 50800 77 641 599
1707438268.61 15152 50803 36 641 627
1707438271.93 15153 50806 59 641 630
1707438281.13 15154 50815 71 641 613
1707438282.83 15155 50817 32 641 628
1707438288.81 15156 50823 21 641 631
1707438295.72 15157 50830 4 641 615
1707438303.45 15158 50837 69 641 620
1707438303.9 15159 50838 4 641 575
1707438314.65 15160 50848 71 641 617
1707438318.84 15161 50852 81 641 628
1707438330.53 15162 50864 42 641 603
1707438342.39 15163 50876 19 641 628
1707438349.25 15164 50882 97 641 432
1707438372.2 15165 50905 85 641 630
1707438385.0 15166 50918 57 641 630
1707438389.52 15167 50923 1 641 627
1707438394.26 15168 50927 66 641 618
1707438410.95 15169 50944 27 641 555
1707438412.8 15170 50946 2 641 610
1707438415.44 15171 50948 57 641 525
1707438417.27 15172 50950 30 641 624
1707438435.55 15173 50968 51 641 586
1707438437.33 15174 50970 19 641 613
1707438446.98 15175 50979 76 641 627
1707438466.29 15176 50999 0 641 625
1707438478.33 15177 51010 96 641 605
1707438479.27 15178 51011 81 641 625
1707438491.25 15179 51023 71 641 530
1707438501.29 15180 51033 66 641 618
1707438501.68 15181 51033 95 641 485
1707438534.4 15182 51066 62 641 630
1707438547.99 15183 51080 12 641 627
1707438549.57 15184 51081 61 641 625
1707438549.66 15185 51081 61 640 533
1707438557.49 15186 51089 36 641 614
1707438557.59 15187 51089 36 640 537
1707438558.56 15188 51090 25 641 602
1707438560.33 15189 51091 93 641 628
1707438566.45 15190 51097 96 641 563
1707438583.02 15191 51114 46 641 622
1707438587.39 15192 51118 74 641 617
1707438588.67 15193 51119 93 641 620
1707438589.38 15194 51120 54 641 541
1707438608.3 15195 51139 39 641 609
1707438613.82 15196 51144 82 641 519
1707438624.18 15197 51155 10 641 627
1707438628.36 15198 51159 19 641 627
1707438629.39 15199 51160 13 641 627
1707438630.49 15200 51161 13 641 632
1707438641.11 15201 51171 67 641 622
1707438646.34 15202 51176 81 641 628
1707438652.02 15203 51182 40 641 594
1707438661.54 15204 51191 83 641 628
1707438664.63 15205 51194 83 641 633
1707438666.21 15206 51196 31 641 525
1707438674.66 15207 51204 67 641 624
1707438684.03 15208 51213 95 641 630
1707438692.8 15209 51222 64 641 627
1707438701.12 15210 51230 88 641 614
1707438702.72 15211 51232 39 641 595
1707438703.34 15212 51232 92 641 592
1707438711.39 15213 51240 88 641 599
1707438727.03 15214 51256 45 641 624
1707438739.15 15215 51268 49 641 588
1707438756.03 15216 51285 29 641 625
1707438769.09 15217 51298 27 641 629
1707438770.59 15218 51299 67 641 518
1707438775.32 15219 51304 32 641 629
1707438775.9 15220 51304 80 641 588
1707438793.39 15221 51322 22 641 575
1707438799.62 15222 51328 36 641 628
1707438809.86 15223 51338 51 641 622
1707438812.62 15224 51341 18 641 587
1707438820.18 15225 51348 65 641 624
1707438824.75 15226 51353 13 641 629
1707438825.11 15227 51353 40 641 568
1707438832.89 15228 51361 9 641 618
1707438840.13 15229 51368 24 641 610
1707438842.47 15230 51370 49 641 625
1707438843.59 15231 51371 51 641 607
1707438860.81 15232 51388 66 641 623
1707438866.39 15233 51394 15 641 621
1707438875.53 15234 51403 21 641 623
1707438896.32 15235 51423 93 641 551
1707438896.9 15236 51424 41 641 519
1707438899.93 15237 51427 35 641 578
1707438913.58 15238 51440 92 641 616
1707438924.46 15239 51451 72 641 588
1707438924.6 15240 51451 76 641 540
1707438930.61 15241 51457 68 641 620
1707438932.19 15242 51459 17 641 633
1707438935.37 15243 51462 26 641 629
1707438948.1 15244 51474 91 641 626
1707438950.19 15245 51476 91 641 622
1707438956.82 15246 51483 45 641 624
1707438958.93 15247 51485 46 641 618
1707438959.05 15248 51485 49 641 540
1707438981.61 15249 51507 98 641 613
1707439005.54 15250 51531 84 641 624
1707439006.39 15251 51532 59 641 612
1707439014.98 15252 51541 9 641 626
1707439016.24 15253 51542 27 641 598
1707439017.31 15254 51543 25 641 633
1707439017.79 15255 51543 63 641 579
1707439023.16 15256 51548 91 641 630
1707439024.62 15257 51550 28 641 536
