1709337630.02 63669 28973 64 641 615
1709337631.09 63670 28974 61 641 613
1709337634.1 63671 28977 53 641 617
1709337645.84 63672 28989 18 641 607
1709337648.78 63673 28992 4 641 620
1709337653.41 63674 28996 59 641 621
1709337655.78 63675 28998 86 641 624
1709337657.12 63676 29000 11 641 630
1709337662.29 63677 29005 19 641 561
1709337664.54 63678 29007 35 641 620
1709337689.27 63679 29032 1 641 625
1709337690.58 63680 29033 24 641 628
1709337711.84 63681 29054 43 641 624
1709337715.31 63682 29057 80 641 627
1709337731.24 63683 29073 65 641 630
1709337739.51 63684 29081 83 641 623
1709337753.63 63685 29095 87 641 599
1709337754.77 63686 29096 92 641 620
1709337756.74 63687 29098 80 641 534
1709337763.77 63688 29105 74 641 616
1709337769.25 63689 29111 14 641 614
1709337774.65 63690 29116 45 641 516
1709337778.39 63691 29120 10 641 623
1709337785.94 63692 29127 56 641 547
1709337789.5 63693 29131 3 641 628
1709337791.8 63694 29133 24 641 614
1709337795.07 63695 29136 42 641 625
1709337795.29 63696 29136 55 641 547
1709337796.78 63697 29137 95 641 601
1709337814.38 63698 29155 48 641 612
1709337816.44 63699 29157 45 641 626
1709337843.91 63700 29184 85 641 621
1709337846.55 63701 29187 40 640 298
1709337854.56 63702 29195 33 641 513
1709337855.37 63703 29196 4 641 552
1709337869.67 63704 29210 26 641 624
1709337920.2 63705 29260 76 641 625
1709337930.96 63706 29271 43 641 604
1709337949.21 63707 29289 61 641 625
1709337956.32 63708 29296 63 641 621
1709337960.03 63709 29300 25 641 617
1709337960.66 63710 29300 79 641 579
1709337966.79 63711 29306 83 641 451
1709337981.43 63712 29321 39 641 471
1709337982.61 63713 29322 48 641 606
1709337986.34 63714 29326 13 641 620
1709337987.69 63715 29327 39 641 589
1709337991.07 63716 29330 68 641 627
1709338002.03 63717 29341 56 641 617
1709338025.79 63718 29365 25 641 630
1709338032.64 63719 29372 1 641 599
1709338041.18 63720 29380 47 641 618
1709338046.74 63721 29385 94 641 542
1709338064.82 63722 29403 95 641 620
1709338069.99 63723 29409 3 641 625
1709338091.64 63724 29430 60 641 621
1709338093.46 63725 29432 35 641 618
1709338093.8 63726 29432 59 641 556
1709338095.09 63727 29433 79 641 634
1709338108.53 63728 29447 15 641 629
1709338119.04 63729 29457 58 641 626
1709338119.14 63730 29457 58 640 531
1709338119.53 63731 29457 88 641 548
1709338123.55 63732 29461 81 641 620
1709338143.8 63733 29481 99 641 614
1709338164.43 63734 29502 55 641 622
1709338166.94 63735 29504 96 641 629
1709338173.37 63736 29511 31 641 522
1709338176.15 63737 29513 99 641 537
1709338185.29 63738 29523 5 641 616
1709338190.14 63739 29527 82 641 617
1709338193.72 63740 29531 31 641 523
1709338219.48 63741 29557 0 641 632
1709338219.65 63742 29557 8 641 541
1709338237.55 63743 29574 90 641 624
1709338241.35 63744 29578 61 641 631
1709338253.69 63745 29590 86 641 609
1709338255.46 63746 29592 54 641 497
1709338256.86 63747 29593 85 641 498
1709338259.56 63748 29596 45 641 528
1709338291.72 63749 29628 56 641 584
1709338313.77 63750 29650 53 641 545
1709338315.1 63751 29651 77 641 593
1709338329.72 63752 29666 32 641 581
1709338337.64 63753 29674 16 641 632
1709338342.38 63754 29678 81 641 622
1709338347.76 63755 29684 10 641 617
1709338368.65 63756 29704 92 641 628
1709338389.35 63757 29725 55 641 630
1709338390.71 63758 29726 82 641 619
1709338399.17 63759 29735 19 838 837
1709338407.2 63760 29743 14 641 537
1709338412.53 63761 29748 38 641 530
1709338412.88 63762 29748 64 641 557
1709338414.32 63763 29749 98 641 402
1709338415.1 63764 29750 67 641 593
1709338424.31 63765 29759 80 641 524
1709338437.55 63766 29772 95 641 605
1709338440.58 63767 29775 89 641 622
1709338445.38 63768 29780 59 641 625
1709338464.02 63769 29799 15 641 610
1709338477.38 63770 29812 44 641 622
1709338481.51 63771 29816 48 641 625
1709338486.63 63772 29821 51 641 625
1709338491.57 63773 29826 36 641 564
1709338499.45 63774 29834 16 641 620
1709338510.49 63775 29845 12 641 506
1709338514.07 63776 29848 61 641 585
1709338514.17 63777 29848 61 640 536
1709338514.35 63778 29848 71 641 547
1709338522.36 63779 29856 63 641 623
1709338532.01 63780 29866 20 641 627
1709338553.92 63781 29888 4 641 620
1709338562.69 63782 29896 73 641 621
1709338570.53 63783 29904 48 641 621
1709338582.29 63784 29916 17 641 622
1709338596.25 63785 29930 5 641 569
1709338599.65 63786 29933 36 641 621
1709338601.28 63787 29934 89 641 624
1709338611.83 63788 29945 36 641 614
1709338612.04 63789 29945 48 641 546
1709338619.51 63790 29952 87 641 611
1709338637.68 63791 29970 96 641 539
1709338642.61 63792 29975 80 641 620
1709338646.28 63793 29979 39 641 634
1709338648.65 63794 29981 67 641 628
1709338655.16 63795 29988 9 641 516
1709338669.74 63796 30002 59 641 624
1709338686.72 63797 30019 50 641 622
1709338695.91 63798 30028 60 641 629
1709338699.39 63799 30031 99 641 619
1709338699.57 63800 30032 8 641 544
1709338706.21 63801 30038 63 641 617
1709338718.13 63802 30050 47 641 546
1709338720.52 63803 30052 77 641 628
1709338723.73 63804 30055 89 641 624
1709338747.35 63805 30079 45 641 626
1709338750.31 63806 30082 31 641 624
1709338762.69 63807 30094 62 641 577
1709338768.81 63808 30100 65 641 631
1709338787.89 63809 30119 65 641 615
1709338792.4 63810 30124 7 641 624
1709338808.21 63811 30139 81 641 514
1709338815.93 63812 30147 44 641 631
1709338832.73 63813 30164 17 641 631
1709338840.62 63814 30171 97 641 634
1709338840.84 63815 30172 10 641 546
1709338843.48 63816 30174 65 641 617
1709338844.25 63817 30175 33 641 588
1709338851.94 63818 30182 93 641 630
1709338857.21 63819 30188 11 641 578
1709338874.02 63820 30204 84 641 573
1709338877.54 63821 30208 27 641 627
1709338879.25 63822 30209 89 641 504
1709338887.55 63823 30218 11 641 608
1709338897.43 63824 30227 90 641 624
1709338901.42 63825 30231 80 641 625
1709338902.1 63826 30232 39 641 584
1709338906.91 63827 30237 10 641 579
1709338918.36 63828 30248 47 641 633
1709338919.5 63829 30249 52 641 618
1709338923.89 63830 30253 82 641 628
1709338925.08 63831 30254 92 641 565
1709338955.67 63832 30285 44 641 624
1709338988.25 63833 30317 96 641 628
1709338995.61 63834 30325 23 641 630
1709339006.66 63835 30336 19 641 594
1709339022.48 63836 30351 93 641 615
1709339025.24 63837 30354 60 641 615
1709339038.33 63838 30367 61 641 611
1709339040.76 63839 30369 94 641 618
1709339060.78 63840 30389 89 641 624
1709339076.61 63841 30405 64 641 548
1709339084.68 63842 30413 62 641 408
1709339085.96 63843 30414 81 641 628
1709339099.55 63844 30428 33 641 604
1709339102.32 63845 30431 1 641 503
1709339103.68 63846 30432 27 641 629
1709339107.09 63847 30435 59 641 624
1709339126.01 63848 30454 44 641 563
1709339137.56 63849 30465 90 641 632
1709339142.99 63850 30471 24 641 626
1709339156.66 63851 30484 84 641 536
1709339159.93 63852 30488 2 641 602
1709339169.17 63853 30497 17 641 628
1709339173.0 63854 30500 92 641 528
1709339177.07 63855 30504 91 641 623
1709339178.16 63856 30505 91 641 612
1709339214.29 63857 30541 99 641 628
1709339217.85 63858 30545 46 641 632
1709339228.64 63859 30556 16 641 618
