1704844807.51 59788 24010 68 641 545
1704844812.5 59789 24015 58 641 608
1704844825.35 59790 24028 35 641 630
1704844834.85 59791 24037 76 641 628
1704844834.96 59792 24037 78 641 536
1704844835.59 59793 24038 31 641 568
1704844840.09 59794 24042 72 641 616
1704844863.41 59795 24065 98 641 476
1704844869.52 59796 24072 0 641 507
1704844871.64 59797 24074 4 640 286
1704844874.8 59798 24077 10 641 630
1704844878.5 59799 24080 72 641 534
1704844892.71 59800 24094 85 641 629
1704844894.44 59801 24096 48 641 615
1704844898.46 59802 24100 41 641 630
1704844911.09 59803 24112 97 641 621
1704844912.89 59804 24114 68 641 620
1704844915.79 59805 24117 48 641 628
1704844927.81 59806 24129 42 641 622
1704844930.35 59807 24131 87 641 615
1704844933.54 59808 24134 97 641 580
1704844942.11 59809 24143 46 641 615
1704844944.93 59810 24146 18 641 608
1704844950.3 59811 24151 47 641 616
1704844951.09 59812 24152 16 641 571
1704844952.08 59813 24153 6 641 584
1704844959.85 59814 24160 75 641 612
1704844972.42 59815 24173 24 641 599
1704844974.13 59816 24174 85 641 617
1704844978.1 59817 24178 74 641 565
1704844989.21 59818 24189 76 641 617
1704844991.93 59819 24192 38 641 627
1704845001.71 59820 24202 8 641 623
1704845007.2 59821 24207 48 641 627
1704845007.3 59822 24207 48 640 536
1704845007.69 59823 24207 78 641 553
1704845008.97 59824 24208 98 641 366
1704845015.12 59825 24215 5 641 619
1704845017.83 59826 24217 66 641 623
1704845020.2 59827 24219 94 641 533
1704845023.46 59828 24223 11 641 625
1704845026.67 59829 24226 23 641 623
1704845031.24 59830 24230 70 641 505
1704845031.67 59831 24231 5 641 555
1704845035.2 59832 24234 49 641 626
1704845038.82 59833 24238 3 641 624
1704845040.67 59834 24239 79 641 470
1704845043.56 59835 24242 59 641 620
1704845055.08 59836 24254 2 641 599
1704845060.57 59837 24259 43 641 608
1704845062.25 59838 24261 1 641 616
1704845063.85 59839 24262 52 641 612
1704845065.89 59840 24264 47 641 629
1704845068.47 59841 24266 96 641 628
1704845072.69 59842 24271 8 641 626
1704845087.87 59843 24286 19 641 626
1704845090.37 59844 24288 60 641 605
1704845106.82 59845 24304 97 641 603
1704845111.35 59846 24309 41 641 600
1704845113.66 59847 24311 63 641 624
1704845114.59 59848 24312 47 641 575
1704845115.14 59849 24312 93 641 560
1704845117.14 59850 24314 83 641 627
1704845121.73 59851 24319 34 641 618
1704845128.97 59852 24326 50 641 566
1704845138.31 59853 24335 75 641 625
1704845141.54 59854 24338 89 641 623
1704845149.41 59855 24346 68 641 485
1704845152.98 59856 24350 16 641 613
1704845156.48 59857 24353 57 641 622
1704845165.66 59858 24362 66 641 467
1704845168.61 59859 24365 52 641 621
1704845179.49 59860 24376 32 641 614
1704845188.47 59861 24385 21 641 622
1704845191.9 59862 24388 55 641 632
1704845200.63 59863 24397 19 641 593
1704845202.16 59864 24398 63 641 604
1704845208.14 59865 24404 52 641 622
1704845208.24 59866 24404 52 640 533
1704845209.96 59867 24406 15 641 618
1704845210.83 59868 24406 93 641 577
1704845211.29 59869 24407 29 641 558
1704845211.42 59870 24407 33 641 537
1704845220.83 59871 24416 66 641 498
1704845229.74 59872 24425 48 641 602
1704845231.23 59873 24426 88 641 563
1704845240.3 59874 24435 86 641 630
1704845260.33 59875 24455 82 641 625
1704845262.61 59876 24458 2 641 601
1704845267.38 59877 24462 70 641 613
1704845275.76 59878 24471 0 641 622
1704845276.99 59879 24472 13 641 594
1704845277.6 59880 24472 65 641 566
1704845278.67 59881 24473 62 641 588
1704845279.13 59882 24473 98 641 556
1704845282.9 59883 24477 66 641 620
1704845284.05 59884 24478 73 641 591
1704845285.4 59885 24479 98 641 600
1704845285.6 59886 24480 9 641 541
1704845298.59 59887 24493 1 641 589
1704845298.96 59888 24493 29 641 552
1704845316.56 59889 24510 81 640 480
1704845321.66 59890 24515 82 641 525
1704845323.34 59891 24517 41 641 613
1704845332.07 59892 24526 6 641 517
1704845343.38 59893 24537 29 641 592
1704845347.09 59894 24540 91 641 553
1704845354.75 59895 24548 49 641 619
1704845356.35 59896 24550 0 641 610
1704845364.49 59897 24558 6 641 615
1704845374.28 59898 24567 78 641 625
1704845375.33 59899 24568 73 641 563
1704845375.66 59900 24568 96 641 550
1704845379.04 59901 24572 25 641 632
1704845389.58 59902 24582 71 641 626
1704845402.2 59903 24595 25 641 616
1704845411.73 59904 24604 69 641 578
1704845419.49 59905 24612 38 641 518
1704845420.65 59906 24613 45 641 519
1704845420.79 59907 24613 49 641 536
1704845421.6 59908 24614 22 641 575
1704845428.1 59909 24620 63 641 621
1704845433.87 59910 24626 32 641 496
1704845434.21 59911 24626 56 641 552
1704845441.28 59912 24633 55 641 608
1704845445.76 59913 24637 93 641 632
1704845447.45 59914 24639 53 641 615
1704845447.56 59915 24639 54 641 534
1704845447.86 59916 24639 74 641 550
1704845449.02 59917 24640 81 641 595
1704845451.59 59918 24643 29 641 622
1704845454.63 59919 24646 23 641 479
1704845455.3 59920 24646 81 641 568
1704845458.3 59921 24649 72 641 629
1704845465.22 59922 24656 55 641 559
1704845477.38 59923 24668 64 641 548
1704845487.01 59924 24678 18 641 617
1704845494.18 59925 24685 27 641 613
1704845503.75 59926 24694 75 641 624
1704845509.01 59927 24699 93 641 512
1704845515.41 59928 24706 23 641 629
1704845518.89 59929 24709 63 641 627
1704845523.59 59930 24714 23 641 624
1704845532.0 59931 24722 56 641 628
1704845533.21 59932 24723 68 641 593
1704845537.82 59933 24728 20 641 604
1704845539.87 59934 24730 15 641 582
1704845540.76 59935 24730 95 641 577
1704845543.83 59936 24733 92 641 551
1704845546.43 59937 24736 43 641 564
1704845552.52 59938 24742 44 641 610
1704845555.87 59939 24745 70 641 613
1704845556.59 59940 24746 32 641 568
1704845563.4 59941 24753 5 641 473
1704845571.52 59942 24761 9 641 623
1704845572.41 59943 24761 89 641 580
1704845572.94 59944 24762 33 641 560
1704845576.19 59945 24765 48 641 577
1704845577.48 59946 24766 68 641 598
1704845584.04 59947 24773 15 641 628
1704845598.22 59948 24787 25 641 627
1704845605.04 59949 24793 98 641 625
1704845610.63 59950 24799 49 641 617
1704845611.09 59951 24799 86 641 558
1704845631.65 59952 24820 35 641 527
1704845641.23 59953 24829 84 641 565
1704845642.47 59954 24830 99 641 594
1704845647.16 59955 24835 58 641 636
1704845649.36 59956 24837 69 641 630
1704845656.08 59957 24844 33 641 627
1704845660.06 59958 24848 22 641 623
1704845661.91 59959 24849 98 641 590
1704845668.22 59960 24856 20 641 604
1704845678.06 59961 24865 95 641 609
1704845687.55 59962 24875 37 641 626
1704845693.87 59963 24881 60 641 627
1704845695.58 59964 24883 21 641 617
1704845699.92 59965 24887 46 641 629
1704845704.25 59966 24891 70 641 607
1704845706.73 59967 24894 9 641 624
1704845726.43 59968 24913 72 641 626
1704845736.66 59969 24923 86 641 616
1704845737.19 59970 24924 30 641 559
1704845737.78 59971 24924 79 641 538
1704845744.56 59972 24931 48 641 594
1704845749.82 59973 24936 65 641 635
1704845752.39 59974 24939 13 641 618
1704845758.33 59975 24944 98 641 602
1704845758.89 59976 24945 45 641 561
1704845761.1 59977 24947 57 641 625
1704845762.25 59978 24948 63 641 590
1704845766.76 59979 24953 5 641 617
1704845767.38 59980 24953 58 641 562
1704845767.55 59981 24953 65 641 541
1704845777.26 59982 24963 28 641 626
1704845786.79 59983 24972 72 641 606
1704845792.7 59984 24978 54 641 624
1704845793.51 59985 24979 25 641 573
1704845794.08 59986 24979 73 641 565
1704845795.53 59987 24981 9 641 606
1704845799.62 59988 24985 9 641 626
1704845802.36 59989 24987 74 641 625
1704845823.46 59990 25008 77 641 621
1704845835.05 59991 25020 27 641 524
1704845853.25 59992 25038 40 641 565
1704845860.36 59993 25045 42 641 634
1704845885.47 59994 25070 46 641 624
1704845887.22 59995 25072 11 641 618
1704845896.95 59996 25081 75 641 630
1704845905.26 59997 25089 98 641 625
1704845912.7 59998 25097 33 641 623
1704845923.61 59999 25108 16 641 628
1704845930.17 60000 25114 63 641 607
1704845941.67 60001 25126 5 641 618
1704845958.76 60002 25143 7 641 627
1704845965.5 60003 25149 73 641 627
1704845967.38 60004 25151 52 641 624
1704845969.26 60005 25153 30 641 602
1704845978.63 60006 25162 59 641 625
1704845980.39 60007 25164 26 641 619
1704845988.18 60008 25171 96 641 620
1704845993.99 60009 25177 68 641 621
1704845995.66 60010 25179 26 641 578
1704846001.17 60011 25184 68 641 420
1704846003.79 60012 25187 20 641 623
1704846007.81 60013 25191 13 641 616
1704846008.85 60014 25192 8 641 584
1704846009.03 60015 25192 17 641 538
1704846013.03 60016 25196 8 641 630
1704846029.11 60017 25212 9 641 598
1704846032.68 60018 25215 56 641 619
1704846038.4 60019 25221 21 641 596
1704846043.71 60020 25226 43 641 627
1704846052.73 60021 25235 36 641 610
1704846056.43 60022 25238 98 641 623
1704846059.1 60023 25241 56 641 557
1704846064.3 60024 25246 67 641 630
1704846067.32 60025 25249 60 641 594
1704846073.77 60026 25255 96 641 630
1704846078.17 60027 25260 27 641 629
1704846083.35 60028 25265 36 641 517
1704846087.54 60029 25269 46 641 622
1704846091.93 60030 25273 76 641 628
1704846109.74 60031 25291 50 641 626
1704846111.84 60032 25293 50 641 583
1704846142.83 60033 25324 43 641 628
1704846145.09 60034 25326 60 641 627
1704846146.36 60035 25327 78 641 596
1704846150.46 60036 25331 79 641 623
1704846151.74 60037 25332 98 641 595
1704846152.79 60038 25333 93 641 585
1704846166.26 60039 25347 33 641 623
1704846177.21 60040 25358 20 641 628
1704846182.58 60041 25363 48 641 630
1704846183.76 60042 25364 57 641 593
1704846197.04 60043 25377 76 641 627
1704846203.98 60044 25384 62 641 625
1704846207.44 60045 25387 99 641 617
1704846214.63 60046 25395 9 641 621
1704846217.11 60047 25397 48 641 476
1704846223.12 60048 25403 40 641 632
1704846239.63 60049 25419 84 641 615
1704846245.56 60050 25425 68 641 552
1704846247.06 60051 25427 9 641 604
1704846253.41 60052 25433 36 641 563
1704846259.22 60053 25439 8 641 608
1704846265.08 60054 25444 86 641 556
1704846276.55 60055 25456 25 641 582
1704846280.23 60056 25459 84 641 625
1704846300.14 60057 25479 67 641 624
1704846301.74 60058 25481 18 641 594
1704846303.35 60059 25482 69 641 613
1704846310.94 60060 25490 19 641 633
1704846314.4 60061 25493 56 641 627
1704846317.58 60062 25496 65 641 620
1704846318.0 60063 25496 98 641 555
1704846318.5 60064 25497 39 641 564
1704846331.08 60065 25509 88 641 624
1704846353.18 60066 25531 92 641 629
1704846364.41 60067 25543 7 641 626
1704846366.41 60068 25544 97 641 629
1704846369.98 60069 25548 46 641 599
1704846372.61 60070 25550 99 641 622
1704846380.61 60071 25558 90 641 623
1704846380.99 60072 25559 18 641 550
1704846392.39 60073 25570 51 641 611
1704846393.64 60074 25571 66 641 594
1704846393.73 60075 25571 66 640 534
1704846397.17 60076 25575 2 641 624
1704846398.82 60077 25576 58 641 560
1704846415.92 60078 25593 60 641 624
1704846426.21 60079 25603 81 641 615
1704846440.19 60080 25617 72 641 625
1704846444.0 60081 25621 44 641 622
1704846445.98 60082 25623 32 641 627
1704846446.87 60083 25624 12 641 578
1704846453.21 60084 25630 37 641 632
1704846457.61 60085 25634 69 641 626
1704846461.24 60086 25638 22 641 630
1704846464.09 60087 25640 98 641 627
1704846476.94 60088 25653 75 641 632
1704846489.85 60089 25666 57 641 629
1704846492.95 60090 25669 59 641 527
1704846521.34 60091 25697 91 641 629
1704846521.67 60092 25698 15 641 549
1704846523.86 60093 25700 24 641 598
1704846526.15 60094 25702 44 641 613
1704846536.77 60095 25712 97 641 624
1704846540.07 60096 25716 18 641 622
1704846545.35 60097 25721 37 641 627
1704846547.7 60098 25723 63 641 526
1704846556.63 60099 25732 47 641 508
1704846557.41 60100 25733 17 641 574
1704846563.5 60101 25739 17 641 570
1704846575.58 60102 25751 16 641 624
1704846589.32 60103 25764 82 641 626
1704846597.33 60104 25772 74 641 628
1704846631.59 60105 25806 94 641 631
1704846637.98 60106 25813 24 641 515
1704846658.2 60107 25833 39 641 563
1704846663.14 60108 25838 24 641 629
1704846675.46 60109 25850 48 641 621
1704846679.77 60110 25854 70 641 587
1704846697.87 60111 25872 73 641 619
1704846703.67 60112 25878 44 641 629
1704846705.26 60113 25879 94 641 611
1704846713.14 60114 25887 73 641 628
1704846716.16 60115 25890 66 641 532
1704846717.44 60116 25891 85 641 413
1704846755.89 60117 25930 24 641 600
1704846757.12 60118 25931 38 641 594
1704846773.26 60119 25947 44 641 627
1704846779.52 60120 25953 61 641 633
1704846782.76 60121 25956 76 641 558
1704846783.76 60122 25957 67 641 584
1704846792.26 60123 25966 8 641 598
1704846796.93 60124 25970 67 641 620
1704846800.56 60125 25974 20 641 629
1704846817.9 60126 25991 47 641 622
1704846828.74 60127 26002 23 641 619
1704846837.83 60128 26011 24 641 587
1704846844.09 60129 26017 41 641 618
1704846844.3 60130 26017 52 641 542
1704846846.71 60131 26019 83 641 629
1704846859.16 60132 26032 21 641 630
1704846863.95 60133 26036 91 641 583
1704846870.0 60134 26042 86 641 620
1704846872.49 60135 26045 26 641 608
1704846876.26 60136 26048 94 641 617
1704846877.11 60137 26049 70 641 577
1704846882.08 60138 26054 58 641 624
1704846886.2 60139 26058 61 641 623
1704846886.64 60140 26058 95 641 555
1704846887.22 60141 26059 44 641 563
1704846891.57 60142 26063 70 641 574
1704846897.91 60143 26069 96 641 625
1704846912.63 60144 26084 60 641 602
1704846914.48 60145 26086 35 641 587
1704846916.98 60146 26088 76 641 542
1704846919.15 60147 26090 84 641 633
1704846920.57 60148 26092 17 641 567
1704846920.99 60149 26092 49 641 554
1704846922.56 60150 26093 98 641 612
1704846932.39 60151 26103 72 641 625
1704846936.81 60152 26108 5 641 629
1704846941.02 60153 26112 18 641 624
1704846949.7 60154 26120 77 641 620
1704846961.47 60155 26132 45 641 618
1704846961.78 60156 26132 67 641 549
1704846971.02 60157 26141 83 641 595
1704846977.24 60158 26147 96 641 512
1704846982.69 60159 26153 32 641 617
1704846986.71 60160 26157 25 641 520
1704846996.62 60161 26167 8 641 636
1704846998.33 60162 26168 70 641 615
1704847001.01 60163 26171 29 641 622
1704847003.98 60164 26174 16 641 618
1704847007.7 60165 26177 79 641 632
1704847009.4 60166 26179 40 641 617
1704847017.11 60167 26187 2 641 536
1704847034.74 60168 26204 58 641 614
1704847036.68 60169 26206 43 641 626
1704847057.94 60170 26227 62 641 628
1704847062.47 60171 26232 6 641 627
1704847062.73 60172 26232 23 641 547
1704847066.92 60173 26236 33 641 626
1704847067.59 60174 26236 90 641 568
1704847073.89 60175 26243 12 641 528
1704847073.99 60176 26243 12 640 530
1704847076.98 60177 26246 3 641 631
1704847082.46 60178 26251 42 641 587
1704847087.31 60179 26256 18 641 630
1704847087.5 60180 26256 28 641 542
1704847087.69 60181 26256 38 641 541
1704847099.2 60182 26267 81 641 631
1704847104.61 60183 26273 13 641 515
1704847108.14 60184 26276 57 641 621
1704847139.02 60185 26307 40 641 544
1704847161.47 60186 26329 78 641 622
1704847162.64 60187 26330 85 641 590
1704847178.82 60188 26346 96 641 630
1704847195.27 60189 26363 33 641 524
1704847218.95 60190 26386 95 641 504
1704847222.06 60191 26389 96 641 622
1704847227.17 60192 26394 99 641 628
1704847229.4 60193 26397 14 641 627
1704847241.03 60194 26408 69 641 629
1704847247.77 60195 26415 34 641 631
1704847268.6 60196 26436 10 641 621
1704847274.54 60197 26441 95 641 587
1704847276.41 60198 26443 72 641 622
1704847285.53 60199 26452 76 641 564
1704847287.82 60200 26454 96 641 585
1704847290.91 60201 26457 96 641 629
1704847295.62 60202 26462 58 641 623
1704847303.54 60203 26470 42 641 427
1704847320.35 60204 26487 15 641 396
1704847329.04 60205 26495 76 641 620
1704847335.91 60206 26502 54 641 612
1704847338.38 60207 26504 92 641 627
1704847338.55 60208 26504 99 641 538
1704847340.8 60209 26507 16 641 625
1704847345.48 60210 26511 74 641 629
1704847345.58 60211 26511 74 640 532
1704847357.62 60212 26523 72 641 630
1704847364.49 60213 26530 50 641 616
1704847370.81 60214 26536 74 641 615
1704847372.97 60215 26538 81 641 611
1704847373.53 60216 26539 27 641 563
1704847403.84 60217 26569 52 641 627
1704847404.2 60218 26569 78 641 550
1704847406.22 60219 26571 71 641 629
1704847408.44 60220 26573 84 641 548
1704847421.57 60221 26586 88 641 628
1704847422.43 60222 26587 65 641 578
1704847425.05 60223 26590 18 641 500
1704847436.02 60224 26601 7 641 502
1704847442.44 60225 26607 40 641 560
1704847445.27 60226 26610 14 641 631
1704847446.75 60227 26611 52 641 607
1704847463.04 60228 26627 73 641 619
1704847464.8 60229 26629 40 641 597
1704847465.46 60230 26629 97 641 522
1704847469.47 60231 26633 90 641 482
1704847471.41 60232 26635 74 641 626
1704847473.87 60233 26638 11 641 592
1704847477.77 60234 26641 92 641 505
1704847485.16 60235 26649 22 641 621
1704847487.41 60236 26651 38 641 629
1704847492.15 60237 26656 3 641 621
1704847499.2 60238 26662 99 641 626
1704847513.52 60239 26677 24 641 628
1704847517.82 60240 26681 46 641 626
1704847535.92 60241 26699 48 641 619
1704847542.5 60242 26705 97 641 620
1704847549.46 60243 26712 85 641 625
1704847553.28 60244 26716 58 641 609
1704847574.33 60245 26737 56 641 621
1704847577.14 60246 26740 28 641 620
1704847577.92 60247 26740 97 641 568
1704847581.09 60248 26744 5 641 629
1704847595.74 60249 26758 63 641 619
1704847607.99 60250 26770 80 641 624
1704847613.8 60251 26776 53 641 436
1704847625.57 60252 26788 22 641 617
1704847633.71 60253 26796 27 641 620
1704847638.19 60254 26800 67 641 626
1704847643.31 60255 26805 69 641 630
1704847647.9 60256 26810 19 641 622
1704847661.58 60257 26823 79 641 615
1704847672.4 60258 26834 53 641 623
1704847684.0 60259 26846 5 641 628
1704847694.61 60260 26856 58 641 624
1704847694.77 60261 26856 65 641 538
1704847699.5 60262 26861 29 641 606
1704847700.85 60263 26862 55 641 600
1704847712.88 60264 26874 50 641 622
1704847717.26 60265 26878 79 641 625
1704847717.98 60266 26879 41 641 569
1704847743.87 60267 26905 24 641 627
1704847744.31 60268 26905 58 641 556
1704847766.14 60269 26927 35 641 602
1704847777.8 60270 26938 93 641 623
1704847779.84 60271 26940 88 641 610
1704847783.19 60272 26944 14 641 624
1704847798.16 60273 26959 4 641 604
1704847803.04 60274 26963 83 641 515
1704847807.67 60275 26968 37 641 632
1704847808.34 60276 26968 95 641 560
1704847809.82 60277 26970 34 641 607
1704847824.57 60278 26985 2 641 623
1704847851.46 60279 27011 85 641 621
1704847853.59 60280 27013 88 641 606
1704847867.67 60281 27027 89 641 616
1704847874.47 60282 27034 60 641 551
1704847884.01 60283 27044 6 641 593
1704847888.5 60284 27048 46 641 629
1704847897.12 60285 27057 0 641 545
1704847905.57 60286 27065 37 641 612
1704847911.4 60287 27071 11 641 626
1704847915.29 60288 27074 91 641 629
1704847925.96 60289 27085 49 641 480
1704847949.53 60290 27108 99 641 614
1704847950.42 60291 27109 79 641 579
1704847958.27 60292 27117 56 641 628
1704847974.52 60293 27133 73 641 623
1704847974.83 60294 27133 95 641 503
1704847982.09 60295 27141 13 641 618
1704847986.43 60296 27145 38 641 625
1704847994.22 60297 27153 9 641 630
1704847995.5 60298 27154 27 641 595
1704848008.75 60299 27167 44 641 624
1704848034.41 60300 27193 4 641 575
1704848034.52 60301 27193 6 641 532
1704848035.62 60302 27194 7 641 534
1704848085.05 60303 27243 47 641 630
1704848091.86 60304 27250 19 641 622
1704848098.41 60305 27256 65 641 623
1704848099.19 60306 27257 34 641 572
1704848106.79 60307 27264 86 641 615
1704848112.6 60308 27270 58 641 628
1704848112.7 60309 27270 58 640 527
1704848115.42 60310 27273 22 641 556
1704848122.35 60311 27280 6 641 401
1704848123.16 60312 27280 77 641 574
1704848138.95 60313 27296 50 641 618
1704848141.09 60314 27298 54 641 587
1704848143.77 60315 27301 13 641 636
1704848165.48 60316 27322 77 641 620
1704848166.05 60317 27323 24 641 561
1704848168.14 60318 27325 25 641 502
1704848170.71 60319 27327 73 641 606
1704848171.69 60320 27328 62 641 583
1704848179.68 60321 27336 52 641 628
1704848180.65 60322 27337 40 641 583
1704848188.15 60323 27344 82 641 628
1704848215.8 60324 27372 40 641 623
1704848225.42 60325 27381 93 641 626
1704848230.98 60326 27387 41 641 624
1704848235.47 60327 27391 81 641 619
1704848239.25 60328 27395 50 641 623
1704848247.82 60329 27403 98 641 552
1704848248.6 60330 27404 67 641 572
1704848249.35 60331 27405 33 641 567
1704848250.3 60332 27406 18 641 587
1704848254.46 60333 27410 26 641 624
1704848258.43 60334 27414 14 641 625
1704848274.38 60335 27430 1 641 623
1704848276.28 60336 27431 82 641 619
1704848279.35 60337 27434 79 641 625
1704848285.84 60338 27441 19 641 601
1704848288.77 60339 27444 4 641 596
1704848289.92 60340 27445 10 641 595
1704848291.93 60341 27447 2 641 631
1704848304.81 60342 27459 82 641 446
1704848307.26 60343 27462 18 641 609
1704848309.32 60344 27464 15 641 615
1704848312.64 60345 27467 38 641 616
1704848320.79 60346 27475 45 641 624
1704848326.81 60347 27481 38 641 628
1704848331.03 60348 27485 51 641 616
1704848331.24 60349 27485 63 641 542
1704848343.4 60350 27497 71 641 627
1704848355.56 60351 27509 79 641 522
1704848364.31 60352 27518 45 641 571
1704848368.86 60353 27522 91 641 584
1704848376.85 60354 27530 81 641 631
1704848386.17 60355 27540 5 641 628
1704848391.91 60356 27545 70 641 563
1704848392.95 60357 27546 65 641 425
1704848395.35 60358 27548 95 641 615
1704848402.74 60359 27556 25 641 355
1704848403.83 60360 27557 25 641 588
1704848404.38 60361 27557 71 641 560
1704848405.09 60362 27558 32 641 568
1704848406.45 60363 27559 59 641 514
1704848425.91 60364 27578 97 641 615
1704848427.53 60365 27580 50 641 446
1704848432.89 60366 27585 77 641 627
1704848436.81 60367 27589 60 641 621
1704848438.08 60368 27590 77 641 598
1704848447.56 60369 27600 17 641 626
1704848448.48 60370 27600 99 641 577
1704848448.58 60371 27600 99 640 535
1704848448.85 60372 27601 18 641 547
1704848464.21 60373 27616 46 641 578
1704848481.9 60374 27634 8 641 622
1704848484.24 60375 27636 33 641 618
1704848492.13 60376 27644 14 641 627
1704848506.1 60377 27658 3 641 627
1704848509.24 60378 27661 9 641 617
1704848519.4 60379 27671 17 641 592
1704848546.79 60380 27698 50 641 628
1704848559.38 60381 27711 0 641 628
1704848566.05 60382 27717 59 641 604
1704848572.9 60383 27724 35 641 549
1704848576.51 60384 27727 87 641 573
1704848602.63 60385 27753 92 641 606
1704848604.06 60386 27755 25 641 604
1704848607.38 60387 27758 48 641 631
1704848611.05 60388 27762 6 641 621
1704848617.07 60389 27768 0 641 515
1704848638.4 60390 27789 26 641 633
1704848639.24 60391 27790 1 641 574
1704848642.78 60392 27793 46 641 623
1704848648.77 60393 27799 35 641 592
1704848657.92 60394 27808 42 641 624
1704848664.45 60395 27814 87 641 620
1704848682.03 60396 27832 37 641 619
1704848684.42 60397 27834 67 641 515
1704848688.27 60398 27838 43 641 626
1704848694.56 60399 27844 63 641 606
1704848704.7 60400 27854 69 641 612
1704848705.28 60401 27855 17 641 562
1704848711.1 60402 27860 90 641 614
1704848715.42 60403 27865 13 641 575
1704848739.83 60404 27889 47 641 620
1704848745.17 60405 27894 72 641 587
1704848751.8 60406 27901 26 641 618
1704848752.33 60407 27901 71 641 562
1704848760.01 60408 27909 30 641 561
1704848790.17 60409 27939 40 641 629
1704848795.82 60410 27944 97 641 627
1704848797.18 60411 27946 24 641 600
1704848807.18 60412 27956 15 641 625
1704848812.25 60413 27961 13 641 575
1704848833.96 60414 27982 78 641 593
1704848834.06 60415 27982 79 641 532
1704848838.88 60416 27987 52 641 621
1704848852.92 60417 28001 47 641 631
1704848855.4 60418 28003 86 641 528
1704848862.49 60419 28010 87 641 446
1704848863.07 60420 28011 35 641 562
1704848872.51 60421 28020 71 641 619
1704848888.09 60422 28036 22 641 616
1704848889.21 60423 28037 25 641 587
1704848900.0 60424 28047 96 641 631
1704848901.33 60425 28049 19 641 601
1704848905.33 60426 28053 10 641 630
1704848911.5 60427 28059 19 641 627
1704848913.77 60428 28061 37 641 630
1704848921.55 60429 28069 8 641 612
1704848922.63 60430 28070 7 641 586
1704848936.03 60431 28083 39 641 625
1704848936.25 60432 28083 51 641 543
1704848949.0 60433 28096 18 641 618
1704848949.58 60434 28096 67 641 562
1704848957.93 60435 28104 93 641 624
1704848970.83 60436 28117 75 641 531
1704848977.18 60437 28124 2 641 627
1704848982.62 60438 28129 37 641 625
1704848987.91 60439 28134 58 641 626
1704848995.16 60440 28141 74 641 629
1704849011.21 60441 28157 72 641 622
1704849028.42 60442 28174 85 641 620
1704849033.98 60443 28180 33 641 574
1704849034.37 60444 28180 62 641 553
1704849037.17 60445 28183 33 641 613
1704849049.36 60446 28195 43 641 631
1704849055.3 60447 28201 28 641 621
1704849066.23 60448 28212 13 641 553
1704849071.09 60449 28216 90 640 250
1704849074.98 60450 28220 70 641 629
1704849078.18 60451 28223 82 641 625
1704849079.46 60452 28225 0 641 596
1704849084.28 60453 28229 73 641 616
1704849089.24 60454 28234 61 641 626
1704849104.43 60455 28249 72 641 556
1704849106.14 60456 28251 34 641 612
1704849118.18 60457 28263 31 641 628
1704849123.43 60458 28268 47 641 634
1704849125.76 60459 28270 71 641 616
1704849129.63 60460 28274 49 641 627
1704849134.85 60461 28279 62 641 629
1704849141.64 60462 28286 32 641 608
1704849147.34 60463 28291 93 641 564
1704849165.9 60464 28310 41 641 544
1704849166.34 60465 28310 76 641 554
1704849174.25 60466 28318 59 641 629
1704849195.15 60467 28339 42 641 620
1704849195.5 60468 28339 67 641 550
1704849196.03 60469 28340 11 641 561
1704849198.79 60470 28342 78 641 620
1704849203.82 60471 28347 72 641 607
1704849217.97 60472 28361 79 641 624
1704849225.02 60473 28368 76 641 625
1704849229.06 60474 28372 71 641 627
1704849230.92 60475 28374 47 641 625
1704849242.76 60476 28386 23 641 629
1704849250.6 60477 28393 98 641 622
1704849252.69 60478 28395 98 641 633
1704849258.79 60479 28402 0 641 627
1704849264.89 60480 28408 2 641 611
1704849270.67 60481 28413 72 641 629
1704849272.31 60482 28415 26 641 614
1704849280.01 60483 28422 88 641 624
1704849281.05 60484 28423 83 641 585
1704849291.81 60485 28434 51 641 624
1704849320.68 60486 28463 31 641 628
1704849325.63 60487 28468 18 641 484
1704849331.06 60488 28473 52 641 633
1704849333.27 60489 28475 64 641 637
1704849343.59 60490 28485 87 641 602
1704849344.27 60491 28486 46 641 568
1704849347.2 60492 28489 30 641 494
1704849350.07 60493 28492 8 641 516
1704849357.46 60494 28499 39 641 622
1704849360.23 60495 28502 7 641 636
1704849363.89 60496 28505 64 641 625
1704849366.07 60497 28507 73 641 620
1704849368.91 60498 28510 48 641 614
1704849374.18 60499 28515 66 641 616
1704849382.88 60500 28524 28 641 629
1704849395.36 60501 28536 68 641 588
1704849396.21 60502 28537 44 641 577
1704849401.31 60503 28542 45 641 601
1704849408.64 60504 28549 70 641 635
1704849409.22 60505 28550 18 641 562
1704849412.26 60506 28553 13 641 593
1704849413.3 60507 28554 8 641 585
1704849418.36 60508 28559 6 641 605
1704849420.99 60509 28561 60 641 620
1704849426.51 60510 28567 3 641 628
1704849426.77 60511 28567 19 641 543
1704849431.01 60512 28571 34 641 605
1704849432.62 60513 28572 86 641 568
1704849434.24 60514 28574 38 641 614
1704849470.29 60515 28610 37 641 590
1704849485.88 60516 28625 89 641 615
1704849496.15 60517 28636 8 641 618
1704849517.83 60518 28657 69 641 628
1704849531.91 60519 28671 69 641 556
1704849543.95 60520 28683 65 641 626
1704849545.32 60521 28684 93 641 553
1704849546.96 60522 28686 47 641 614
1704849547.57 60523 28686 99 641 565
1704849559.62 60524 28698 96 641 621
1704849563.33 60525 28702 58 641 621
1704849566.59 60526 28705 75 641 629
1704849579.81 60527 28718 90 641 622
1704849587.6 60528 28726 60 641 432
1704849596.24 60529 28735 15 641 621
1704849601.28 60530 28740 10 641 614
1704849605.0 60531 28743 73 641 625
1704849605.97 60532 28744 61 641 583
1704849612.23 60533 28750 78 641 624
1704849622.73 60534 28761 20 641 628
1704849624.53 60535 28762 90 641 620
1704849627.34 60536 28765 63 641 625
1704849635.21 60537 28773 41 641 627
1704849637.54 60538 28775 65 641 543
1704849642.71 60539 28780 74 641 628
1704849644.53 60540 28782 47 641 621
1704849647.44 60541 28785 29 641 627
1704849648.92 60542 28786 67 641 605
1704849652.75 60543 28790 41 641 577
1704849657.12 60544 28794 69 641 615
1704849661.58 60545 28799 6 641 619
1704849663.85 60546 28801 24 641 624
1704849675.31 60547 28812 62 641 632
1704849680.05 60548 28817 27 641 625
1704849684.95 60549 28822 8 641 564
1704849700.55 60550 28837 60 641 570
1704849700.74 60551 28837 70 641 542
1704849703.11 60552 28839 98 641 521
1704849703.36 60553 28840 14 641 546
1704849704.62 60554 28841 30 641 599
1704849712.66 60555 28849 26 641 508
1704849719.16 60556 28855 67 641 630
1704849719.64 60557 28856 6 641 556
1704849727.27 60558 28863 61 640 320
1704849727.82 60559 28864 7 641 561
1704849728.46 60560 28864 61 641 570
1704849735.64 60561 28871 70 641 610
1704849737.36 60562 28873 33 641 579
1704849764.23 60563 28900 14 641 632
1704849767.21 60564 28903 3 641 623
1704849767.92 60565 28903 65 641 567
1704849769.62 60566 28905 25 641 617
1704849770.73 60567 28906 27 641 586
1704849778.55 60568 28914 0 641 628
1704849780.78 60569 28916 15 641 617
1704849789.89 60570 28925 17 641 609
1704849790.61 60571 28925 79 641 569
1704849795.73 60572 28930 82 641 625
1704849799.46 60573 28934 47 641 625
1704849809.02 60574 28943 94 641 623
1704849813.58 60575 28948 41 641 619
1704849814.78 60576 28949 52 641 543
1704849815.06 60577 28949 70 641 545
1704849815.3 60578 28949 85 641 544
1704849816.16 60579 28950 61 641 583
1704849818.12 60580 28952 48 641 519
1704849820.55 60581 28954 83 641 452
1704849823.59 60582 28957 78 640 332
1704849825.77 60583 28959 87 641 616
1704849836.79 60584 28970 81 641 630
1704849840.64 60585 28974 57 641 623
1704849841.9 60586 28975 73 641 596
1704849842.69 60587 28976 42 641 573
1704849844.71 60588 28978 35 641 515
1704849849.35 60589 28982 90 641 614
1704849853.98 60590 28987 44 641 631
1704849865.64 60591 28999 1 641 558
1704849879.83 60592 29013 13 641 630
1704849885.86 60593 29019 8 641 599
1704849896.89 60594 29030 3 641 610
1704849904.82 60595 29037 88 641 633
1704849905.96 60596 29038 93 641 590
1704849911.59 60597 29044 47 641 532
1704849913.44 60598 29046 23 641 589
1704849915.17 60599 29047 87 641 566
1704849915.75 60600 29048 36 641 560
1704849919.05 60601 29051 57 641 599
1704849920.89 60602 29053 32 641 623
1704849928.42 60603 29060 76 641 587
1704849929.84 60604 29062 10 641 602
1704849931.06 60605 29063 22 641 532
1704849941.08 60606 29073 16 641 596
1704849941.54 60607 29073 52 641 555
1704849941.96 60608 29073 85 641 554
1704849951.82 60609 29083 63 641 618
1704849952.75 60610 29084 46 641 541
1704849956.37 60611 29088 0 641 624
1704849965.98 60612 29097 52 641 620
1704849967.14 60613 29098 59 641 591
1704849967.43 60614 29098 79 641 548
1704849972.85 60615 29104 12 641 613
1704849974.31 60616 29105 49 641 564
1704849981.96 60617 29113 5 641 565
1704849995.04 60618 29126 6 641 625
1704850006.85 60619 29137 79 641 587
1704850021.83 60620 29152 69 641 622
1704850030.6 60621 29161 38 641 625
1704850032.5 60622 29163 19 641 627
1704850035.11 60623 29165 71 641 617
1704850036.28 60624 29166 78 641 589
1704850037.28 60625 29167 69 641 584
1704850043.57 60626 29173 89 641 622
1704850044.63 60627 29174 86 641 585
1704850049.04 60628 29179 19 641 631
1704850050.47 60629 29180 53 641 601
1704850054.41 60630 29184 37 641 625
1704850056.15 60631 29186 3 641 618
1704850061.41 60632 29191 20 641 515
1704850063.66 60633 29193 35 641 549
1704850068.63 60634 29198 24 641 623
1704850071.12 60635 29200 64 641 628
1704850081.02 60636 29210 45 641 627
1704850091.1 60637 29220 45 641 619
1704850094.31 60638 29223 57 641 620
1704850098.25 60639 29227 42 641 597
1704850102.38 60640 29231 46 641 574
1704850109.07 60641 29238 6 641 630
1704850117.8 60642 29246 71 641 605
1704850121.37 60643 29250 19 641 627
1704850127.9 60644 29256 63 641 628
1704850130.24 60645 29258 88 641 542
1704850134.42 60646 29262 96 641 626
1704850151.48 60647 29279 95 641 624
1704850160.83 60648 29289 21 641 620
1704850162.26 60649 29290 54 641 601
1704850176.81 60650 29305 1 641 611
1704850180.31 60651 29308 42 641 594
1704850181.81 60652 29309 83 641 608
1704850194.85 60653 29322 79 641 618
1704850194.95 60654 29322 79 640 531
1704850200.24 60655 29328 1 641 632
1704850206.36 60656 29334 4 641 620
1704850216.76 60657 29344 37 641 618
1704850221.67 60658 29349 18 641 516
1704850222.04 60659 29349 46 641 552
1704850228.78 60660 29356 11 641 628
1704850240.94 60661 29368 19 641 624
1704850243.16 60662 29370 32 641 617
1704850249.91 60663 29376 99 641 616
1704850253.47 60664 29380 45 641 630
1704850258.25 60665 29385 14 641 611
1704850260.27 60666 29387 8 641 628
1704850264.72 60667 29391 44 641 622
1704850276.65 60668 29403 29 641 524
1704850281.3 60669 29407 85 641 622
1704850287.23 60670 29413 69 641 632
1704850290.85 60671 29417 22 641 498
1704850298.07 60672 29424 36 641 626
1704850306.75 60673 29432 95 641 628
1704850307.01 60674 29433 11 641 544
1704850310.54 60675 29436 56 641 586
1704850317.12 60676 29443 5 641 624
1704850329.63 60677 29455 48 641 626
1704850336.42 60678 29462 19 641 627
1704850337.36 60679 29463 4 641 582
1704850356.89 60680 29482 50 641 592
1704850357.17 60681 29482 68 641 544
1704850363.84 60682 29489 27 641 558
1704850370.27 60683 29495 61 641 536
1704850371.92 60684 29497 18 641 612
1704850376.05 60685 29501 22 641 583
1704850377.93 60686 29503 1 641 578
1704850378.68 60687 29503 66 641 571
1704850379.18 60688 29504 7 641 557
1704850393.65 60689 29518 46 641 588
1704850396.71 60690 29521 44 641 626
1704850398.62 60691 29523 25 641 622
1704850399.63 60692 29524 17 641 586
1704850403.29 60693 29527 74 641 625
1704850404.49 60694 29528 85 641 591
1704850406.72 60695 29530 99 641 618
1704850409.93 60696 29534 10 641 534
1704850413.08 60697 29537 17 641 625
1704850421.1 60698 29545 10 641 627
1704850421.62 60699 29545 53 641 487
1704850429.56 60700 29553 38 641 631
1704850433.9 60701 29557 63 641 589
1704850444.45 60702 29568 10 641 608
1704850446.59 60703 29570 15 641 612
1704850446.78 60704 29570 24 641 540
1704850450.7 60705 29574 7 641 626
1704850461.2 60706 29584 49 641 515
1704850469.25 60707 29592 46 641 615
1704850476.68 60708 29599 80 641 508
1704850485.23 60709 29608 27 641 526
1704850485.5 60710 29608 44 641 547
1704850510.05 60711 29632 93 641 587
1704850511.15 60712 29633 94 641 576
1704850511.91 60713 29634 60 641 569
1704850512.87 60714 29635 47 641 583
1704850520.99 60715 29643 50 641 626
1704850527.2 60716 29649 62 641 620
1704850530.33 60717 29652 66 641 593
1704850537.38 60718 29659 62 641 616
1704850542.09 60719 29664 24 641 524
1704850556.81 60720 29678 88 641 625
1704850571.71 60721 29693 71 641 592
1704850582.65 60722 29704 56 641 571
1704850584.34 60723 29706 15 641 614
1704850585.71 60724 29707 43 641 597
1704850598.48 60725 29720 12 641 618
1704850603.23 60726 29724 78 641 544
1704850606.54 60727 29728 0 641 617
1704850610.84 60728 29732 22 641 621
1704850614.66 60729 29735 94 641 620
1704850617.71 60730 29738 90 641 598
1704850619.96 60731 29741 6 641 612
1704850621.59 60732 29742 60 641 612
1704850621.93 60733 29742 84 641 553
1704850622.84 60734 29743 66 641 579
1704850629.89 60735 29750 63 641 627
1704850632.31 60736 29752 96 641 514
1704850640.16 60737 29760 72 641 524
1704850646.36 60738 29766 83 641 627
1704850646.53 60739 29766 91 641 542
1704850649.66 60740 29769 95 641 527
1704850650.63 60741 29770 83 641 584
1704850652.44 60742 29772 55 641 600
1704850660.4 60743 29780 43 641 600
1704850665.7 60744 29785 64 641 582
1704850696.25 60745 29816 12 641 609
1704850700.52 60746 29820 30 641 619
1704850703.69 60747 29823 38 641 625
1704850708.68 60748 29828 28 641 620
1704850709.14 60749 29828 65 641 554
1704850715.87 60750 29835 29 641 620
1704850720.64 60751 29839 98 641 598
1704850723.32 60752 29842 57 641 543
1704850724.03 60753 29843 19 641 571
1704850727.22 60754 29846 28 641 624
1704850732.25 60755 29851 22 641 628
1704850740.88 60756 29859 77 641 630
1704850755.53 60757 29874 35 641 622
1704850756.86 60758 29875 58 641 541
1704850758.62 60759 29877 25 641 620
1704850759.73 60760 29878 26 641 589
1704850763.0 60761 29881 44 641 627
1704850766.84 60762 29885 18 641 615
1704850774.49 60763 29892 75 641 625
1704850779.51 60764 29897 68 641 613
1704850779.82 60765 29897 90 641 550
1704850780.9 60766 29898 88 641 520
1704850786.42 60767 29904 32 641 621
1704850794.66 60768 29912 47 641 540
1704850813.92 60769 29931 66 641 532
1704850821.46 60770 29939 11 641 627
1704850831.52 60771 29949 8 641 630
1704850834.72 60772 29952 20 641 621
1704850836.0 60773 29953 39 641 595
1704850849.21 60774 29966 52 641 512
1704850855.76 60775 29972 98 641 621
1704850862.66 60776 29979 79 641 618
1704850869.35 60777 29986 39 641 619
1704850872.58 60778 29989 53 641 620
1704850875.23 60779 29992 9 641 628
1704850876.22 60780 29992 99 641 585
1704850879.6 60781 29996 28 641 631
1704850880.72 60782 29997 30 641 590
1704850886.95 60783 30003 44 641 412
1704850896.19 60784 30012 60 641 624
1704850899.21 60785 30015 53 641 617
1704850899.54 60786 30015 76 641 551
1704850899.89 60787 30016 2 641 547
1704850900.72 60788 30016 76 641 579
1704850909.4 60789 30025 35 641 623
1704850913.2 60790 30029 7 641 627
1704850917.05 60791 30032 83 641 619
1704850943.44 60792 30059 16 641 632
1704850950.05 60793 30065 68 641 627
1704850951.49 60794 30067 3 641 602
1704850952.98 60795 30068 42 641 606
1704850953.95 60796 30069 30 641 584
1704850959.53 60797 30074 79 641 633
1704850966.31 60798 30081 49 641 625
1704850976.54 60799 30091 64 641 631
1704850977.66 60800 30092 66 641 588
1704850983.0 60801 30097 91 641 628
1704850983.5 60802 30098 31 641 559
1704850983.84 60803 30098 55 641 548
1704850993.19 60804 30107 81 641 621
1704851008.6 60805 30123 15 641 625
1704851008.7 60806 30123 15 640 533
1704851011.44 60807 30125 80 641 617
1704851015.65 60808 30129 93 641 626
1704851029.71 60809 30143 91 641 628
1704851032.94 60810 30147 5 641 572
1704851037.42 60811 30151 44 641 589
1704851055.69 60812 30169 64 641 594
1704851056.54 60813 30170 39 641 505
1704851059.13 60814 30172 89 641 626
1704851060.59 60815 30174 25 641 603
1704851062.37 60816 30175 94 641 600
1704851062.47 60817 30175 94 640 531
1704851072.13 60818 30185 52 641 634
1704851080.98 60819 30194 28 641 630
1704851081.08 60820 30194 29 640 532
1704851102.19 60821 30215 34 641 627
1704851104.9 60822 30217 96 641 628
1704851105.29 60823 30218 26 641 553
1704851106.29 60824 30219 16 641 584
1704851110.57 60825 30223 36 641 623
1704851115.13 60826 30227 82 641 622
1704851116.62 60827 30229 22 641 608
1704851121.16 60828 30233 68 641 432
1704851124.41 60829 30236 83 641 624
1704851129.06 60830 30241 40 641 629
1704851136.56 60831 30248 81 641 628
1704851141.41 60832 30253 57 641 608
1704851145.33 60833 30257 40 641 619
1704851148.6 60834 30260 57 641 624
1704851156.17 60835 30268 6 641 629
1704851161.61 60836 30273 41 641 627
1704851171.15 60837 30282 86 641 625
1704851180.73 60838 30292 36 641 448
1704851183.52 60839 30295 6 641 609
1704851185.62 60840 30297 8 641 491
1704851190.06 60841 30301 43 641 620
1704851191.5 60842 30302 77 641 604
1704851191.63 60843 30302 82 641 538
1704851193.9 60844 30305 0 641 626
1704851196.98 60845 30307 99 641 568
1704851212.77 60846 30323 70 641 581
1704851215.98 60847 30326 82 641 629
1704851228.11 60848 30338 86 641 621
1704851233.88 60849 30344 54 641 629
1704851235.19 60850 30345 76 641 596
1704851243.59 60851 30354 8 641 611
1704851257.63 60852 30368 5 641 575
1704851265.69 60853 30376 3 641 430
1704851266.4 60854 30376 64 641 499
1704851272.02 60855 30382 18 641 626
1704851278.8 60856 30388 87 641 622
1704851291.41 60857 30401 40 641 620
1704851296.7 60858 30406 60 641 628
1704851297.95 60859 30407 76 641 596
1704851309.08 60860 30418 81 641 622
1704851323.57 60861 30433 22 641 627
1704851324.78 60862 30434 33 641 591
1704851331.56 60863 30441 2 641 556
1704851332.99 60864 30442 36 641 515
1704851344.79 60865 30454 8 641 622
1704851378.46 60866 30487 69 641 629
1704851378.79 60867 30487 93 641 548
1704851388.12 60868 30497 18 641 630
1704851406.51 60869 30515 50 641 597
1704851412.33 60870 30521 23 641 592
1704851418.67 60871 30527 48 641 576
1704851425.65 60872 30534 37 641 619
1704851428.8 60873 30537 43 641 612
1704851429.36 60874 30537 89 641 560
1704851430.87 60875 30539 31 641 608
1704851443.24 60876 30551 60 641 525
1704851446.72 60877 30554 99 641 622
1704851453.88 60878 30562 6 641 600
1704851457.78 60879 30565 88 641 634
1704851465.17 60880 30573 19 641 625
1704851465.92 60881 30573 85 641 575
1704851468.22 60882 30576 5 641 511
1704851468.49 60883 30576 24 641 548
1704851474.01 60884 30581 67 641 600
1704851480.76 60885 30588 34 641 626
1704851482.47 60886 30589 96 641 616
1704851491.82 60887 30599 22 641 575
1704851504.92 60888 30612 24 641 634
1704851506.1 60889 30613 33 641 588
1704851514.9 60890 30622 4 641 585
1704851525.13 60891 30632 19 641 584
1704851526.23 60892 30633 20 641 465
1704851530.24 60893 30637 13 641 607
1704851534.0 60894 30640 80 641 621
1704851539.11 60895 30645 82 641 584
1704851548.31 60896 30654 93 641 529
1704851560.04 60897 30666 58 641 616
1704851561.04 60898 30667 49 641 587
1704851565.01 60899 30671 38 641 628
1704851586.84 60900 30693 14 641 620
1704851593.63 60901 30699 83 641 465
1704851597.36 60902 30703 48 641 616
1704851599.78 60903 30705 80 641 627
1704851601.66 60904 30707 59 641 624
1704851603.19 60905 30709 3 641 607
1704851631.53 60906 30737 31 641 623
1704851634.04 60907 30739 72 641 623
1704851638.6 60908 30744 19 641 628
1704851645.34 60909 30750 84 641 564
1704851655.82 60910 30761 24 641 590
1704851666.62 60911 30771 97 641 621
1704851669.31 60912 30774 57 641 620
1704851680.67 60913 30785 85 641 622
1704851685.05 60914 30790 14 641 617
1704851685.65 60915 30790 64 641 563
1704851687.09 60916 30791 99 641 604
1704851692.35 60917 30797 16 641 616
1704851693.52 60918 30798 23 641 590
1704851705.12 60919 30809 75 641 626
1704851705.24 60920 30809 78 641 537
1704851710.9 60921 30815 35 641 517
1704851711.14 60922 30815 50 641 543
1704851714.34 60923 30818 61 641 601
1704851723.21 60924 30827 39 641 629
1704851723.32 60925 30827 41 641 535
1704851725.41 60926 30829 41 641 611
1704851727.31 60927 30831 21 641 607
1704851731.55 60928 30835 36 641 546
1704851737.39 60929 30841 12 641 623
1704851744.89 60930 30848 54 641 627
1704851745.87 60931 30849 42 641 581
1704851748.05 60932 30851 51 641 638
1704851756.38 60933 30859 75 641 512
1704851760.59 60934 30863 88 641 621
1704851760.71 60935 30863 90 641 534
1704851771.16 60936 30874 27 641 528
1704851786.09 60937 30889 12 641 597
1704851792.81 60938 30895 75 641 620
1704851798.68 60939 30901 53 641 608
1704851801.29 60940 30904 5 641 615
1704851801.48 60941 30904 15 641 542
1704851804.36 60942 30906 94 641 551
1704851813.9 60943 30916 39 641 630
1704851819.59 60944 30921 99 641 608
1704851824.25 60945 30926 56 641 620
1704851826.03 60946 30928 24 641 457
1704851831.76 60947 30933 88 641 563
1704851846.31 60948 30948 35 641 613
1704851847.68 60949 30949 63 641 600
1704851848.47 60950 30950 32 641 574
1704851852.67 60951 30954 43 641 596
1704851858.08 60952 30959 75 641 631
1704851860.57 60953 30962 15 641 611
1704851872.93 60954 30974 43 641 620
1704851875.05 60955 30976 46 641 618
1704851898.41 60956 30999 75 641 512
1704851901.13 60957 31002 38 641 626
1704851907.47 60958 31008 63 641 631
1704851909.43 60959 31010 50 641 613
1704851910.48 60960 31011 45 641 587
1704851917.19 60961 31018 8 641 626
1704851921.83 60962 31022 63 641 624
1704851927.95 60963 31028 66 641 620
1704851929.16 60964 31029 78 641 593
1704851930.72 60965 31031 24 641 611
1704851932.71 60966 31033 15 641 628
1704851938.89 60967 31039 25 641 621
1704851942.64 60968 31042 90 641 626
1704851946.39 60969 31046 57 641 627
1704851947.04 60970 31047 12 641 567
1704851974.79 60971 31074 81 641 624
1704851980.93 60972 31080 87 641 620
1704851984.23 60973 31084 7 641 623
1704851987.52 60974 31087 28 641 624
1704851990.74 60975 31090 41 641 610
1704851996.05 60976 31095 63 641 595
1704851999.97 60977 31099 47 641 614
1704852026.17 60978 31125 59 641 628
1704852028.63 60979 31127 97 641 616
1704852028.73 60980 31127 97 640 532
1704852032.69 60981 31131 85 641 530
1704852037.89 60982 31136 97 641 553
1704852043.82 60983 31142 81 641 625
1704852050.12 60984 31149 3 641 628
1704852064.37 60985 31163 20 641 595
1704852068.43 60986 31167 17 641 626
1704852080.56 60987 31179 22 641 615
1704852081.33 60988 31179 90 641 569
1704852091.62 60989 31190 10 641 613
1704852093.37 60990 31191 76 641 619
1704852105.21 60991 31203 52 641 630
1704852106.66 60992 31204 88 641 605
1704852116.33 60993 31214 47 641 598
1704852129.81 60994 31227 87 641 600
1704852129.91 60995 31227 87 640 534
1704852131.41 60996 31229 29 641 610
1704852132.72 60997 31230 51 641 556
1704852134.07 60998 31231 76 641 599
1704852136.09 60999 31233 69 641 520
1704852138.17 61000 31235 67 641 633
1704852139.13 61001 31236 53 641 577
1704852139.5 61002 31236 81 641 552
1704852151.35 61003 31248 58 641 623
1704852152.28 61004 31249 43 641 584
1704852158.45 61005 31255 51 641 624
1704852159.13 61006 31256 10 641 570
1704852165.88 61007 31262 76 641 514
1704852169.88 61008 31266 67 641 564
1704852184.35 61009 31281 7 641 622
1704852188.6 61010 31285 23 641 630
1704852194.6 61011 31291 14 641 624
1704852197.08 61012 31293 53 641 610
1704852201.27 61013 31297 62 641 379
1704852201.94 61014 31298 20 641 566
1704852213.51 61015 31309 69 641 627
1704852236.59 61016 31332 70 641 628
1704852247.69 61017 31343 72 641 629
1704852251.71 61018 31347 65 641 630
1704852292.19 61019 31388 8 641 508
1704852298.59 61020 31394 40 641 583
1704852310.01 61021 31405 74 641 540
1704852317.68 61022 31413 32 641 627
1704852319.38 61023 31414 93 641 613
1704852319.48 61024 31414 93 640 531
1704852320.97 61025 31416 33 641 610
1704852323.28 61026 31418 55 641 610
1704852328.77 61027 31423 95 641 612
1704852329.19 61028 31424 28 641 557
1704852335.56 61029 31430 56 641 564
1704852339.58 61030 31434 49 641 610
1704852350.94 61031 31445 77 641 625
1704852370.54 61032 31465 30 641 622
1704852370.93 61033 31465 59 641 556
1704852371.19 61034 31465 76 641 545
1704852371.59 61035 31466 7 641 556
1704852371.78 61036 31466 16 641 542
1704852386.69 61037 31481 0 641 625
1704852388.14 61038 31482 37 641 603
1704852389.88 61039 31484 2 641 616
1704852392.56 61040 31486 61 641 631
1704852393.37 61041 31487 33 641 574
1704852397.56 61042 31491 43 641 625
1704852398.77 61043 31492 54 641 593
1704852399.46 61044 31493 14 641 568
1704852400.81 61045 31494 39 641 603
1704852418.98 61046 31512 49 641 618
1704852424.88 61047 31518 30 641 626
1704852444.05 61048 31537 39 641 622
1704852448.34 61049 31541 60 641 621
1704852451.9 61050 31545 7 641 444
1704852455.35 61051 31548 43 641 623
1704852459.1 61052 31552 9 641 619
1704852478.09 61053 31571 1 641 623
1704852492.4 61054 31585 24 641 564
1704852501.19 61055 31593 95 641 604
1704852504.59 61056 31597 26 641 622
1704852504.69 61057 31597 26 640 531
1704852506.07 61058 31598 56 641 603
1704852506.18 61059 31598 57 641 533
1704852517.62 61060 31609 93 641 617
1704852521.9 61061 31614 12 641 613
1704852522.05 61062 31614 18 641 536
1704852523.84 61063 31615 87 641 598
1704852524.23 61064 31616 17 641 551
1704852539.35 61065 31631 21 641 627
1704852550.93 61066 31642 71 641 627
1704852553.75 61067 31645 44 641 629
1704852557.89 61068 31649 50 641 546
1704852562.42 61069 31653 93 641 609
1704852568.83 61070 31660 26 641 626
1704852576.82 61071 31668 16 641 626
1704852584.64 61072 31675 89 641 588
1704852585.8 61073 31676 96 641 590
1704852588.77 61074 31679 84 641 545
1704852589.86 61075 31680 84 641 588
1704852599.64 61076 31690 53 641 629
1704852600.53 61077 31691 33 641 577
1704852602.0 61078 31692 71 641 557
1704852603.33 61079 31693 94 641 601
1704852603.47 61080 31693 98 641 535
1704852618.46 61081 31708 91 641 627
1704852623.53 61082 31713 89 641 614
1704852627.31 61083 31717 57 641 630
1704852642.94 61084 31733 13 641 630
1704852656.54 61085 31746 65 641 497
1704852664.71 61086 31754 74 641 631
1704852673.19 61087 31763 14 641 630
1704852679.52 61088 31769 38 641 626
1704852681.47 61089 31771 24 641 628
1704852683.6 61090 31773 27 641 632
1704852688.93 61091 31778 52 641 619
1704852689.65 61092 31779 14 641 569
1704852690.06 61093 31779 45 641 552
1704852694.47 61094 31783 78 641 522
1704852696.67 61095 31785 89 641 626
1704852697.19 61096 31786 32 641 557
1704852702.53 61097 31791 57 641 623
1704852708.16 61098 31797 11 641 614
1704852712.67 61099 31801 53 641 629
1704852716.74 61100 31805 51 641 633
1704852726.19 61101 31814 88 641 577
1704852729.04 61102 31817 64 641 516
1704852729.65 61103 31818 15 641 564
1704852730.3 61104 31818 70 641 568
1704852743.4 61105 31831 72 641 421
1704852744.69 61106 31832 92 641 544
1704852748.95 61107 31837 9 641 630
1704852754.94 61108 31842 99 641 629
1704852758.83 61109 31846 79 641 627
1704852758.93 61110 31846 79 640 531
1704852759.75 61111 31847 53 641 580
1704852760.2 61112 31847 89 641 556
1704852772.85 61113 31860 46 641 604
1704852787.45 61114 31874 97 641 604
1704852797.22 61115 31884 66 641 604
1704852804.49 61116 31891 84 641 628
1704852811.52 61117 31898 79 641 624
1704852815.8 61118 31902 99 641 592
1704852820.14 61119 31907 23 641 618
1704852825.84 61120 31912 84 641 628
1704852852.44 61121 31939 38 641 627
1704852856.05 61122 31942 90 641 612
1704852865.73 61123 31952 49 641 627
1704852872.15 61124 31958 83 641 616
1704852874.59 61125 31961 17 641 555
1704852875.02 61126 31961 51 641 557
1704852878.15 61127 31964 54 641 626
1704852886.95 61128 31973 26 641 409
1704852890.36 61129 31976 57 641 595
1704852896.98 61130 31983 10 641 629
1704852904.02 61131 31990 6 641 566
1704852904.69 61132 31990 63 641 567
1704852911.17 61133 31997 3 641 611
1704852918.45 61134 32004 23 641 628
1704852934.84 61135 32020 55 641 512
1704852937.19 61136 32022 80 641 628
1704852952.78 61137 32038 31 641 632
1704852966.22 61138 32051 67 641 588
1704852977.28 61139 32062 64 641 587
1704852979.07 61140 32064 34 641 619
1704852991.96 61141 32077 14 641 622
1704852992.62 61142 32077 71 641 564
1704853002.05 61143 32087 6 641 624
1704853005.4 61144 32090 32 641 629
1704853025.96 61145 32110 81 641 630
1704853028.81 61146 32113 57 641 541
1704853044.13 61147 32128 80 641 629
1704853058.77 61148 32143 37 641 623
1704853073.97 61149 32158 49 641 612
1704853075.3 61150 32159 72 641 572
1704853083.81 61151 32168 14 641 627
1704853084.08 61152 32168 31 641 544
1704853091.85 61153 32176 0 641 630
1704853098.99 61154 32183 5 641 617
1704853099.95 61155 32183 93 641 580
1704853104.94 61156 32188 83 641 614
1704853105.17 61157 32188 97 641 544
1704853110.52 61158 32194 22 641 622
1704853126.18 61159 32209 81 641 630
1704853127.88 61160 32211 41 641 615
1704853139.89 61161 32223 34 641 621
1704853140.46 61162 32223 82 641 564
1704853157.31 61163 32240 59 641 612
1704853157.41 61164 32240 59 640 532
1704853164.2 61165 32247 31 641 626
1704853168.86 61166 32251 88 641 623
1704853169.99 61167 32252 92 641 590
1704853177.81 61168 32260 65 641 629
1704853188.44 61169 32271 20 641 630
1704853197.01 61170 32279 69 641 625
1704853214.09 61171 32296 69 641 514
1704853226.11 61172 32308 63 641 618
1704853232.76 61173 32315 19 641 627
1704853239.67 61174 32322 1 641 624
1704853251.1 61175 32333 37 641 588
1704853259.21 61176 32341 39 641 624
1704853260.43 61177 32342 51 641 478
1704853264.91 61178 32346 91 641 627
1704853266.36 61179 32348 26 641 605
1704853268.63 61180 32350 44 641 619
1704853274.57 61181 32356 28 641 604
1704853280.53 61182 32362 15 641 605
1704853285.04 61183 32366 57 641 606
1704853288.18 61184 32369 62 641 601
1704853294.12 61185 32375 47 641 623
1704853305.38 61186 32386 65 641 626
1704853305.9 61187 32387 7 641 558
1704853335.9 61188 32417 2 641 628
1704853336.62 61189 32417 64 641 569
1704853342.76 61190 32423 70 641 616
1704853345.73 61191 32426 58 641 626
1704853345.94 61192 32426 70 641 542
1704853347.7 61193 32428 36 641 622
1704853351.05 61194 32431 63 641 578
1704853372.89 61195 32453 39 641 572
1704853373.24 61196 32453 64 641 551
1704853382.45 61197 32462 77 641 628
1704853383.47 61198 32463 69 641 527
1704853384.36 61199 32464 49 641 578
1704853402.53 61200 32482 59 641 622
1704853403.03 61201 32482 99 641 558
1704853411.92 61202 32491 80 641 627
1704853413.4 61203 32493 19 641 607
1704853414.2 61204 32493 89 641 558
1704853414.52 61205 32494 12 641 551
1704853417.79 61206 32497 30 641 619
1704853420.78 61207 32500 20 641 526
1704853425.67 61208 32505 0 641 631
1704853428.27 61209 32507 51 641 610
1704853429.46 61210 32508 61 641 593
1704853439.73 61211 32518 79 641 607
1704853446.68 61212 32525 65 641 628
1704853447.53 61213 32526 41 641 574
1704853454.33 61214 32533 13 641 613
1704853458.67 61215 32537 37 641 623
1704853462.96 61216 32541 58 641 619
1704853476.1 61217 32554 63 641 624
1704853500.81 61218 32579 27 641 627
1704853508.36 61219 32586 74 641 627
1704853511.33 61220 32589 61 641 619
1704853511.82 61221 32590 1 641 561
1704853517.68 61222 32595 78 641 615
1704853518.46 61223 32596 48 641 573
1704853522.06 61224 32599 99 641 621
1704853534.44 61225 32612 28 641 618
1704853537.89 61226 32615 65 641 627
1704853539.5 61227 32617 16 641 611
1704853550.0 61228 32627 58 641 624
1704853557.2 61229 32634 69 641 624
1704853559.39 61230 32636 79 641 627
1704853561.48 61231 32638 79 641 620
1704853569.09 61232 32646 32 641 594
1704853578.06 61233 32655 20 640 344
1704853585.25 61234 32662 30 641 605
1704853586.39 61235 32663 35 641 591
1704853588.95 61236 32665 81 641 594
1704853594.4 61237 32671 18 641 620
1704853600.76 61238 32677 45 641 624
1704853605.96 61239 32682 56 641 626
1704853615.67 61240 32692 19 641 632
1704853627.25 61241 32703 69 641 631
1704853631.56 61242 32707 91 641 608
1704853636.31 61243 32712 57 641 634
1704853644.08 61244 32720 25 641 590
1704853654.23 61245 32730 31 641 621
1704853666.21 61246 32742 21 641 634
1704853671.43 61247 32747 34 641 625
1704853675.57 61248 32751 39 641 629
1704853676.09 61249 32751 82 641 561
1704853677.15 61250 32752 78 641 590
1704853699.81 61251 32775 38 641 583
1704853703.27 61252 32778 75 641 524
1704853709.14 61253 32784 53 641 551
1704853730.01 61254 32805 32 641 620
1704853731.24 61255 32806 46 641 595
1704853740.25 61256 32815 38 641 605
1704853741.81 61257 32816 85 641 609
1704853742.46 61258 32817 40 641 566
1704853745.0 61259 32819 85 641 632
1704853756.79 61260 32831 56 641 628
1704853761.48 61261 32836 16 641 623
1704853776.51 61262 32851 11 641 591
1704853779.01 61263 32853 52 641 629
1704853783.02 61264 32857 44 641 624
1704853784.89 61265 32859 21 641 601
1704853786.66 61266 32860 89 641 617
1704853792.17 61267 32866 31 641 631
1704853798.53 61268 32872 58 641 590
1704853803.36 61269 32877 32 641 577
1704853806.31 61270 32880 18 641 624
1704853807.57 61271 32881 34 641 594
1704853813.58 61272 32887 26 641 630
1704853825.56 61273 32899 16 641 618
1704853830.41 61274 32903 92 641 629
1704853831.44 61275 32904 85 641 583
1704853832.0 61276 32905 31 641 563
1704853837.91 61277 32911 14 641 519
1704853839.39 61278 32912 53 641 609
1704853843.55 61279 32916 60 641 595
1704853844.03 61280 32916 98 641 556
1704853855.34 61281 32928 21 641 632
1704853857.72 61282 32930 49 641 595
1704853859.82 61283 32932 51 641 606
1704853862.79 61284 32935 39 641 618
1704853865.15 61285 32937 65 641 605
1704853870.15 61286 32942 56 641 628
1704853875.01 61287 32947 34 641 620
1704853885.96 61288 32958 20 641 628
1704853887.41 61289 32959 56 641 424
1704853888.91 61290 32960 97 641 606
1704853890.36 61291 32962 33 641 607
1704853893.85 61292 32965 72 641 633
1704853898.64 61293 32970 42 641 551
1704853901.05 61294 32972 74 641 617
1704853908.07 61295 32979 68 641 624
1704853911.57 61296 32983 9 641 530
1704853919.47 61297 32990 90 641 519
1704853920.41 61298 32991 75 641 579
1704853933.26 61299 33004 53 641 620
1704853933.48 61300 33004 66 641 543
1704853935.12 61301 33006 21 641 470
1704853937.95 61302 33008 94 641 621
1704853940.72 61303 33011 62 641 596
1704853951.17 61304 33021 99 641 619
1704853952.53 61305 33023 26 641 600
1704853953.91 61306 33024 55 641 569
1704853960.93 61307 33031 48 641 607
1704853967.52 61308 33037 98 641 604
1704853971.16 61309 33041 54 641 626
1704853972.95 61310 33043 23 641 575
1704853976.72 61311 33046 91 641 624
1704853986.76 61312 33056 87 641 618
1704853998.33 61313 33068 35 641 630
1704854003.0 61314 33072 93 641 616
1704854005.57 61315 33075 41 641 626
1704854007.28 61316 33077 3 641 617
1704854007.75 61317 33077 41 641 558
1704854024.16 61318 33093 74 641 621
1704854025.34 61319 33094 83 641 535
1704854027.06 61320 33096 46 641 576
1704854032.5 61321 33101 81 641 594
1704854035.03 61322 33104 25 641 627
1704854044.34 61323 33113 48 641 582
1704854050.93 61324 33119 98 641 620
1704854061.08 61325 33130 5 641 627
1704854076.69 61326 33145 58 641 563
1704854087.55 61327 33156 36 641 632
1704854089.04 61328 33157 75 641 590
1704854092.15 61329 33160 77 641 592
1704854098.28 61330 33166 81 641 619
1704854107.02 61331 33175 46 641 547
1704854117.64 61332 33185 99 641 609
1704854117.74 61333 33185 99 640 530
1704854119.23 61334 33187 40 641 609
1704854120.26 61335 33188 34 641 588
1704854129.56 61336 33197 55 641 633
1704854130.29 61337 33198 18 641 571
1704854130.84 61338 33198 64 641 563
1704854138.89 61339 33206 60 641 626
1704854143.87 61340 33211 48 641 626
1704854146.44 61341 33213 97 641 635
1704854154.48 61342 33221 93 641 616
1704854167.7 61343 33235 7 641 629
1704854169.3 61344 33236 58 641 613
1704854172.77 61345 33239 96 641 619
1704854173.11 61346 33240 21 641 550
1704854192.75 61347 33259 77 641 518
1704854222.78 61348 33289 73 641 622
1704854227.96 61349 33294 83 641 617
1704854234.9 61350 33301 69 641 618
1704854238.0 61351 33304 70 641 624
1704854246.84 61352 33313 46 641 624
1704854247.38 61353 33313 90 641 556
1704854248.81 61354 33315 24 641 607
1704854251.17 61355 33317 50 641 617
1704854253.79 61356 33320 4 641 627
1704854257.31 61357 33323 47 641 626
1704854259.09 61358 33325 16 641 618
1704854259.32 61359 33325 29 641 498
1704854262.36 61360 33328 24 641 531
1704854277.42 61361 33343 22 641 624
1704854278.8 61362 33344 51 641 408
1704854279.27 61363 33344 89 641 560
1704854286.28 61364 33351 81 641 617
1704854290.55 61365 33355 99 641 595
1704854296.53 61366 33361 88 641 626
1704854304.27 61367 33369 53 641 616
1704854304.69 61368 33369 85 641 552
1704854307.45 61369 33372 52 641 560
1704854309.85 61370 33374 83 641 604
1704854320.39 61371 33385 29 641 619
1704854328.47 61372 33393 28 641 622
1704854332.17 61373 33396 89 641 617
1704854338.08 61374 33402 71 641 606
1704854340.31 61375 33404 84 641 527
1704854346.41 61376 33410 86 641 621
1704854347.11 61377 33411 46 641 568
1704854350.83 61378 33415 9 641 625
1704854353.77 61379 33417 95 641 628
1704854379.45 61380 33443 55 641 599
1704854393.48 61381 33457 51 641 623
1704854403.69 61382 33467 64 641 621
1704854423.61 61383 33487 48 641 540
1704854444.01 61384 33507 80 641 519
1704854458.39 61385 33522 11 641 622
1704854482.0 61386 33545 66 641 629
1704854495.26 61387 33558 85 641 600
1704854500.8 61388 33564 30 641 627
1704854502.17 61389 33565 58 641 601
1704854503.86 61390 33567 18 641 572
1704854508.5 61391 33571 72 641 627
1704854517.37 61392 33580 51 641 630
1704854547.89 61393 33610 97 641 625
1704854548.37 61394 33611 36 641 558
1704854565.67 61395 33628 58 641 619
1704854568.1 61396 33630 92 641 578
1704854572.47 61397 33635 20 641 532
1704854575.39 61398 33638 3 641 618
1704854576.36 61399 33638 90 641 582
1704854579.77 61400 33642 22 641 624
1704854599.0 61401 33661 38 641 619
1704854603.87 61402 33666 16 641 630
1704854607.68 61403 33669 88 641 624
1704854618.19 61404 33680 31 641 596
1704854637.07 61405 33699 11 641 615
1704854637.17 61406 33699 12 640 532
1704854644.76 61407 33706 63 641 603
1704854645.37 61408 33707 15 641 566
1704854657.45 61409 33719 14 641 626
1704854662.45 61410 33724 5 641 630
1704854667.35 61411 33728 86 641 616
1704854668.92 61412 33730 34 641 611
1704854675.54 61413 33736 88 641 463
1704854679.48 61414 33740 73 641 625
1704854683.03 61415 33744 18 641 614
1704854695.23 61416 33756 30 641 626
1704854695.52 61417 33756 50 641 548
1704854705.53 61418 33766 42 641 603
1704854711.32 61419 33772 12 641 626
1704854713.53 61420 33774 24 641 613
1704854729.08 61421 33789 71 641 619
1704854734.59 61422 33795 14 641 628
1704854736.8 61423 33797 25 641 490
1704854746.14 61424 33806 51 641 531
1704854747.7 61425 33807 97 641 610
1704854755.3 61426 33815 49 641 509
1704854758.26 61427 33818 36 641 626
1704854758.85 61428 33818 86 641 565
1704854763.16 61429 33823 7 641 618
1704854771.13 61430 33830 96 641 596
1704854775.68 61431 33835 42 641 592
1704854776.54 61432 33836 19 641 576
1704854778.79 61433 33838 34 641 615
1704854780.97 61434 33840 43 641 594
1704854781.07 61435 33840 43 640 532
1704854796.8 61436 33856 9 641 620
1704854799.14 61437 33858 34 641 621
1704854809.87 61438 33869 0 641 628
1704854822.71 61439 33881 75 641 627
1704854823.12 61440 33882 7 641 553
1704854825.54 61441 33884 40 641 618
1704854832.09 61442 33890 86 641 614
1704854833.41 61443 33892 9 641 596
1704854833.89 61444 33892 47 641 556
1704854837.65 61445 33896 14 641 626
1704854850.59 61446 33909 1 641 570
1704854853.77 61447 33912 11 641 626
1704854862.32 61448 33920 58 641 496
1704854866.44 61449 33924 60 641 592
1704854875.61 61450 33933 69 641 620
1704854875.73 61451 33933 72 641 538
1704854884.65 61452 33942 55 641 618
1704854887.86 61453 33945 68 641 627
1704854893.85 61454 33951 58 641 629
1704854912.9 61455 33970 56 641 638
1704854913.98 61456 33971 54 641 586
1704854918.59 61457 33976 6 641 622
1704854932.7 61458 33990 10 641 627
1704854933.92 61459 33991 22 641 592
1704854934.01 61460 33991 22 640 533
1704854953.73 61461 34010 88 641 612
1704854956.19 61462 34013 25 641 608
1704854957.74 61463 34014 70 641 606
1704854958.35 61464 34015 22 641 565
1704854960.11 61465 34016 89 641 619
1704854961.6 61466 34018 28 641 573
1704854964.56 61467 34021 16 641 630
1704854970.05 61468 34026 56 641 622
1704854975.09 61469 34031 51 641 602
1704854975.33 61470 34031 66 641 543
1704854980.59 61471 34036 83 641 543
1704854989.57 61472 34045 72 641 611
1704854991.81 61473 34047 87 641 633
1704854993.26 61474 34049 22 641 602
1704854996.52 61475 34052 39 641 625
1704855005.53 61476 34061 31 641 633
1704855006.5 61477 34062 19 641 583
1704855007.63 61478 34063 23 641 590
1704855013.27 61479 34068 78 641 630
1704855014.65 61480 34070 7 641 602
1704855019.57 61481 34074 90 641 496
1704855026.35 61482 34081 60 641 595
1704855028.95 61483 34084 10 641 624
1704855034.72 61484 34089 78 641 616
1704855038.3 61485 34093 27 641 623
1704855052.15 61486 34107 4 641 627
1704855052.97 61487 34107 77 641 572
1704855054.65 61488 34109 36 641 616
1704855057.65 61489 34112 27 641 625
1704855067.64 61490 34122 17 641 617
1704855070.89 61491 34125 33 641 621
1704855081.68 61492 34136 4 641 628
1704855084.38 61493 34138 65 641 596
1704855085.57 61494 34139 75 641 594
1704855086.49 61495 34140 58 641 521
1704855089.34 61496 34143 33 641 576
1704855090.85 61497 34144 75 641 609
1704855099.54 61498 34153 36 641 629
1704855100.51 61499 34154 23 641 579
1704855105.15 61500 34158 79 641 533
1704855115.84 61501 34169 39 641 494
1704855120.77 61502 34174 23 641 625
1704855127.81 61503 34181 19 641 628
1704855134.1 61504 34187 39 641 630
1704855136.31 61505 34189 51 641 605
1704855140.26 61506 34193 37 641 623
1704855156.1 61507 34209 13 641 598
1704855159.74 61508 34212 68 641 628
1704855161.08 61509 34213 93 641 597
1704855167.25 61510 34220 2 641 498
1704855169.15 61511 34221 82 641 593
1704855171.2 61512 34223 78 641 620
1704855174.26 61513 34226 75 641 438
1704855177.07 61514 34229 47 641 550
1704855177.96 61515 34230 27 641 579
1704855193.93 61516 34246 17 641 530
1704855195.7 61517 34247 84 641 323
1704855198.03 61518 34250 8 641 626
1704855210.38 61519 34262 35 641 624
1704855218.26 61520 34270 14 641 628
1704855222.87 61521 34274 66 641 625
1704855227.69 61522 34279 39 641 621
1704855230.4 61523 34282 1 641 627
1704855244.31 61524 34295 85 641 620
1704855251.86 61525 34303 31 641 616
1704855255.12 61526 34306 48 641 624
1704855264.15 61527 34315 42 641 622
1704855272.08 61528 34323 27 641 628
1704855272.52 61529 34323 61 641 527
1704855278.35 61530 34329 35 641 611
1704855279.89 61531 34330 80 641 606
1704855309.81 61532 34360 67 641 571
1704855312.84 61533 34363 60 641 578
1704855313.24 61534 34363 90 641 555
1704855313.34 61535 34363 91 641 532
1704855313.69 61536 34364 16 641 549
1704855323.27 61537 34373 66 641 586
1704855327.76 61538 34378 7 641 622
1704855329.86 61539 34380 8 641 617
1704855334.55 61540 34384 68 641 624
1704855352.2 61541 34402 26 641 620
1704855362.6 61542 34412 58 641 616
1704855387.01 61543 34436 92 641 623
1704855396.45 61544 34446 27 641 632
1704855400.77 61545 34450 50 641 616
1704855414.3 61546 34463 94 641 620
1704855416.56 61547 34466 12 641 615
1704855426.14 61548 34475 61 641 631
1704855433.37 61549 34482 76 641 624
1704855447.36 61550 34496 67 641 629
1704855452.22 61551 34501 44 641 626
1704855460.72 61552 34509 86 641 584
1704855472.55 61553 34521 60 641 621
1704855476.19 61554 34525 17 641 638
1704855480.86 61555 34529 75 641 624
1704855487.58 61556 34536 38 641 529
1704855496.92 61557 34545 64 641 634
1704855499.62 61558 34548 24 641 630
1704855506.39 61559 34554 92 641 629
1704855517.9 61560 34566 35 641 626
1704855522.3 61561 34570 66 641 609
1704855525.03 61562 34573 29 641 560
1704855532.45 61563 34580 62 641 612
1704855536.74 61564 34584 83 641 631
1704855539.97 61565 34587 97 641 626
1704855543.41 61566 34591 32 641 607
1704855545.4 61567 34593 21 641 515
1704855568.31 61568 34616 6 641 540
1704855569.33 61569 34616 99 641 583
1704855572.31 61570 34619 88 641 582
1704855576.12 61571 34623 60 641 626
1704855578.78 61572 34626 17 641 625
1704855586.11 61573 34633 41 641 517
1704855592.63 61574 34639 85 641 627
1704855595.63 61575 34642 75 641 624
1704855596.09 61576 34643 12 641 554
1704855606.2 61577 34653 15 641 521
1704855608.52 61578 34655 38 641 613
1704855610.2 61579 34656 96 641 617
1704855615.08 61580 34661 75 641 543
1704855617.3 61581 34663 88 641 637
1704855632.73 61582 34679 23 641 593
1704855643.88 61583 34690 31 641 520
1704855648.1 61584 34694 43 641 620
1704855650.94 61585 34697 18 641 626
1704855655.27 61586 34701 42 641 628
1704855661.13 61587 34707 19 641 621
1704855673.52 61588 34719 50 641 603
1704855674.31 61589 34720 20 641 573
1704855677.26 61590 34723 6 641 623
1704855684.08 61591 34729 79 641 624
1704855688.74 61592 34734 36 641 626
1704855689.44 61593 34734 97 641 567
1704855691.45 61594 34736 88 641 594
1704855692.81 61595 34738 15 641 598
1704855701.94 61596 34747 20 641 614
1704855706.33 61597 34751 50 641 620
1704855715.9 61598 34760 98 641 619
1704855723.6 61599 34768 60 641 625
1704855729.98 61600 34774 89 641 623
1704855733.41 61601 34778 24 641 628
1704855739.94 61602 34784 68 641 617
1704855762.41 61603 34807 7 641 632
1704855763.57 61604 34808 16 641 539
1704855764.4 61605 34808 89 641 575
1704855768.92 61606 34813 33 641 624
1704855779.14 61607 34823 47 641 629
1704855791.56 61608 34835 80 641 627
1704855803.55 61609 34847 72 641 636
1704855804.44 61610 34848 52 641 576
1704855807.31 61611 34851 30 641 511
1704855807.41 61612 34851 30 640 529
1704855837.44 61613 34881 28 641 618
1704855838.73 61614 34882 47 641 525
1704855849.09 61615 34892 74 641 626
1704855870.89 61616 34914 47 641 628
1704855874.35 61617 34917 85 641 561
1704855880.11 61618 34923 52 641 567
1704855880.65 61619 34923 96 641 549
1704855880.75 61620 34923 96 640 531
1704855887.25 61621 34930 39 641 515
1704855888.38 61622 34931 42 641 590
1704855891.54 61623 34934 49 641 627
1704855894.9 61624 34937 76 641 626
1704855895.08 61625 34937 84 641 541
1704855904.73 61626 34947 40 641 623
1704855907.36 61627 34949 94 641 627
1704855909.64 61628 34952 13 641 617
1704855912.3 61629 34954 70 641 632
1704855916.06 61630 34958 36 641 618
1704855919.72 61631 34961 94 641 609
1704855921.69 61632 34963 81 641 629
1704855924.02 61633 34966 5 641 625
1704855934.88 61634 34976 83 640 293
1704855936.08 61635 34977 94 641 593
1704855938.23 61636 34980 0 641 619
1704855940.07 61637 34981 75 641 622
1704855948.21 61638 34989 80 641 593
1704855948.32 61639 34989 82 641 534
1704855950.06 61640 34991 47 641 599
1704855965.68 61641 35007 1 641 624
1704855967.98 61642 35009 21 641 616
1704855974.23 61643 35015 39 641 634
1704855981.06 61644 35022 13 641 623
1704855982.36 61645 35023 33 641 599
1704855982.84 61646 35023 72 641 558
1704855990.56 61647 35031 36 641 626
1704855999.16 61648 35039 87 641 615
1704856004.76 61649 35045 38 641 632
1704856008.73 61650 35049 26 641 619
1704856018.0 61651 35058 45 641 624
1704856020.21 61652 35060 57 641 622
1704856032.21 61653 35072 48 641 629
1704856035.13 61654 35075 31 641 624
1704856035.32 61655 35075 41 641 539
1704856036.47 61656 35076 46 641 591
1704856047.48 61657 35087 39 641 622
1704856053.92 61658 35093 75 641 545
1704856062.55 61659 35102 29 641 625
1704856069.03 61660 35108 68 641 616
1704856085.14 61661 35124 71 641 458
1704856091.47 61662 35130 96 641 630
1704856101.73 61663 35141 14 641 623
1704856108.62 61664 35147 94 641 597
1704856112.18 61665 35151 42 641 477
1704856114.55 61666 35153 69 641 591
1704856119.74 61667 35158 79 641 626
1704856123.81 61668 35162 77 641 626
1704856125.22 61669 35164 8 641 605
1704856125.31 61670 35164 8 640 532
1704856126.95 61671 35165 63 641 617
1704856134.26 61672 35172 85 641 531
1704856154.99 61673 35193 51 641 624
1704856161.73 61674 35200 17 641 624
1704856177.4 61675 35215 76 641 631
1704856194.31 61676 35232 60 641 626
1704856198.14 61677 35236 34 641 623
1704856199.67 61678 35237 78 641 609
1704856201.28 61679 35239 30 641 614
1704856210.0 61680 35247 93 641 629
1704856210.8 61681 35248 64 641 577
1704856211.02 61682 35248 76 641 548
1704856215.32 61683 35252 98 641 626
1704856228.47 61684 35266 5 641 610
1704856230.15 61685 35267 64 641 617
1704856246.79 61686 35284 20 641 626
1704856247.26 61687 35284 58 641 558
1704856253.35 61688 35290 58 641 630
1704856263.93 61689 35301 8 641 628
1704856277.43 61690 35314 50 641 603
1704856278.6 61691 35315 58 641 591
1704856288.94 61692 35325 84 641 630
1704856294.41 61693 35331 22 641 625
1704856295.78 61694 35332 50 641 602
1704856298.17 61695 35334 80 641 618
1704856305.68 61696 35342 22 641 622
1704856306.87 61697 35343 32 641 593
1704856307.69 61698 35344 5 641 574
1704856309.11 61699 35345 38 641 604
1704856318.93 61700 35355 12 641 621
1704856329.18 61701 35365 28 641 627
1704856336.52 61702 35372 54 641 631
1704856357.43 61703 35393 37 641 626
1704856361.47 61704 35397 33 641 616
1704856362.7 61705 35398 46 641 595
1704856369.4 61706 35405 8 641 612
1704856370.11 61707 35405 70 641 571
1704856370.31 61708 35405 81 641 544
1704856399.67 61709 35435 11 641 627
1704856413.66 61710 35449 2 641 627
1704856423.48 61711 35458 76 641 632
1704856425.57 61712 35460 75 641 637
1704856429.82 61713 35464 92 641 630
1704856434.83 61714 35469 85 641 523
1704856449.79 61715 35484 73 641 540
1704856458.11 61716 35492 96 641 629
1704856462.23 61717 35497 0 641 611
1704856481.18 61718 35515 87 641 626
1704856481.28 61719 35515 87 640 529
1704856481.84 61720 35516 35 641 568
1704856499.85 61721 35534 29 641 625
1704856507.09 61722 35541 44 641 600
1704856518.88 61723 35553 15 641 611
1704856519.1 61724 35553 27 641 542
1704856521.79 61725 35555 87 641 576
1704856530.6 61726 35564 60 641 612
1704856557.57 61727 35591 50 641 580
1704856558.23 61728 35592 6 641 497
1704856567.59 61729 35601 34 641 576
1704856572.41 61730 35606 7 641 630
1704856573.43 61731 35606 99 641 584
1704856578.63 61732 35612 10 641 626
1704856583.66 61733 35617 5 641 628
1704856596.15 61734 35629 45 641 621
1704856602.15 61735 35635 36 641 620
1704856605.86 61736 35638 98 641 609
1704856609.32 61737 35642 35 641 625
1704856612.59 61738 35645 53 641 627
1704856614.02 61739 35646 87 641 606
1704856616.51 61740 35649 26 641 608
1704856628.66 61741 35661 34 641 631
1704856636.54 61742 35669 14 641 627
1704856649.73 61743 35682 25 641 625
1704856650.54 61744 35682 96 641 574
1704856651.27 61745 35683 60 641 571
1704856657.19 61746 35689 44 641 520
1704856661.18 61747 35693 33 641 623
1704856664.43 61748 35696 49 641 585
1704856668.36 61749 35700 32 641 622
1704856671.64 61750 35703 51 641 627
1704856674.05 61751 35705 83 641 626
1704856676.03 61752 35707 72 641 490
1704856708.73 61753 35740 36 641 625
1704856720.82 61754 35752 37 641 630
1704856733.29 61755 35764 75 641 613
1704856734.46 61756 35765 83 641 592
1704856748.17 61757 35779 47 641 630
1704856752.98 61758 35784 18 641 627
1704856759.11 61759 35790 22 641 511
1704856763.33 61760 35794 35 641 631
1704856775.11 61761 35806 5 641 625
1704856776.06 61762 35806 91 641 579
1704856780.28 61763 35811 4 641 571
1704856781.67 61764 35812 34 641 602
1704856783.12 61765 35813 70 641 607
1704856788.39 61766 35818 88 641 604
1704856797.88 61767 35828 28 641 607
1704856798.14 61768 35828 44 641 546
1704856812.47 61769 35842 70 641 595
1704856824.8 61770 35854 94 641 629
1704856829.68 61771 35859 73 641 622
1704856839.62 61772 35869 59 641 623
1704856845.59 61773 35875 48 641 632
1704856849.26 61774 35879 5 641 629
1704856854.53 61775 35884 24 641 630
1704856857.53 61776 35887 15 641 618
1704856861.45 61777 35890 98 641 628
1704856862.66 61778 35892 9 641 595
1704856878.02 61779 35907 38 641 531
1704856889.43 61780 35918 70 641 625
1704856899.97 61781 35929 17 641 628
1704856904.17 61782 35933 28 641 616
1704856914.84 61783 35943 87 641 588
1704856918.78 61784 35947 72 641 611
1704856920.86 61785 35949 71 641 619
1704856930.25 61786 35959 1 641 627
1704856933.55 61787 35962 22 641 629
1704856937.27 61788 35965 84 641 625
1704856937.7 61789 35966 19 641 553
1704856938.79 61790 35967 19 641 590
1704856939.73 61791 35968 3 641 582
1704856947.26 61792 35975 47 641 626
1704856950.67 61793 35978 81 641 625
1704856976.59 61794 36004 66 641 363
1704856977.14 61795 36005 11 641 559
1704856981.26 61796 36009 14 641 618
1704856982.55 61797 36010 34 641 598
1704856985.02 61798 36012 72 641 543
1704856985.13 61799 36012 73 641 535
1704856991.65 61800 36019 17 641 619
1704856997.32 61801 36024 75 641 609
1704856999.48 61802 36026 81 641 632
1704857001.87 61803 36029 11 641 613
1704857005.46 61804 36032 60 641 612
1704857006.73 61805 36033 78 641 596
1704857010.62 61806 36037 58 641 541
1704857011.72 61807 36038 58 641 588
1704857020.45 61808 36047 22 641 608
1704857021.26 61809 36047 94 641 572
1704857024.69 61810 36051 28 641 599
1704857026.12 61811 36052 62 641 602
1704857027.32 61812 36053 73 641 592
1704857042.81 61813 36069 14 641 619
1704857043.08 61814 36069 32 641 487
1704857053.8 61815 36079 95 641 612
1704857054.37 61816 36080 43 641 565
1704857061.95 61817 36087 92 641 623
1704857068.37 61818 36094 24 641 604
1704857072.26 61819 36098 5 641 630
1704857082.58 61820 36108 29 641 623
1704857082.7 61821 36108 32 641 536
1704857088.59 61822 36114 12 641 588
1704857090.88 61823 36116 32 641 618
1704857093.27 61824 36118 61 641 495
1704857095.04 61825 36120 28 641 620
1704857106.29 61826 36131 46 641 622
1704857106.39 61827 36131 46 640 531
1704857112.17 61828 36137 16 641 598
1704857113.94 61829 36138 84 641 623
1704857133.34 61830 36158 16 641 625
1704857135.5 61831 36160 23 641 621
1704857136.27 61832 36160 90 641 571
1704857141.4 61833 36165 95 641 612
