1708560014.48 28639 46271 73 641 626
1708560014.9 28640 46272 6 641 583
1708560022.18 28641 46279 26 641 516
1708560026.27 28642 46283 26 641 615
1708560038.0 28643 46294 90 641 627
1708560049.2 28644 46306 2 641 628
1708560053.42 28645 46310 16 641 624
1708560060.36 28646 46317 2 641 624
1708560064.48 28647 46321 5 641 624
1708560065.31 28648 46321 78 641 623
1708560067.88 28649 46324 26 641 623
1708560069.35 28650 46325 64 641 622
1708560073.19 28651 46329 38 641 611
1708560084.62 28652 46340 73 641 584
1708560088.26 28653 46344 28 641 608
1708560092.21 28654 46348 14 641 548
1708560096.09 28655 46351 93 641 631
1708560098.7 28656 46354 45 641 553
1708560101.96 28657 46357 62 641 616
1708560102.28 28658 46357 85 641 569
1708560112.49 28659 46367 98 641 620
1708560120.93 28660 46376 33 641 631
1708560141.35 28661 46396 67 641 627
1708560156.1 28662 46411 35 641 593
1708560158.41 28663 46413 56 641 630
1708560186.11 28664 46441 19 641 626
1708560193.22 28665 46448 23 641 623
1708560209.54 28666 46464 47 641 628
1708560236.58 28667 46491 45 641 590
1708560239.82 28668 46494 59 641 620
1708560248.47 28669 46503 15 641 584
1708560255.84 28670 46510 43 641 619
1708560260.32 28671 46514 82 641 631
1708560265.46 28672 46519 88 641 623
1708560268.14 28673 46522 47 641 607
1708560272.03 28674 46526 26 641 620
1708560275.57 28675 46529 71 641 605
1708560287.91 28676 46541 96 641 631
1708560295.83 28677 46549 79 641 614
1708560310.64 28678 46564 53 641 626
1708560311.95 28679 46565 74 641 627
1708560321.86 28680 46575 57 641 611
1708560334.97 28681 46588 59 641 539
1708560335.88 28682 46589 41 641 617
1708560345.39 28683 46598 84 641 624
1708560351.77 28684 46605 13 641 628
1708560371.68 28685 46624 96 641 631
1708560377.87 28686 46631 7 641 634
1708560403.62 28687 46656 75 641 620
1708560411.46 28688 46664 51 641 624
1708560439.12 28689 46692 10 641 585
1708560455.27 28690 46708 18 641 587
1708560458.41 28691 46711 23 641 629
1708560461.77 28692 46714 49 641 532
1708560462.22 28693 46714 85 641 585
1708560467.55 28694 46720 9 641 604
1708560488.42 28695 46740 89 641 624
