1704931208.04 8450 43682 32 641 616
1704931217.63 8451 43691 83 641 621
1704931231.91 8452 43706 3 641 625
1704931240.45 8453 43714 51 641 631
1704931246.07 8454 43720 4 641 628
1704931247.04 8455 43720 93 641 580
1704931257.02 8456 43730 83 641 631
1704931257.43 8457 43731 16 641 552
1704931257.93 8458 43731 56 641 557
1704931261.64 8459 43735 19 641 628
1704931264.52 8460 43737 98 641 630
1704931286.1 8461 43759 50 641 630
1704931293.89 8462 43767 20 641 622
1704931299.16 8463 43772 38 641 628
1704931302.31 8464 43775 45 641 520
1704931304.35 8465 43777 39 641 625
1704931304.5 8466 43777 45 641 538
1704931306.72 8467 43779 59 641 625
1704931307.98 8468 43780 76 641 593
1704931310.4 8469 43783 9 641 625
1704931311.83 8470 43784 44 641 602
1704931322.2 8471 43794 72 641 631
1704931325.12 8472 43797 55 641 441
1704931331.68 8473 43804 3 641 540
1704931331.77 8474 43804 3 640 532
1704931343.86 8475 43816 6 641 631
1704931346.44 8476 43818 55 641 618
1704931354.06 8477 43826 9 641 615
1704931361.5 8478 43833 45 641 618
1704931363.51 8479 43835 37 641 623
1704931364.96 8480 43836 72 641 600
1704931368.07 8481 43839 75 641 632
1704931369.47 8482 43841 6 641 598
1704931376.26 8483 43847 77 641 624
1704931397.13 8484 43868 58 641 517
1704931398.3 8485 43869 66 641 588
1704931421.58 8486 43892 87 641 632
1704931429.24 8487 43900 45 641 628
1704931430.03 8488 43901 16 641 573
1704931440.66 8489 43911 70 641 541
1704931441.74 8490 43912 69 641 587
1704931453.34 8491 43924 22 641 630
1704931469.67 8492 43940 48 641 610
1704931473.55 8493 43944 27 641 628
1704931493.96 8494 43964 62 641 637
1704931499.03 8495 43969 60 641 630
1704931501.51 8496 43971 99 641 627
1704931511.34 8497 43981 74 641 624
1704931521.38 8498 43991 71 641 630
1704931522.41 8499 43992 65 641 578
1704931528.78 8500 43998 93 641 619
1704931530.28 8501 44000 34 641 604
1704931536.47 8502 44006 45 641 626
1704931537.73 8503 44007 61 641 592
1704931540.83 8504 44010 63 641 626
1704931541.07 8505 44010 79 641 543
1704931541.79 8506 44011 42 641 570
1704931542.53 8507 44012 7 641 570
1704931569.33 8508 44038 81 641 517
1704931576.96 8509 44046 36 641 610
1704931577.35 8510 44046 66 641 550
1704931578.38 8511 44047 60 641 582
1704931581.9 8512 44051 4 641 629
1704931585.82 8513 44054 87 641 627
1704931587.81 8514 44056 77 641 624
1704931592.08 8515 44060 95 641 615
1704931599.12 8516 44067 91 641 604
1704931604.36 8517 44073 7 641 629
1704931611.09 8518 44079 72 641 621
1704931619.2 8519 44087 75 641 630
1704931621.84 8520 44090 31 641 556
1704931622.73 8521 44091 11 641 576
1704931629.11 8522 44097 41 641 623
1704931630.61 8523 44098 82 641 601
1704931635.82 8524 44103 95 641 577
1704931637.83 8525 44105 88 640 373
1704931640.27 8526 44108 23 641 612
1704931641.68 8527 44109 55 641 602
1704931642.1 8528 44109 88 641 550
1704931649.16 8529 44116 85 641 628
1704931663.82 8530 44131 44 641 625
1704931678.98 8531 44146 53 641 628
1704931684.92 8532 44152 38 641 626
1704931692.67 8533 44160 6 641 624
1704931694.31 8534 44161 61 641 609
1704931698.56 8535 44165 77 641 623
1704931712.65 8536 44179 79 641 622
1704931718.6 8537 44185 66 641 627
1704931729.13 8538 44196 11 641 611
1704931730.82 8539 44197 72 641 577
1704931730.99 8540 44197 80 641 540
1704931739.93 8541 44206 66 641 609
1704931753.41 8542 44220 6 641 632
1704931760.36 8543 44226 93 641 626
1704931761.53 8544 44228 1 641 587
1704931763.0 8545 44229 39 641 600
1704931764.62 8546 44230 93 641 611
1704931774.74 8547 44240 97 641 543
1704931777.43 8548 44243 57 641 628
1704931781.66 8549 44247 72 641 380
1704931789.96 8550 44255 94 641 608
1704931795.12 8551 44261 1 641 624
1704931796.15 8552 44261 96 641 510
1704931797.65 8553 44263 36 641 604
1704931803.96 8554 44269 59 641 580
1704931828.02 8555 44293 58 641 617
1704931833.83 8556 44299 30 641 507
1704931840.18 8557 44305 57 641 628
1704931843.72 8558 44309 2 641 626
1704931843.99 8559 44309 20 641 543
1704931847.38 8560 44312 50 641 590
1704931848.61 8561 44313 64 641 592
1704931850.13 8562 44315 7 641 605
1704931856.45 8563 44321 30 641 622
1704931860.24 8564 44325 1 641 628
1704931864.31 8565 44328 99 641 556
1704931876.43 8566 44341 4 641 598
1704931894.93 8567 44359 47 641 630
1704931899.84 8568 44364 30 641 634
1704931903.12 8569 44367 49 641 628
1704931922.87 8570 44387 18 641 622
1704931923.73 8571 44387 95 641 574
1704931926.0 8572 44390 13 641 635
1704931948.34 8573 44412 40 641 620
1704931954.2 8574 44418 18 641 630
1704931955.9 8575 44419 79 641 577
1704931959.32 8576 44423 12 641 628
1704931959.42 8577 44423 12 640 531
1704931973.28 8578 44436 92 641 578
1704931973.37 8579 44436 92 640 531
1704931993.89 8580 44457 38 641 515
1704931997.38 8581 44460 78 641 620
1704931999.99 8582 44463 31 641 616
1704932006.24 8583 44469 48 641 569
1704932007.39 8584 44470 54 641 588
1704932012.52 8585 44475 59 641 611
1704932020.95 8586 44483 93 641 597
1704932023.77 8587 44486 67 641 634
1704932038.83 8588 44501 65 641 485
1704932047.0 8589 44509 74 641 426
1704932051.69 8590 44514 35 641 615
1704932058.42 8591 44521 0 641 598
1704932073.42 8592 44535 93 641 581
1704932078.36 8593 44540 78 641 622
1704932098.63 8594 44560 98 641 626
1704932106.37 8595 44568 64 641 615
1704932110.78 8596 44572 96 641 616
1704932129.82 8597 44591 93 641 622
1704932134.21 8598 44596 24 641 624
1704932136.84 8599 44598 78 641 600
1704932147.67 8600 44609 54 641 624
1704932149.71 8601 44611 49 641 602
1704932155.22 8602 44616 92 641 612
1704932166.37 8603 44627 99 641 576
1704932167.95 8604 44629 49 641 496
1704932171.02 8605 44632 47 641 629
1704932173.93 8606 44635 29 641 619
1704932176.77 8607 44638 4 641 632
1704932183.54 8608 44644 72 641 625
1704932189.28 8609 44650 38 641 561
1704932191.25 8610 44652 26 641 623
1704932191.46 8611 44652 38 641 544
1704932196.64 8612 44657 47 641 627
1704932196.91 8613 44657 65 641 548
1704932200.84 8614 44661 49 641 627
1704932215.2 8615 44675 78 641 611
1704932222.74 8616 44683 24 641 630
1704932223.74 8617 44684 14 641 580
1704932230.06 8618 44690 38 641 612
1704932242.15 8619 44702 39 641 623
1704932254.51 8620 44714 67 641 514
1704932257.69 8621 44717 76 641 622
1704932268.0 8622 44727 99 641 629
1704932268.87 8623 44728 77 641 574
1704932271.29 8624 44731 10 641 627
1704932273.31 8625 44733 4 641 493
1704932273.8 8626 44733 44 641 556
1704932279.46 8627 44739 2 641 621
1704932288.03 8628 44747 51 641 541
1704932288.83 8629 44748 23 641 572
1704932296.85 8630 44756 17 641 617
1704932299.59 8631 44758 82 641 608
1704932301.39 8632 44760 53 641 591
1704932304.21 8633 44763 25 641 614
1704932322.52 8634 44781 50 641 620
1704932324.64 8635 44783 53 641 621
1704932346.73 8636 44805 55 641 618
1704932353.27 8637 44812 1 641 628
1704932359.5 8638 44818 16 637 143
1704932361.58 8639 44820 14 641 550
1704932361.74 8640 44820 21 641 539
1704932375.1 8641 44833 50 641 602
1704932401.48 8642 44859 82 641 624
1704932403.12 8643 44861 37 641 608
1704932405.53 8644 44863 70 641 636
1704932412.69 8645 44870 77 641 555
1704932428.82 8646 44886 84 641 628
1704932438.12 8647 44896 6 641 632
1704932440.49 8648 44898 34 641 614
1704932442.99 8649 44900 75 641 625
1704932445.22 8650 44902 90 641 633
1704932445.77 8651 44903 35 641 560
1704932445.86 8652 44903 35 640 531
1704932450.1 8653 44907 51 641 626
1704932450.25 8654 44907 57 641 540
1704932453.41 8655 44910 65 641 633
1704932467.4 8656 44924 56 641 618
1704932475.52 8657 44932 60 641 628
1704932482.94 8658 44939 94 641 459
1704932493.82 8659 44950 75 641 626
1704932497.03 8660 44953 87 641 623
1704932497.26 8661 44954 1 641 545
1704932498.78 8662 44955 45 641 606
1704932511.42 8663 44968 2 641 618
1704932514.23 8664 44970 74 641 624
1704932521.56 8665 44977 99 641 612
1704932524.48 8666 44980 82 641 498
1704932526.03 8667 44982 28 641 608
1704932526.43 8668 44982 59 641 554
1704932527.35 8669 44983 41 641 577
1704932528.39 8670 44984 37 641 569
1704932528.62 8671 44984 51 641 545
1704932528.72 8672 44984 51 640 530
1704932531.93 8673 44987 64 641 550
1704932537.31 8674 44992 94 641 627
1704932538.96 8675 44994 50 641 609
1704932544.44 8676 44999 90 641 620
1704932564.43 8677 45019 82 641 621
1704932567.65 8678 45022 96 641 625
1704932569.85 8679 45025 7 641 606
1704932573.33 8680 45028 46 641 629
1704932577.25 8681 45032 29 641 578
1704932578.36 8682 45033 31 641 587
1704932578.56 8683 45033 42 641 488
1704932582.64 8684 45037 41 641 607
1704932589.38 8685 45044 7 641 632
1704932589.67 8686 45044 27 641 548
1704932594.11 8687 45048 63 641 617
1704932600.86 8688 45055 29 641 604
1704932603.51 8689 45057 86 641 629
1704932606.71 8690 45060 97 641 628
1704932612.36 8691 45066 54 641 632
1704932613.91 8692 45068 1 641 606
1704932614.94 8693 45068 95 641 582
1704932626.71 8694 45080 64 641 509
1704932634.73 8695 45088 57 641 631
1704932636.75 8696 45090 50 641 626
1704932643.24 8697 45096 91 641 634
1704932646.28 8698 45099 86 641 532
1704932655.07 8699 45108 56 641 617
1704932661.6 8700 45115 2 641 604
1704932662.65 8701 45115 98 641 582
1704932668.66 8702 45121 91 641 630
1704932669.95 8703 45123 10 641 488
1704932695.83 8704 45148 93 641 617
1704932702.57 8705 45155 59 641 510
1704932702.95 8706 45155 88 641 550
1704932706.56 8707 45159 41 641 615
1704932707.33 8708 45160 9 641 568
1704932717.92 8709 45170 61 641 503
1704932730.67 8710 45183 28 641 624
1704932762.25 8711 45214 80 641 553
1704932767.85 8712 45220 32 641 624
1704932774.91 8713 45227 29 641 634
1704932778.69 8714 45230 99 641 594
1704932786.94 8715 45239 15 641 626
1704932793.89 8716 45246 2 641 627
1704932793.99 8717 45246 4 641 535
1704932794.26 8718 45246 22 641 547
1704932796.69 8719 45248 56 641 625
1704932800.33 8720 45252 11 641 572
1704932803.29 8721 45254 99 641 628
1704932808.78 8722 45260 39 641 625
1704932818.38 8723 45269 92 641 630
1704932819.12 8724 45270 57 641 568
1704932824.31 8725 45275 68 641 534
1704932824.41 8726 45275 68 640 531
1704932830.11 8727 45281 31 641 620
1704932834.75 8728 45285 86 641 615
1704932835.7 8729 45286 72 641 578
1704932837.47 8730 45288 41 641 615
1704932838.99 8731 45289 84 641 472
1704932850.66 8732 45301 44 641 627
1704932853.06 8733 45303 75 641 604
1704932856.92 8734 45307 53 641 631
1704932859.48 8735 45310 0 641 399
1704932894.5 8736 45344 97 641 632
1704932895.06 8737 45345 45 641 556
1704932897.52 8738 45347 81 641 552
1704932899.51 8739 45349 72 641 613
1704932903.2 8740 45353 33 641 608
1704932903.3 8741 45353 34 641 534
1704932908.39 8742 45358 34 641 621
1704932910.55 8743 45360 41 641 629
1704932912.73 8744 45362 50 641 630
1704932921.91 8745 45371 60 641 590
1704932929.34 8746 45378 95 641 628
1704932938.01 8747 45387 54 641 614
1704932946.23 8748 45395 68 641 620
1704932950.59 8749 45399 96 641 601
1704932951.08 8750 45400 35 641 452
1704932953.46 8751 45402 64 641 588
1704932958.51 8752 45407 61 641 617
1704932959.62 8753 45408 64 641 586
1704932960.64 8754 45409 57 641 579
1704932969.07 8755 45417 92 641 631
1704932974.98 8756 45423 74 641 629
1704932979.3 8757 45427 98 641 617
1704932980.04 8758 45428 62 641 571
1704932994.39 8759 45442 90 641 627
1704932996.33 8760 45444 75 641 568
1704933001.51 8761 45449 84 641 622
1704933006.72 8762 45454 97 641 630
1704933012.36 8763 45460 53 641 624
1704933025.2 8764 45473 29 641 630
1704933031.81 8765 45479 81 641 620
1704933037.68 8766 45485 60 641 620
1704933038.05 8767 45485 88 641 548
1704933039.88 8768 45487 62 641 616
1704933056.11 8769 45503 78 641 624
1704933062.97 8770 45510 56 641 607
1704933066.57 8771 45514 8 641 619
1704933077.14 8772 45524 57 641 609
1704933090.96 8773 45538 32 641 626
1704933093.16 8774 45540 43 641 626
1704933096.22 8775 45543 40 641 628
1704933100.34 8776 45547 43 641 630
1704933119.07 8777 45566 10 641 624
1704933126.72 8778 45573 67 641 505
1704933132.94 8779 45579 81 641 622
1704933136.88 8780 45583 66 641 626
1704933147.62 8781 45594 33 641 604
1704933155.54 8782 45602 16 641 630
1704933159.13 8783 45605 67 641 631
1704933160.37 8784 45606 81 641 587
1704933162.87 8785 45609 22 641 630
1704933175.08 8786 45621 35 641 633
1704933178.32 8787 45624 51 641 628
1704933186.65 8788 45632 76 641 628
1704933188.29 8789 45634 31 641 606
1704933189.04 8790 45634 97 641 567
1704933192.32 8791 45638 17 641 620
1704933218.92 8792 45664 70 641 612
1704933223.35 8793 45669 5 641 626
1704933223.54 8794 45669 15 641 541
1704933226.46 8795 45671 98 641 615
1704933226.61 8796 45672 4 641 497
1704933231.56 8797 45676 91 641 623
1704933246.61 8798 45691 89 641 625
1704933253.52 8799 45698 72 641 628
1704933259.83 8800 45704 95 641 622
1704933267.24 8801 45712 27 641 630
1704933269.74 8802 45714 69 641 638
1704933273.46 8803 45718 32 641 596
1704933286.83 8804 45731 62 641 538
1704933287.55 8805 45732 25 641 519
1704933287.89 8806 45732 50 641 550
1704933291.0 8807 45735 52 641 627
1704933292.52 8808 45736 96 641 600
1704933292.66 8809 45737 0 641 536
1704933292.79 8810 45737 5 641 536
1704933293.88 8811 45738 5 641 589
1704933295.89 8812 45739 97 641 621
1704933301.52 8813 45745 52 641 628
1704933303.71 8814 45747 63 641 626
1704933309.75 8815 45753 59 641 629
1704933311.92 8816 45755 67 641 595
1704933319.29 8817 45762 96 641 596
1704933321.68 8818 45765 26 641 593
1704933326.84 8819 45770 33 641 622
1704933330.44 8820 45773 84 641 630
1704933334.15 8821 45777 46 641 626
1704933337.27 8822 45780 49 641 622
1704933339.6 8823 45782 74 641 634
1704933346.88 8824 45789 93 641 577
1704933348.48 8825 45791 44 641 603
1704933350.16 8826 45793 4 641 540
1704933351.09 8827 45793 87 641 578
1704933355.93 8828 45798 63 641 626
1704933359.33 8829 45801 94 641 630
1704933367.06 8830 45809 59 641 591
1704933368.98 8831 45811 42 641 557
1704933371.86 8832 45814 22 641 631
1704933373.31 8833 45815 58 641 598
1704933376.37 8834 45818 55 641 561
1704933379.69 8835 45821 79 641 622
1704933381.19 8836 45823 19 641 598
1704933389.27 8837 45831 19 641 620
1704933390.3 8838 45832 14 641 564
1704933401.6 8839 45843 36 641 539
1704933413.74 8840 45855 42 641 624
1704933421.45 8841 45863 5 641 531
1704933422.06 8842 45863 57 641 561
1704933425.29 8843 45866 71 641 630
1704933437.23 8844 45878 57 641 614
1704933457.37 8845 45898 65 641 610
1704933465.7 8846 45906 90 641 620
1704933466.93 8847 45908 4 641 588
1704933470.21 8848 45911 23 641 612
1704933470.45 8849 45911 38 641 544
1704933472.42 8850 45913 26 641 623
1704933478.09 8851 45918 85 641 628
1704933489.94 8852 45930 61 641 624
1704933494.82 8853 45935 41 641 621
1704933505.19 8854 45945 69 641 615
1704933519.3 8855 45959 72 641 619
1704933524.6 8856 45964 94 641 622
1704933525.21 8857 45965 45 641 561
1704933534.9 8858 45975 7 641 557
1704933539.42 8859 45979 51 641 616
1704933540.34 8860 45980 34 641 576
1704933542.09 8861 45982 0 641 608
1704933542.91 8862 45982 73 641 570
1704933552.01 8863 45991 75 641 568
1704933558.01 8864 45997 67 641 632
1704933559.06 8865 45998 63 641 582
1704933567.13 8866 46006 62 641 625
1704933568.56 8867 46007 95 641 596
1704933577.5 8868 46016 82 641 622
1704933598.96 8869 46038 20 641 615
1704933606.36 8870 46045 53 641 626
1704933627.02 8871 46066 12 641 611
1704933632.59 8872 46071 60 641 625
1704933657.04 8873 46095 99 641 615
1704933658.98 8874 46097 84 641 616
1704933664.13 8875 46102 90 641 626
1704933664.29 8876 46102 97 641 537
1704933665.67 8877 46104 26 641 596
1704933666.52 8878 46105 2 641 573
1704933672.87 8879 46111 30 641 632
1704933690.46 8880 46128 81 641 629
1704933696.2 8881 46134 47 641 632
1704933701.65 8882 46139 84 641 614
1704933707.23 8883 46145 33 641 593
1704933709.97 8884 46147 98 641 557
1704933710.96 8885 46148 88 641 576
1704933716.96 8886 46154 80 641 612
1704933717.44 8887 46155 19 641 553
1704933717.76 8888 46155 42 641 548
1704933718.01 8889 46155 58 641 546
1704933720.81 8890 46158 29 641 629
1704933723.16 8891 46160 55 641 606
1704933739.67 8892 46176 98 641 630
1704933743.09 8893 46180 31 641 617
1704933747.92 8894 46185 6 641 631
1704933751.45 8895 46188 51 641 624
1704933753.66 8896 46190 63 641 625
1704933759.02 8897 46195 91 641 617
1704933760.31 8898 46197 11 641 589
1704933763.61 8899 46200 32 641 487
1704933766.38 8900 46203 1 641 619
1704933788.69 8901 46225 26 641 628
1704933794.3 8902 46230 78 641 620
1704933796.7 8903 46233 9 641 616
1704933810.74 8904 46247 6 641 614
1704933814.35 8905 46250 59 641 626
1704933824.67 8906 46260 83 641 631
1704933835.96 8907 46272 4 641 621
1704933838.34 8908 46274 34 641 602
1704933841.89 8909 46277 80 641 622
1704933845.22 8910 46281 4 641 619
1704933848.45 8911 46284 19 641 626
1704933868.49 8912 46304 16 641 627
1704933870.23 8913 46305 82 641 607
1704933871.27 8914 46306 77 641 579
1704933873.06 8915 46308 47 641 615
1704933875.12 8916 46310 44 641 618
1704933875.44 8917 46310 66 641 546
1704933885.8 8918 46320 95 641 525
1704933885.97 8919 46321 3 641 542
1704933913.23 8920 46348 24 641 632
1704933913.98 8921 46348 89 641 567
1704933917.75 8922 46352 59 641 627
1704933925.55 8923 46360 31 641 618
1704933929.75 8924 46364 43 641 618
1704933936.17 8925 46370 77 641 625
1704933938.85 8926 46373 36 641 622
1704933940.66 8927 46375 8 641 610
1704933955.64 8928 46389 99 641 629
1704933964.9 8929 46399 16 641 528
1704933968.53 8930 46402 71 641 628
1704933970.26 8931 46404 36 641 604
1704933979.13 8932 46413 15 641 630
1704933981.47 8933 46415 40 641 598
1704933981.56 8934 46415 40 635 540
1704933985.6 8935 46419 36 641 592
1704933991.03 8936 46424 70 641 620
1704933994.57 8937 46428 15 641 622
1704933997.15 8938 46430 65 641 609
1704934001.12 8939 46434 53 641 628
1704934003.27 8940 46436 59 641 625
1704934009.23 8941 46442 46 641 627
1704934009.68 8942 46442 82 641 551
1704934035.63 8943 46468 71 641 622
1704934046.62 8944 46479 62 641 516
1704934049.46 8945 46482 37 641 608
1704934066.68 8946 46499 53 641 620
1704934078.13 8947 46510 89 641 628
1704934086.6 8948 46519 29 641 619
1704934088.78 8949 46521 38 641 625
1704934091.49 8950 46524 0 641 625
1704934091.88 8951 46524 30 641 550
1704934109.89 8952 46542 24 641 625
1704934115.13 8953 46547 40 640 327
1704934150.09 8954 46582 31 641 632
1704934151.59 8955 46583 72 641 599
1704934165.64 8956 46597 69 641 459
1704934174.36 8957 46606 33 641 625
1704934188.07 8958 46619 96 641 552
1704934190.21 8959 46622 1 641 624
1704934193.6 8960 46625 31 641 616
1704934195.2 8961 46626 82 641 601
1704934198.05 8962 46629 58 641 626
1704934208.31 8963 46639 76 641 619
1704934218.05 8964 46649 42 641 617
1704934219.57 8965 46650 85 641 600
1704934220.93 8966 46652 13 641 595
1704934224.02 8967 46655 13 641 619
1704934229.85 8968 46660 88 641 626
1704934234.15 8969 46665 9 641 628
1704934243.68 8970 46674 54 641 620
1704934244.25 8971 46675 2 641 557
1704934248.78 8972 46679 46 641 630
1704934263.42 8973 46694 5 641 625
1704934270.11 8974 46700 66 641 607
1704934271.31 8975 46701 76 641 585
1704934272.41 8976 46702 79 641 582
1704934279.49 8977 46709 78 641 626
1704934283.42 8978 46713 63 641 617
1704934303.5 8979 46733 64 641 627
1704934309.81 8980 46739 87 641 608
1704934311.66 8981 46741 62 641 611
1704934323.61 8982 46753 50 641 621
1704934325.6 8983 46755 40 641 576
1704934331.1 8984 46760 82 641 617
1704934340.08 8985 46769 72 641 628
1704934343.92 8986 46773 47 641 625
1704934348.17 8987 46777 63 641 624
1704934355.13 8988 46784 51 641 622
1704934355.76 8989 46785 6 641 506
1704934359.92 8990 46789 14 641 521
1704934362.85 8991 46791 98 641 625
1704934377.26 8992 46806 31 641 627
1704934396.93 8993 46825 92 641 618
1704934424.33 8994 46853 26 641 622
1704934430.79 8995 46859 63 641 604
1704934431.73 8996 46860 49 641 574
1704934436.68 8997 46865 35 641 612
1704934449.36 8998 46877 95 641 621
1704934454.25 8999 46882 76 641 620
1704934463.11 9000 46891 54 641 566
1704934464.74 9001 46893 8 641 601
1704934465.1 9002 46893 35 641 550
1704934467.34 9003 46895 49 641 594
1704934468.58 9004 46896 64 641 588
1704934473.38 9005 46901 36 641 626
1704934479.22 9006 46907 11 641 629
1704934481.88 9007 46909 69 641 620
1704934489.02 9008 46916 75 641 622
1704934492.49 9009 46920 13 641 618
1704934495.12 9010 46922 67 641 553
1704934495.79 9011 46923 25 641 563
1704934499.12 9012 46926 49 641 620
1704934520.42 9013 46947 72 641 618
1704934525.86 9014 46953 8 641 608
1704934554.33 9015 46981 49 641 628
1704934558.46 9016 46985 54 641 513
1704934562.23 9017 46989 22 641 586
1704934576.89 9018 47003 81 641 567
1704934589.94 9019 47016 78 641 632
1704934591.12 9020 47017 87 641 585
1704934594.18 9021 47020 85 641 630
1704934594.97 9022 47021 54 641 567
1704934598.4 9023 47024 89 641 622
1704934603.93 9024 47030 34 641 625
1704934606.34 9025 47032 66 641 470
1704934617.81 9026 47044 6 641 626
1704934628.12 9027 47054 29 641 618
