1708041630.98 27857 57748 10 641 626
1708041632.0 27858 57749 2 641 624
1708041638.55 27859 57755 49 641 630
1708041641.58 27860 57758 43 641 551
1708041653.61 27861 57770 38 641 539
1708041669.7 27862 57786 39 641 557
1708041670.23 27863 57786 83 641 609
1708041686.7 27864 57803 22 641 591
1708041687.34 27865 57803 77 641 624
1708041704.84 27866 57821 20 641 596
1708041716.95 27867 57833 22 641 631
1708041729.52 27868 57845 71 641 624
1708041730.22 27869 57846 31 641 632
1708041733.06 27870 57849 6 641 590
1708041752.49 27871 57868 42 641 618
1708041752.59 27872 57868 43 640 536
1708041761.29 27873 57877 5 641 626
1708041768.46 27874 57884 14 641 602
1708041780.36 27875 57895 96 641 624
1708041780.47 27876 57895 97 641 537
1708041784.54 27877 57899 95 641 629
1708041793.93 27878 57909 26 641 628
1708041816.87 27879 57932 13 641 590
1708041836.01 27880 57951 20 641 620
1708041842.54 27881 57957 64 641 630
1708041850.21 27882 57965 22 641 527
1708041856.62 27883 57971 54 641 526
1708041858.69 27884 57973 52 641 595
1708041867.02 27885 57981 76 641 618
1708041874.17 27886 57988 82 641 624
1708041876.98 27887 57991 53 641 625
1708041879.83 27888 57994 31 641 620
1708041885.25 27889 57999 63 641 601
1708041888.03 27890 58002 32 641 566
1708041899.03 27891 58013 23 641 630
1708041909.2 27892 58023 32 641 600
1708041912.89 27893 58026 92 641 561
1708041918.45 27894 58032 40 641 618
1708041920.3 27895 58034 16 641 632
1708041922.92 27896 58036 68 641 525
1708041926.58 27897 58040 26 641 620
1708041932.22 27898 58045 81 641 568
1708041932.78 27899 58046 27 641 612
1708041943.63 27900 58057 4 641 629
1708041945.76 27901 58059 8 641 576
1708041947.14 27902 58060 38 641 556
1708041957.47 27903 58070 62 641 542
1708041957.89 27904 58070 95 641 592
1708041964.13 27905 58077 10 641 626
1708041966.03 27906 58078 91 641 631
1708041982.87 27907 58095 67 641 525
1708041985.34 27908 58098 6 641 625
1708041990.38 27909 58103 1 641 588
1708041992.45 27910 58104 99 641 603
1708042008.18 27911 58120 65 641 624
1708042009.03 27912 58121 41 641 621
1708042039.47 27913 58151 79 641 628
1708042042.31 27914 58154 54 641 625
1708042044.99 27915 58157 12 641 619
1708042046.66 27916 58158 71 641 582
1708042066.42 27917 58178 40 641 501
1708042066.65 27918 58178 53 641 561
1708042070.43 27919 58182 22 641 629
1708042088.47 27920 58200 18 641 631
1708042093.48 27921 58205 10 641 568
1708042100.09 27922 58211 62 641 622
1708042101.71 27923 58213 15 641 621
1708042106.21 27924 58217 55 641 632
1708042108.83 27925 58220 8 641 632
1708042115.0 27926 58226 17 641 617
1708042117.95 27927 58229 3 641 614
1708042141.53 27928 58252 54 641 547
1708042145.33 27929 58256 25 641 611
1708042156.41 27930 58267 25 641 629
1708042170.73 27931 58281 49 641 630
1708042180.21 27932 58290 89 641 625
1708042184.48 27933 58295 7 641 539
1708042199.25 27934 58309 77 641 624
1708042210.89 27935 58321 33 641 623
1708042211.88 27936 58322 23 641 627
1708042218.05 27937 58328 31 641 620
1708042227.3 27938 58337 48 641 627
1708042227.89 27939 58337 98 641 617
1708042238.87 27940 58348 87 641 625
1708042239.71 27941 58349 62 641 615
1708042239.81 27942 58349 62 640 535
1708042243.6 27943 58353 33 641 625
1708042258.14 27944 58367 79 641 636
1708042263.08 27945 58372 65 641 519
1708042273.17 27946 58382 66 641 604
1708042273.92 27947 58383 31 641 620
1708042279.73 27948 58389 4 641 624
1708042280.11 27949 58389 33 641 586
1708042281.02 27950 58390 15 641 622
1708042295.93 27951 58404 98 641 632
1708042297.49 27952 58406 44 641 618
1708042300.32 27953 58409 18 641 625
1708042300.48 27954 58409 24 641 552
1708042303.75 27955 58412 42 641 588
1708042307.14 27956 58415 72 641 625
1708042309.55 27957 58418 4 641 619
1708042311.48 27958 58419 88 641 612
1708042316.32 27959 58424 63 641 596
1708042320.54 27960 58428 76 641 575
1708042322.14 27961 58430 26 641 592
1708042329.67 27962 58437 72 641 607
1708042332.37 27963 58440 33 641 615
1708042350.06 27964 58457 94 641 611
1708042354.97 27965 58462 76 641 628
1708042360.11 27966 58467 81 641 628
1708042374.59 27967 58482 21 641 528
1708042379.41 27968 58486 95 641 526
1708042382.11 27969 58489 56 641 563
1708042382.97 27970 58490 32 641 632
1708042390.45 27971 58497 71 641 624
1708042443.23 27972 58550 46 641 631
1708042447.76 27973 58554 89 641 629
1708042448.25 27974 58555 28 641 606
1708042471.27 27975 58578 23 641 610
1708042478.28 27976 58585 15 641 607
1708042490.88 27977 58597 67 641 622
1708042508.94 27978 58615 66 641 512
1708042512.55 27979 58619 18 641 628
1708042516.77 27980 58623 30 641 625
1708042525.29 27981 58631 74 641 573
