1709596822.54 31457 23242 92 641 623
1709596826.43 31458 23246 72 641 614
1709596830.15 31459 23250 35 641 569
1709596844.83 31460 23264 96 641 621
1709596847.29 31461 23267 33 641 632
1709596849.82 31462 23269 77 641 620
1709596861.66 31463 23281 53 641 452
1709596864.98 31464 23284 76 641 625
1709596873.03 31465 23292 72 641 625
1709596901.93 31466 23321 55 641 569
1709596902.59 31467 23322 12 641 590
1709596911.79 31468 23331 25 641 479
1709596911.89 31469 23331 25 640 532
1709596917.04 31470 23336 32 641 620
1709596918.65 31471 23337 83 641 631
1709596918.75 31472 23337 83 640 531
1709596945.12 31473 23364 14 641 604
1709596960.71 31474 23379 65 641 623
1709596970.39 31475 23389 25 641 548
1709596986.29 31476 23405 7 641 625
1709596994.27 31477 23412 97 641 629
1709597003.44 31478 23422 6 641 623
1709597006.23 31479 23424 75 641 618
1709597020.57 31480 23439 1 641 629
1709597021.04 31481 23439 40 641 574
1709597026.96 31482 23445 23 641 626
1709597030.77 31483 23448 95 641 629
1709597036.48 31484 23454 57 641 524
1709597038.61 31485 23456 61 641 627
1709597043.26 31486 23461 17 641 602
1709597044.24 31487 23462 6 641 618
1709597083.86 31488 23501 63 641 595
1709597094.7 31489 23512 40 641 620
1709597095.32 31490 23512 92 641 587
1709597101.24 31491 23518 75 641 596
1709597118.8 31492 23536 24 641 627
1709597122.5 31493 23539 85 641 627
1709597135.29 31494 23552 55 641 627
1709597145.42 31495 23562 60 641 510
1709597150.55 31496 23567 64 641 624
1709597158.25 31497 23575 26 641 511
1709597160.55 31498 23577 46 641 627
1709597160.77 31499 23577 59 641 490
1709597167.54 31500 23584 27 641 628
1709597174.92 31501 23591 56 641 617
1709597188.88 31502 23605 44 641 602
1709597189.85 31503 23606 32 641 558
1709597190.2 31504 23606 57 641 563
1709597202.71 31505 23619 0 641 622
1709597216.84 31506 23633 6 641 597
1709597218.35 31507 23634 48 641 628
1709597218.53 31508 23634 57 641 504
1709597218.89 31509 23634 83 641 567
1709597224.76 31510 23640 62 641 517
1709597230.08 31511 23645 85 641 627
1709597235.41 31512 23651 9 641 535
1709597235.57 31513 23651 16 641 544
