1708387282.82 6754 6453 38 641 505
1708387294.75 6755 6465 23 641 626
1708387295.74 6756 6466 14 641 508
1708387298.86 6757 6469 18 641 576
1708387311.88 6758 6482 12 641 629
1708387319.13 6759 6489 29 641 583
1708387333.61 6760 6503 71 641 624
1708387337.79 6761 6507 80 641 625
1708387338.7 6762 6508 63 641 611
1708387352.66 6763 6522 52 641 631
1708387365.98 6764 6535 78 641 543
1708387369.44 6765 6539 16 641 514
1708387371.3 6766 6540 93 641 630
1708387381.96 6767 6551 52 641 601
1708387397.83 6768 6567 33 641 627
1708387414.86 6769 6584 29 641 624
1708387415.7 6770 6585 5 641 632
1708387423.52 6771 6592 80 641 568
1708387444.91 6772 6614 13 641 624
1708387451.11 6773 6620 25 641 529
1708387455.59 6774 6624 64 641 634
1708387475.41 6775 6644 40 641 631
1708387481.1 6776 6650 1 641 626
1708387487.5 6777 6656 34 641 620
1708387496.97 6778 6665 73 641 604
1708387499.58 6779 6668 26 641 476
1708387514.87 6780 6683 48 641 619
1708387532.82 6781 6701 37 641 621
1708387547.6 6782 6716 8 641 630
1708387573.57 6783 6741 99 641 628
1708387583.26 6784 6751 61 640 308
1708387600.13 6785 6768 41 641 545
1708387628.27 6786 6796 50 641 577
1708387636.78 6787 6804 93 641 601
1708387641.79 6788 6809 86 641 616
1708387644.02 6789 6812 0 640 505
1708387644.24 6790 6812 14 641 554
1708387644.53 6791 6812 35 641 463
1708387664.95 6792 6832 70 641 626
1708387672.24 6793 6839 91 641 534
1708387672.77 6794 6840 36 641 595
1708387678.18 6795 6845 68 641 637
1708387686.51 6796 6853 94 641 629
1708387707.27 6797 6874 63 641 445
1708387708.14 6798 6875 42 641 632
1708387709.89 6799 6877 9 641 551
1708387712.65 6800 6879 76 641 619
1708387719.02 6801 6886 6 641 631
1708387730.09 6802 6897 6 641 622
1708387731.45 6803 6898 33 641 586
1708387733.35 6804 6900 15 641 621
1708387733.69 6805 6900 40 641 572
1708387742.88 6806 6909 52 641 630
1708387751.27 6807 6917 83 641 630
1708387752.39 6808 6918 86 641 619
1708387766.68 6809 6933 8 641 619
1708387785.34 6810 6951 68 641 592
1708387819.39 6811 6985 68 641 626
1708387827.97 6812 6994 18 641 607
1708387833.31 6813 6999 44 641 552
1708387840.53 6814 7006 58 641 627
1708387845.36 6815 7011 33 641 547
1708387847.66 6816 7013 54 641 625
1708387847.77 6817 7013 57 641 539
1708387872.62 6818 7038 36 641 628
1708387875.98 6819 7041 64 641 592
1708387886.43 6820 7052 2 641 608
1708387888.49 6821 7054 0 641 629
1708387903.24 6822 7068 68 641 498
1708387912.36 6823 7077 72 641 626
1708387915.33 6824 7080 61 641 632
1708387929.32 6825 7094 53 641 628
1708387932.24 6826 7097 36 641 621
1708387937.08 6827 7102 12 641 630
1708387937.92 6828 7102 87 641 617
1708387946.06 6829 7110 93 641 617
1708387966.6 6830 7131 41 641 629
1708387967.19 6831 7131 92 641 551
1708387970.12 6832 7134 76 641 635
1708387973.29 6833 7137 85 641 635
1708387974.36 6834 7138 84 641 627
1708387994.96 6835 7159 37 641 626
1708388002.85 6836 7167 19 641 625
1708388009.31 6837 7173 57 641 461
1708388012.43 6838 7176 61 641 622
1708388016.79 6839 7180 89 641 617
1708388018.58 6840 7182 60 641 623
1708388026.22 6841 7190 16 641 628
1708388029.82 6842 7193 68 641 562
1708388047.27 6843 7211 6 641 624
1708388050.12 6844 7213 83 641 566
1708388054.85 6845 7218 48 641 606
1708388055.49 6846 7219 4 641 607
1708388059.45 6847 7222 91 641 630
1708388070.42 6848 7233 81 641 617
1708388097.09 6849 7260 42 641 542
1708388097.9 6850 7261 14 641 614
1708388109.22 6851 7272 39 641 626
1708388117.6 6852 7280 68 641 620
1708388121.88 6853 7284 88 641 614
1708388134.9 6854 7297 83 641 577
1708388140.36 6855 7303 21 641 628
