1706832008.6 53116 17589 71 641 622
1706832018.98 53117 17600 0 641 612
1706832020.71 53118 17601 64 641 625
1706832032.67 53119 17613 53 641 631
1706832033.85 53120 17614 61 641 598
1706832040.07 53121 17620 74 641 625
1706832050.62 53122 17631 21 641 610
1706832051.54 53123 17632 3 641 584
1706832070.23 53124 17650 65 641 555
1706832070.91 53125 17651 23 641 569
1706832080.53 53126 17660 77 641 623
1706832081.0 53127 17661 15 641 557
1706832082.92 53128 17662 97 641 625
1706832086.04 53129 17666 1 641 628
1706832098.87 53130 17678 76 641 630
1706832107.39 53131 17687 20 641 621
1706832108.89 53132 17688 60 641 615
1706832116.04 53133 17695 67 641 614
1706832117.55 53134 17697 9 641 595
1706832134.32 53135 17713 78 641 628
1706832138.96 53136 17718 33 641 627
1706832147.04 53137 17726 33 641 617
1706832147.54 53138 17726 73 641 559
1706832151.41 53139 17730 50 641 524
1706832156.19 53140 17735 19 641 623
1706832157.67 53141 17736 58 641 613
1706832162.45 53142 17741 27 641 628
1706832165.59 53143 17744 32 641 626
1706832166.23 53144 17744 86 641 569
1706832167.64 53145 17746 17 641 611
1706832182.97 53146 17761 43 641 616
1706832188.07 53147 17766 44 641 627
1706832190.17 53148 17768 45 641 615
1706832193.56 53149 17771 75 641 620
1706832201.14 53150 17779 24 641 626
1706832203.7 53151 17781 71 641 629
1706832212.42 53152 17790 34 641 598
1706832220.3 53153 17798 14 641 614
1706832223.46 53154 17801 20 641 630
1706832224.19 53155 17801 83 641 575
1706832231.99 53156 17809 55 641 598
1706832233.53 53157 17811 0 641 616
1706832236.37 53158 17813 75 641 619
1706832243.48 53159 17820 77 641 628
1706832245.63 53160 17822 83 641 624
1706832246.03 53161 17823 13 641 491
1706832260.28 53162 17837 30 641 591
1706832263.77 53163 17840 71 641 624
1706832266.35 53164 17843 20 641 571
1706832283.08 53165 17859 85 641 620
1706832288.39 53166 17865 7 641 627
1706832297.04 53167 17873 64 641 619
1706832304.38 53168 17880 89 641 506
1706832305.29 53169 17881 71 641 584
1706832306.26 53170 17882 58 641 587
1706832314.4 53171 17890 64 641 626
1706832318.19 53172 17894 33 641 588
1706832328.72 53173 17904 78 641 616
1706832330.07 53174 17906 4 641 608
1706832337.52 53175 17913 41 641 623
1706832339.06 53176 17914 86 641 406
1706832341.34 53177 17917 5 641 628
1706832341.56 53178 17917 17 641 542
1706832342.45 53179 17917 97 641 588
1706832343.7 53180 17919 13 641 604
1706832352.37 53181 17927 72 641 521
1706832356.74 53182 17932 1 641 608
1706832356.98 53183 17932 15 641 543
1706832364.77 53184 17939 85 641 581
1706832367.78 53185 17942 77 641 621
1706832368.86 53186 17943 75 641 594
1706832369.02 53187 17943 82 641 538
1706832370.24 53188 17944 95 641 537
1706832370.7 53189 17945 32 641 443
1706832382.63 53190 17957 16 641 622
1706832385.72 53191 17960 17 641 633
1706832390.53 53192 17964 88 641 481
1706832399.12 53193 17973 39 641 632
1706832401.57 53194 17975 75 641 623
1706832405.5 53195 17979 59 641 620
1706832413.7 53196 17987 70 641 511
1706832427.25 53197 18001 17 641 610
1706832427.52 53198 18001 35 641 546
1706832427.62 53199 18001 35 640 535
1706832428.14 53200 18001 78 641 564
1706832429.84 53201 18003 39 641 628
1706832471.42 53202 18044 92 641 617
1706832481.75 53203 18055 17 641 627
1706832490.44 53204 18063 77 641 623
1706832494.76 53205 18068 0 641 626
1706832498.92 53206 18072 8 641 616
1706832501.05 53207 18074 11 641 624
1706832505.66 53208 18078 64 641 626
1706832506.96 53209 18079 84 641 604
1706832507.15 53210 18079 93 641 544
1706832512.57 53211 18085 27 641 622
1706832513.54 53212 18086 14 641 589
1706832518.7 53213 18091 21 641 623
1706832521.68 53214 18094 11 641 630
1706832522.78 53215 18095 12 641 593
1706832527.68 53216 18099 93 641 614
1706832532.58 53217 18104 75 641 593
1706832540.28 53218 18112 36 641 632
1706832551.56 53219 18123 56 641 591
1706832552.3 53220 18124 20 641 572
1706832552.97 53221 18124 78 641 548
1706832555.1 53222 18126 81 641 560
1706832555.26 53223 18126 88 641 541
1706832558.6 53224 18130 13 641 540
1706832561.97 53225 18133 40 641 554
1706832563.7 53226 18135 4 641 620
1706832564.16 53227 18135 41 641 562
1706832565.15 53228 18136 30 641 591
1706832571.74 53229 18142 80 641 607
1706832578.67 53230 18149 65 641 630
1706832600.68 53231 18171 59 641 624
1706832603.91 53232 18174 73 641 632
1706832604.64 53233 18175 36 641 570
1706832625.86 53234 18196 51 641 611
1706832626.94 53235 18197 51 641 589
1706832631.31 53236 18201 79 641 620
1706832633.17 53237 18203 55 641 599
1706832638.2 53238 18208 49 641 634
1706832640.7 53239 18210 90 641 633
1706832641.47 53240 18211 58 641 577
1706832642.82 53241 18212 83 641 608
1706832651.54 53242 18221 46 641 623
1706832660.22 53243 18230 7 641 580
1706832662.53 53244 18232 29 641 631
1706832663.39 53245 18233 7 641 581
1706832674.23 53246 18243 83 641 626
1706832682.52 53247 18252 4 641 451
1706832689.65 53248 18259 8 641 635
1706832702.5 53249 18271 86 641 533
1706832713.54 53250 18282 82 641 628
1706832714.28 53251 18283 47 641 574
1706832718.3 53252 18287 40 641 625
1706832720.8 53253 18289 80 641 635
1706832723.32 53254 18292 23 641 633
1706832731.55 53255 18300 37 641 620
1706832742.32 53256 18311 6 641 597
1706832778.73 53257 18347 41 641 627
1706832780.39 53258 18348 98 641 621
1706832789.94 53259 18358 44 641 622
1706832790.6 53260 18359 2 641 570
1706832805.34 53261 18373 68 641 612
1706832809.51 53262 18377 76 641 620
1706832811.43 53263 18379 58 641 599
1706832819.03 53264 18387 10 641 624
1706832823.34 53265 18391 31 641 450
1706832827.68 53266 18395 57 641 586
1706832829.15 53267 18396 94 641 612
1706832841.54 53268 18409 26 641 604
1706832844.83 53269 18412 46 641 629
1706832861.31 53270 18428 86 641 630
1706832862.76 53271 18430 22 641 611
1706832866.11 53272 18433 48 641 624
1706832873.3 53273 18440 59 641 590
1706832882.29 53274 18449 50 641 614
1706832886.17 53275 18453 29 641 616
1706832890.24 53276 18457 27 641 508
1706832892.08 53277 18459 2 641 635
1706832904.13 53278 18470 99 641 617
1706832919.79 53279 18486 58 641 620
1706832921.47 53280 18488 17 641 623
1706832926.81 53281 18493 41 641 613
1706832930.82 53282 18497 33 641 508
1706832931.97 53283 18498 39 641 569
1706832933.94 53284 18500 27 641 591
1706832934.53 53285 18500 76 641 566
1706832949.08 53286 18515 23 641 625
1706832949.45 53287 18515 51 641 556
1706832953.32 53288 18519 29 640 338
1706832961.49 53289 18527 37 641 517
1706832978.4 53290 18544 21 641 630
1706832994.08 53291 18559 81 641 622
1706833001.17 53292 18566 81 641 622
1706833001.82 53293 18567 37 641 568
1706833005.31 53294 18570 77 641 625
1706833011.75 53295 18577 12 641 605
1706833014.93 53296 18580 21 641 627
1706833025.09 53297 18590 28 641 629
1706833026.62 53298 18591 71 641 549
1706833027.17 53299 18592 17 641 566
1706833027.27 53300 18592 17 640 532
1706833036.59 53301 18601 41 641 624
1706833041.55 53302 18606 28 641 621
1706833050.23 53303 18614 88 641 630
1706833053.24 53304 18617 80 641 593
1706833060.97 53305 18625 44 641 579
1706833078.11 53306 18642 50 641 633
1706833081.63 53307 18645 93 641 626
1706833084.48 53308 18648 69 641 627
1706833091.52 53309 18655 64 641 605
1706833102.59 53310 18666 62 641 515
1706833106.67 53311 18670 62 641 631
1706833126.89 53312 18690 76 641 622
1706833132.09 53313 18695 87 641 613
1706833132.37 53314 18696 6 641 504
1706833153.94 53315 18717 56 641 366
1706833159.21 53316 18722 75 641 631
1706833170.39 53317 18733 85 641 620
1706833177.43 53318 18740 80 641 624
1706833187.95 53319 18751 23 641 625
1706833191.77 53320 18754 97 641 629
1706833192.23 53321 18755 33 641 559
1706833193.66 53322 18756 67 641 610
1706833199.77 53323 18762 69 641 592
1706833212.32 53324 18775 16 641 453
1706833214.31 53325 18777 5 641 582
1706833215.04 53326 18777 69 641 527
1706833215.68 53327 18778 23 641 569
1706833227.63 53328 18790 11 641 627
1706833230.56 53329 18792 95 641 617
1706833231.82 53330 18794 11 641 599
1706833236.11 53331 18798 31 641 620
1706833236.9 53332 18799 1 641 575
1706833245.13 53333 18807 15 641 625
1706833245.98 53334 18807 91 641 580
1706833246.55 53335 18808 38 641 564
1706833249.76 53336 18811 50 641 593
1706833265.56 53337 18827 23 641 628
1706833268.3 53338 18829 88 641 631
1706833312.03 53339 18873 56 641 624
1706833322.85 53340 18884 30 641 453
1706833324.09 53341 18885 44 641 536
1706833326.41 53342 18887 67 641 607
1706833327.47 53343 18888 64 641 588
1706833339.29 53344 18900 37 641 630
1706833345.15 53345 18906 15 641 559
1706833352.42 53346 18913 33 641 529
1706833354.2 53347 18915 2 641 622
1706833370.31 53348 18931 6 641 618
1706833378.11 53349 18938 77 641 626
1706833378.73 53350 18939 30 641 568
1706833385.49 53351 18945 97 641 629
1706833393.58 53352 18953 97 641 625
1706833397.83 53353 18958 13 641 623
1706833401.68 53354 18961 89 641 520
1706833401.87 53355 18961 99 641 480
1706833409.77 53356 18969 80 641 596
1706833409.87 53357 18969 80 640 533
1706833409.99 53358 18969 84 641 536
1706833411.93 53359 18971 69 641 624
1706833417.9 53360 18977 57 641 627
1706833433.82 53361 18993 41 641 627
1706833435.7 53362 18995 20 641 627
1706833437.43 53363 18996 84 641 514
1706833438.49 53364 18997 81 641 588
1706833442.26 53365 19001 49 641 632
1706833473.14 53366 19032 31 641 611
1706833481.64 53367 19040 72 641 514
1706833490.93 53368 19049 93 641 631
1706833494.84 53369 19053 75 641 550
1706833499.73 53370 19058 55 641 627
1706833500.69 53371 19059 42 641 584
1706833502.37 53372 19061 1 641 622
1706833507.11 53373 19065 66 641 623
1706833515.38 53374 19073 84 641 624
1706833516.26 53375 19074 63 641 580
1706833520.45 53376 19078 73 641 621
1706833537.04 53377 19095 25 641 625
1706833546.82 53378 19104 94 641 623
1706833550.63 53379 19108 66 641 616
1706833553.82 53380 19111 75 641 631
1706833570.38 53381 19128 24 641 549
1706833576.07 53382 19133 83 641 625
1706833583.1 53383 19140 78 641 505
1706833589.52 53384 19147 11 641 627
1706833612.07 53385 19169 59 641 630
1706833628.02 53386 19185 46 641 627
1706833638.92 53387 19196 28 641 596
1706833639.77 53388 19197 4 641 577
1706833640.65 53389 19197 83 641 581
1706833648.68 53390 19205 77 641 615
1706833662.19 53391 19219 20 641 628
1706833663.9 53392 19220 81 641 620
1706833666.84 53393 19223 67 641 524
1706833679.36 53394 19236 12 641 630
1706833687.15 53395 19243 82 641 611
1706833687.57 53396 19244 14 641 556
1706833688.16 53397 19244 64 641 568
1706833698.32 53398 19254 72 641 567
1706833703.84 53399 19260 15 641 629
1706833706.48 53400 19262 70 641 622
1706833728.96 53401 19285 12 641 628
1706833731.25 53402 19287 32 641 609
1706833732.18 53403 19288 15 641 582
1706833732.9 53404 19288 78 641 571
1706833733.62 53405 19289 41 641 573
1706833734.01 53406 19289 71 641 555
1706833736.41 53407 19292 1 641 628
1706833739.06 53408 19294 57 641 608
1706833744.79 53409 19300 21 641 527
1706833746.38 53410 19301 71 641 604
1706833750.56 53411 19305 80 641 622
1706833761.84 53412 19317 0 641 617
1706833766.08 53413 19321 15 641 631
1706833767.27 53414 19322 24 641 594
1706833767.76 53415 19322 63 641 561
1706833768.6 53416 19323 37 641 502
1706833771.38 53417 19326 6 641 611
1706833779.66 53418 19334 26 641 537
1706833785.33 53419 19339 84 641 632
1706833791.82 53420 19346 24 641 619
1706833802.1 53421 19356 43 641 597
1706833806.84 53422 19361 9 641 620
1706833810.81 53423 19364 97 641 601
1706833817.57 53424 19371 64 641 607
1706833818.59 53425 19372 56 641 585
1706833821.3 53426 19375 18 641 620
1706833821.71 53427 19375 49 641 555
1706833829.47 53428 19383 17 641 367
1706833840.63 53429 19394 25 641 620
1706833841.39 53430 19394 91 641 574
1706833842.56 53431 19395 99 641 597
1706833843.04 53432 19396 37 641 558
1706833854.36 53433 19407 61 641 623
1706833862.62 53434 19415 78 641 628
1706833871.0 53435 19424 8 641 630
1706833880.52 53436 19433 52 641 627
1706833890.98 53437 19443 89 641 456
1706833901.82 53438 19454 66 641 578
1706833902.97 53439 19455 72 641 589
1706833904.61 53440 19457 26 641 616
1706833905.11 53441 19457 66 641 559
1706833909.26 53442 19461 72 641 510
1706833912.95 53443 19465 32 641 627
1706833913.05 53444 19465 33 640 531
1706833913.47 53445 19465 66 641 559
1706833917.02 53446 19469 13 641 629
1706833919.42 53447 19471 43 641 514
1706833924.28 53448 19476 20 641 625
1706833929.78 53449 19481 61 641 604
1706833930.14 53450 19481 88 641 547
1706833932.85 53451 19484 49 641 618
1706833940.5 53452 19492 6 641 528
1706833942.66 53453 19494 13 641 568
1706833951.28 53454 19502 66 641 604
1706833953.92 53455 19505 21 641 626
1706833978.08 53456 19529 30 641 625
1706833986.9 53457 19538 4 641 624
1706833987.9 53458 19538 94 641 584
1706833988.2 53459 19539 15 641 547
1706833994.8 53460 19545 66 641 621
1706833996.47 53461 19547 23 641 618
1706833997.84 53462 19548 51 641 604
1706834006.05 53463 19556 63 641 619
1706834009.35 53464 19559 84 641 631
1706834021.41 53465 19571 81 641 519
1706834023.19 53466 19573 50 641 575
1706834027.96 53467 19578 18 641 622
1706834031.2 53468 19581 33 641 526
1706834038.44 53469 19588 48 641 623
1706834041.63 53470 19591 58 641 632
1706834042.56 53471 19592 42 641 581
1706834044.0 53472 19593 76 641 608
1706834066.3 53473 19615 99 641 559
1706834074.79 53474 19624 40 641 437
1706834081.97 53475 19631 50 641 633
1706834085.3 53476 19634 74 641 629
1706834097.61 53477 19646 97 641 624
1706834107.4 53478 19656 68 641 629
1706834118.98 53479 19668 18 641 629
1706834130.68 53480 19679 80 641 593
1706834138.34 53481 19687 38 641 597
1706834143.26 53482 19692 21 641 613
1706834145.95 53483 19694 80 641 628
1706834160.47 53484 19709 24 641 627
1706834170.75 53485 19719 44 641 627
1706834176.72 53486 19725 32 641 480
1706834181.89 53487 19730 40 641 362
1706834185.27 53488 19733 69 641 620
1706834191.93 53489 19740 27 641 598
1706834203.8 53490 19752 6 641 615
1706834209.69 53491 19757 86 641 518
1706834210.51 53492 19758 59 641 575
1706834215.16 53493 19763 15 641 543
1706834218.18 53494 19766 8 641 629
1706834234.45 53495 19782 28 641 629
1706834242.51 53496 19790 25 641 620
1706834244.29 53497 19791 94 641 606
1706834255.44 53498 19803 1 641 605
1706834256.1 53499 19803 58 641 568
1706834256.72 53500 19804 10 641 566
1706834261.89 53501 19809 18 641 615
1706834269.54 53502 19816 74 641 628
1706834275.22 53503 19822 34 641 588
1706834287.75 53504 19834 79 641 620
1706834302.79 53505 19849 75 641 630
1706834310.56 53506 19857 43 641 630
1706834311.44 53507 19858 22 641 581
1706834319.57 53508 19866 26 641 575
1706834322.84 53509 19869 43 641 456
1706834334.07 53510 19880 58 641 421
1706834338.88 53511 19885 30 641 627
1706834346.05 53512 19892 38 641 628
1706834346.31 53513 19892 55 641 546
1706834350.43 53514 19896 58 641 626
1706834354.72 53515 19900 78 641 623
1706834360.17 53516 19906 14 641 629
1706834365.93 53517 19911 81 641 512
1706834372.05 53518 19917 84 641 625
1706834378.0 53519 19923 70 641 634
1706834380.37 53520 19925 98 641 622
1706834382.03 53521 19927 54 641 612
1706834402.55 53522 19947 99 641 624
1706834403.53 53523 19948 87 641 584
1706834407.68 53524 19952 94 641 599
1706834418.55 53525 19963 72 641 632
1706834419.97 53526 19965 5 641 608
1706834420.51 53527 19965 50 641 563
1706834423.91 53528 19968 80 641 617
1706834424.49 53529 19969 29 641 566
1706834427.28 53530 19971 98 641 622
1706834438.53 53531 19983 15 641 625
1706834459.62 53532 20004 17 641 616
1706834467.27 53533 20011 73 641 478
1706834474.98 53534 20019 35 641 629
1706834476.54 53535 20020 82 641 617
1706834477.77 53536 20021 96 641 600
1706834496.78 53537 20040 89 641 619
1706834501.34 53538 20045 36 641 627
1706834515.61 53539 20059 55 641 573
1706834539.53 53540 20083 40 641 534
1706834540.86 53541 20084 63 641 507
1706834540.96 53542 20084 63 640 533
1706834547.73 53543 20091 33 641 623
1706834548.91 53544 20092 42 641 596
1706834549.9 53545 20093 32 641 588
1706834556.65 53546 20099 98 641 619
1706834557.36 53547 20100 59 641 572
1706834562.94 53548 20106 8 641 628
1706834568.51 53549 20111 57 641 625
1706834569.25 53550 20112 22 641 572
1706834573.11 53551 20115 98 641 612
1706834573.85 53552 20116 64 641 554
1706834589.14 53553 20131 86 641 622
1706834593.53 53554 20136 16 641 618
1706834596.48 53555 20139 1 641 628
1706834598.58 53556 20141 3 641 603
1706834610.22 53557 20152 59 641 609
1706834614.12 53558 20156 40 641 629
1706834615.46 53559 20157 65 641 602
1706834626.55 53560 20168 65 641 574
1706834630.37 53561 20172 39 641 625
1706834651.7 53562 20193 64 641 618
1706834655.76 53563 20197 61 641 597
1706834660.35 53564 20202 11 641 514
1706834673.6 53565 20215 28 641 628
1706834679.48 53566 20221 8 641 608
1706834682.26 53567 20223 76 641 605
1706834698.49 53568 20239 91 641 626
1706834705.92 53569 20247 26 641 618
1706834706.76 53570 20248 1 641 576
1706834711.33 53571 20252 49 641 626
1706834718.93 53572 20260 1 641 624
1706834733.42 53573 20274 43 641 629
1706834735.83 53574 20276 74 641 586
1706834743.44 53575 20284 27 641 629
1706834752.75 53576 20293 50 641 626
1706834756.99 53577 20297 65 641 614
1706834757.29 53578 20297 85 641 549
1706834765.64 53579 20306 12 641 608
1706834771.47 53580 20311 86 641 580
1706834780.77 53581 20321 7 641 593
1706834781.33 53582 20321 55 641 564
1706834784.53 53583 20324 67 641 628
1706834789.91 53584 20329 96 641 633
1706834800.1 53585 20340 7 641 562
1706834803.34 53586 20343 22 641 630
1706834804.1 53587 20343 89 641 573
1706834808.27 53588 20347 97 641 632
1706834809.38 53589 20348 99 641 593
1706834812.14 53590 20351 66 641 615
1706834817.55 53591 20356 98 641 624
1706834824.65 53592 20363 99 641 608
1706834826.64 53593 20365 89 641 634
1706834831.07 53594 20370 23 641 606
1706834833.55 53595 20372 62 641 607
1706834841.83 53596 20380 81 641 629
1706834844.41 53597 20383 30 641 611
1706834848.75 53598 20387 55 641 528
1706834856.32 53599 20395 4 641 626
1706834867.55 53600 20406 19 641 619
1706834871.84 53601 20410 39 641 629
1706834872.1 53602 20410 56 641 545
1706834877.22 53603 20415 59 641 564
1706834884.46 53604 20422 75 641 627
1706834897.21 53605 20435 42 641 620
1706834909.15 53606 20447 28 641 608
1706834913.52 53607 20451 56 641 620
1706834916.04 53608 20453 99 641 520
1706834916.55 53609 20454 41 641 505
1706834925.27 53610 20463 4 641 631
1706834928.72 53611 20466 41 641 431
1706834942.93 53612 20480 54 641 621
1706834954.28 53613 20491 80 641 623
1706834956.3 53614 20493 73 641 627
1706834956.7 53615 20494 4 641 553
1706834972.69 53616 20509 95 641 625
1706834973.32 53617 20510 48 641 545
1706834975.56 53618 20512 63 641 625
1706834976.92 53619 20513 90 641 547
1706834983.91 53620 20520 80 641 571
1706834988.64 53621 20525 45 641 631
1706834994.48 53622 20531 19 641 514
1706834995.04 53623 20531 66 641 562
1706834998.62 53624 20535 15 641 598
1706835002.26 53625 20538 70 641 630
1706835006.74 53626 20543 9 641 615
1706835007.51 53627 20543 77 641 574
1706835024.85 53628 20561 3 641 592
1706835025.94 53629 20562 3 641 591
1706835029.35 53630 20565 36 641 631
1706835035.61 53631 20571 54 641 630
1706835035.71 53632 20571 55 641 534
1706835037.55 53633 20573 29 641 589
1706835045.58 53634 20581 24 641 629
1706835049.36 53635 20584 93 641 624
1706835056.29 53636 20591 77 641 579
1706835057.32 53637 20592 71 641 536
1706835062.17 53638 20597 47 641 622
1706835064.14 53639 20599 34 641 631
1706835068.55 53640 20603 66 641 489
1706835073.51 53641 20608 53 641 615
1706835085.83 53642 20620 78 641 566
1706835086.22 53643 20621 8 641 553
1706835087.78 53644 20622 55 641 619
1706835107.63 53645 20642 32 641 597
1706835115.93 53646 20650 53 641 591
1706835117.38 53647 20651 89 641 612
1706835121.82 53648 20656 23 641 619
1706835125.19 53649 20659 51 641 627
1706835135.82 53650 20670 6 641 614
1706835140.4 53651 20674 55 641 569
1706835144.5 53652 20678 55 641 600
1706835149.79 53653 20683 77 641 618
1706835152.45 53654 20686 34 641 623
1706835158.7 53655 20692 50 641 632
1706835161.45 53656 20695 16 641 629
1706835167.92 53657 20701 55 641 533
1706835169.6 53658 20703 14 641 607
1706835171.47 53659 20704 91 641 628
1706835176.23 53660 20709 58 641 618
1706835189.73 53661 20723 0 641 624
1706835191.14 53662 20724 32 641 608
1706835200.28 53663 20733 38 641 625
1706835200.65 53664 20733 66 641 554
1706835203.42 53665 20736 34 641 620
1706835208.07 53666 20740 90 641 620
1706835212.49 53667 20745 23 641 621
1706835214.49 53668 20747 14 641 636
1706835214.59 53669 20747 14 640 534
1706835231.19 53670 20763 67 641 625
1706835233.82 53671 20766 21 641 598
1706835235.18 53672 20767 48 641 604
1706835236.03 53673 20768 24 641 580
1706835244.14 53674 20776 26 641 543
1706835246.74 53675 20778 77 641 628
1706835266.05 53676 20798 0 641 625
1706835269.17 53677 20801 4 641 627
1706835270.77 53678 20802 54 641 618
1706835272.13 53679 20803 81 641 605
1706835276.38 53680 20807 97 641 608
1706835276.5 53681 20808 0 641 538
1706835280.43 53682 20811 84 641 630
1706835293.27 53683 20824 60 641 628
