1706745611.28 39548 63429 52 641 546
1706745613.06 39549 63431 21 641 635
1706745621.15 39550 63439 21 641 553
1706745621.85 39551 63439 81 641 584
1706745623.45 39552 63441 32 641 615
1706745635.7 39553 63453 49 641 622
1706745635.83 39554 63453 53 641 540
1706745635.93 39555 63453 53 640 532
1706745649.52 39556 63467 5 641 633
1706745657.68 39557 63475 13 641 612
1706745662.86 39558 63480 22 641 543
1706745671.09 39559 63488 37 641 586
1706745671.82 39560 63489 1 641 585
1706745686.6 39561 63503 71 641 626
1706745689.97 39562 63506 99 641 617
1706745692.56 39563 63509 49 641 537
1706745693.54 39564 63510 38 641 604
1706745700.71 39565 63517 46 641 626
1706745705.64 39566 63522 30 641 622
1706745708.65 39567 63525 21 641 621
1706745711.71 39568 63528 19 641 629
1706745713.14 39569 63529 52 641 581
1706745735.65 39570 63551 96 641 598
1706745736.95 39571 63553 16 641 626
1706745752.74 39572 63568 87 641 624
1706745759.65 39573 63575 69 641 612
1706745764.83 39574 63580 79 641 628
1706745772.97 39575 63588 84 641 610
1706745778.66 39576 63594 44 641 606
1706745780.73 39577 63596 42 641 628
1706745786.33 39578 63601 93 641 618
1706745790.41 39579 63605 92 641 608
1706745792.69 39580 63608 12 641 623
1706745794.8 39581 63610 13 641 626
1706745796.35 39582 63611 59 641 617
1706745797.19 39583 63612 34 641 595
1706745797.45 39584 63612 50 641 517
1706745799.68 39585 63614 64 641 630
1706745805.64 39586 63620 52 641 631
1706745813.35 39587 63628 15 641 423
1706745814.3 39588 63629 0 641 602
1706745827.2 39589 63641 83 641 626
1706745837.63 39590 63652 17 641 600
1706745845.07 39591 63659 53 641 629
1706745853.25 39592 63667 63 641 582
1706745858.27 39593 63672 56 641 626
1706745864.17 39594 63678 38 641 464
1706745870.36 39595 63684 47 641 557
1706745871.16 39596 63685 18 641 593
1706745874.19 39597 63688 11 641 528
1706745884.3 39598 63698 14 641 543
1706745892.77 39599 63706 52 641 624
1706745893.08 39600 63706 73 641 554
1706745901.69 39601 63715 25 641 625
1706745905.2 39602 63718 67 641 627
1706745906.74 39603 63720 12 641 619
1706745912.61 39604 63725 90 641 625
1706745923.21 39605 63736 42 641 627
1706745938.22 39606 63751 35 641 417
1706745944.55 39607 63757 59 641 633
1706745945.55 39608 63758 49 641 605
1706745948.26 39609 63761 11 641 632
1706745952.42 39610 63765 18 641 624
1706745954.89 39611 63767 56 641 623
1706745956.27 39612 63768 85 641 530
1706745957.86 39613 63770 35 641 621
1706745967.08 39614 63779 48 641 611
1706745974.06 39615 63786 37 641 632
1706745977.48 39616 63789 70 641 627
1706745977.58 39617 63789 70 640 532
1706745981.02 39618 63793 6 641 513
1706745987.28 39619 63799 24 641 620
1706745988.79 39620 63800 65 641 604
1706745991.5 39621 63803 27 641 621
1706745991.97 39622 63803 65 641 568
1706746001.72 39623 63813 32 641 632
1706746004.33 39624 63815 84 641 624
1706746006.92 39625 63818 34 641 628
1706746008.09 39626 63819 41 641 618
1706746017.07 39627 63828 31 641 608
1706746017.37 39628 63828 52 641 551
1706746019.11 39629 63830 17 641 609
1706746019.68 39630 63830 64 641 574
1706746020.39 39631 63831 26 641 587
1706746025.24 39632 63836 2 641 616
1706746035.94 39633 63846 63 641 614
1706746038.37 39634 63848 97 641 625
1706746043.96 39635 63854 48 641 622
1706746045.35 39636 63855 78 641 623
1706746059.04 39637 63869 39 641 580
1706746059.32 39638 63869 57 641 548
1706746064.67 39639 63874 83 641 628
1706746065.67 39640 63875 74 641 584
1706746066.34 39641 63876 32 641 585
1706746071.49 39642 63881 38 641 622
1706746087.56 39643 63897 37 641 632
1706746093.0 39644 63902 72 641 630
1706746098.62 39645 63908 26 641 625
1706746098.96 39646 63908 50 641 557
1706746099.73 39647 63909 18 641 590
1706746103.71 39648 63913 7 641 626
1706746109.99 39649 63919 27 641 566
1706746112.0 39650 63921 18 641 621
1706746113.25 39651 63922 34 641 621
1706746114.69 39652 63923 68 641 634
1706746118.31 39653 63927 21 641 603
1706746123.8 39654 63932 62 641 626
1706746131.55 39655 63940 28 641 617
1706746138.84 39656 63947 49 641 616
1706746157.95 39657 63966 53 641 621
1706746168.03 39658 63976 53 641 615
1706746168.21 39659 63976 62 641 542
1706746168.79 39660 63977 10 641 579
1706746173.15 39661 63981 36 641 627
1706746179.59 39662 63987 71 641 621
1706746214.11 39663 64022 18 641 619
1706746223.32 39664 64031 31 641 618
1706746227.69 39665 64035 59 641 620
1706746228.52 39666 64036 33 641 592
1706746239.32 39667 64047 5 641 627
1706746251.45 39668 64059 10 641 626
1706746259.65 39669 64067 21 641 624
1706746260.26 39670 64067 73 641 577
1706746266.76 39671 64074 14 641 612
1706746268.88 39672 64076 16 641 578
1706746270.48 39673 64077 67 641 617
1706746273.28 39674 64080 38 641 618
1706746273.72 39675 64080 73 641 565
1706746291.58 39676 64098 52 641 579
1706746297.18 39677 64104 3 641 624
1706746306.54 39678 64113 31 641 479
1706746307.7 39679 64114 38 641 615
1706746309.37 39680 64115 95 641 621
1706746310.18 39681 64116 66 641 592
1706746310.66 39682 64117 5 641 569
1706746314.71 39683 64121 2 641 622
1706746317.52 39684 64123 74 641 387
1706746331.36 39685 64137 50 641 602
1706746338.4 39686 64144 45 641 630
1706746340.18 39687 64146 14 641 501
1706746344.11 39688 64149 98 641 623
1706746347.87 39689 64153 65 641 628
1706746351.94 39690 64157 63 641 594
1706746356.56 39691 64162 17 641 633
1706746357.96 39692 64163 47 641 630
1706746360.09 39693 64165 51 641 565
1706746365.93 39694 64171 26 641 627
1706746375.13 39695 64180 38 641 628
1706746390.7 39696 64195 87 641 611
1706746390.93 39697 64196 1 641 549
1706746393.62 39698 64198 60 641 620
1706746400.94 39699 64205 83 641 630
1706746401.46 39700 64206 26 641 506
1706746401.75 39701 64206 45 641 551
1706746404.48 39702 64209 9 641 630
1706746408.74 39703 64213 26 641 591
1706746419.37 39704 64223 81 641 628
1706746420.43 39705 64224 78 641 608
1706746422.13 39706 64226 38 641 623
1706746423.44 39707 64227 60 641 591
1706746424.73 39708 64228 80 641 611
1706746445.65 39709 64249 65 641 581
1706746447.36 39710 64251 28 641 632
1706746449.64 39711 64253 47 641 620
1706746477.22 39712 64280 98 641 614
1706746480.72 39713 64284 39 641 628
1706746503.52 39714 64307 13 641 623
1706746504.15 39715 64307 66 641 577
1706746506.22 39716 64309 64 641 471
1706746511.46 39717 64314 79 641 629
1706746520.81 39718 64324 6 641 607
1706746521.54 39719 64324 70 641 584
1706746523.93 39720 64327 0 641 629
1706746524.82 39721 64327 80 641 599
1706746526.9 39722 64329 79 641 622
1706746532.87 39723 64335 68 641 562
1706746537.53 39724 64340 24 641 619
1706746542.37 39725 64345 0 641 581
1706746543.99 39726 64346 53 641 625
1706746545.35 39727 64347 79 641 593
1706746548.5 39728 64350 85 641 527
1706746551.05 39729 64353 31 641 622
1706746552.64 39730 64354 81 641 625
1706746566.92 39731 64369 1 641 607
1706746575.61 39732 64377 62 641 617
1706746593.33 39733 64395 27 641 442
1706746595.59 39734 64397 43 641 557
1706746599.75 39735 64401 51 641 620
1706746601.92 39736 64403 58 641 619
1706746603.34 39737 64404 92 641 620
1706746609.66 39738 64411 15 641 630
1706746618.7 39739 64420 11 641 628
1706746623.97 39740 64425 29 641 626
1706746629.3 39741 64430 53 641 544
1706746638.17 39742 64439 31 641 613
1706746645.18 39743 64446 23 641 625
1706746649.56 39744 64450 52 641 625
1706746651.77 39745 64452 64 641 611
1706746653.17 39746 64453 95 641 612
1706746654.36 39747 64455 5 641 591
1706746659.36 39748 64459 96 641 628
1706746670.22 39749 64470 74 641 629
1706746676.5 39750 64476 92 641 623
1706746686.1 39751 64486 44 641 630
1706746687.95 39752 64488 20 641 632
1706746701.01 39753 64501 18 641 621
1706746701.92 39754 64501 99 641 597
1706746709.82 39755 64509 80 641 624
1706746712.06 39756 64511 95 641 624
1706746712.21 39757 64512 1 641 542
1706746715.86 39758 64515 57 641 623
1706746719.89 39759 64519 52 641 619
1706746727.31 39760 64526 86 641 582
1706746738.34 39761 64537 80 641 626
1706746741.01 39762 64540 38 641 621
1706746741.15 39763 64540 42 641 537
1706746745.53 39764 64544 71 641 521
1706746757.68 39765 64556 78 641 628
1706746757.99 39766 64557 0 641 554
1706746764.35 39767 64563 28 641 616
1706746774.98 39768 64573 82 641 629
1706746775.91 39769 64574 66 641 602
1706746776.36 39770 64575 2 641 566
1706746785.7 39771 64584 28 641 546
1706746791.55 39772 64590 4 641 625
1706746802.11 39773 64600 52 641 629
1706746816.36 39774 64614 70 641 604
1706746832.25 39775 64630 51 641 582
1706746834.89 39776 64633 6 641 605
1706746863.12 39777 64661 23 641 594
1706746874.67 39778 64672 69 641 621
1706746879.77 39779 64677 70 641 626
1706746880.33 39780 64678 16 641 575
1706746882.8 39781 64680 54 641 598
1706746885.79 39782 64683 44 641 617
1706746890.52 39783 64688 7 641 608
1706746894.71 39784 64692 19 641 616
1706746896.62 39785 64694 1 641 629
1706746896.83 39786 64694 13 641 544
1706746900.01 39787 64697 22 641 638
1706746904.61 39788 64701 73 641 583
1706746914.43 39789 64711 46 641 628
1706746924.67 39790 64721 62 641 625
1706746927.06 39791 64723 92 641 620
1706746930.8 39792 64727 57 641 619
1706746939.7 39793 64736 38 641 599
1706746946.99 39794 64743 59 641 625
1706746947.85 39795 64744 35 641 594
1706746971.34 39796 64767 77 641 622
1706746971.44 39797 64767 77 640 534
1706746972.81 39798 64769 5 641 506
1706746973.19 39799 64769 34 641 559
1706746981.76 39800 64777 82 641 596
1706746998.01 39801 64793 99 641 597
1706747000.21 39802 64796 10 641 617
1706747004.01 39803 64799 82 641 624
1706747007.53 39804 64803 24 641 624
1706747012.19 39805 64807 82 641 627
1706747014.42 39806 64809 95 641 626
1706747014.52 39807 64809 96 641 530
1706747027.02 39808 64822 38 641 632
1706747029.32 39809 64824 59 641 621
1706747045.17 39810 64840 36 641 626
1706747047.73 39811 64842 82 641 627
1706747048.77 39812 64843 77 641 605
1706747049.93 39813 64844 83 641 586
1706747067.03 39814 64861 85 641 620
1706747067.45 39815 64862 18 641 563
1706747067.68 39816 64862 31 641 548
1706747079.57 39817 64874 12 641 628
1706747095.15 39818 64889 62 641 632
1706747107.22 39819 64901 61 641 626
1706747115.73 39820 64910 3 641 628
1706747136.14 39821 64930 37 641 632
1706747142.08 39822 64936 23 641 628
1706747142.98 39823 64937 4 641 596
1706747143.42 39824 64937 39 641 565
1706747149.73 39825 64943 61 641 599
1706747161.71 39826 64955 51 641 588
1706747162.65 39827 64956 36 641 598
1706747168.81 39828 64962 42 641 630
1706747178.89 39829 64972 42 641 620
1706747179.73 39830 64973 17 641 540
1706747200.85 39831 64994 22 641 624
1706747206.03 39832 64999 31 641 625
1706747218.56 39833 65011 76 641 629
1706747219.04 39834 65012 14 641 563
1706747222.38 39835 65015 40 641 609
1706747225.66 39836 65018 59 641 627
1706747248.97 39837 65041 82 641 629
1706747258.49 39838 65051 26 641 614
1706747266.94 39839 65059 62 641 627
1706747267.15 39840 65059 73 641 542
1706747281.22 39841 65073 72 641 630
1706747288.19 39842 65080 61 641 629
1706747298.23 39843 65090 56 641 628
1706747304.16 39844 65096 39 641 619
1706747307.67 39845 65099 82 641 629
1706747318.37 39846 65110 43 641 621
1706747318.94 39847 65110 91 641 574
1706747323.21 39848 65115 9 641 447
1706747334.1 39849 65125 90 641 619
1706747335.95 39850 65127 66 641 631
1706747340.64 39851 65132 26 641 589
1706747357.68 39852 65149 22 641 630
1706747366.1 39853 65157 56 641 628
1706747373.99 39854 65165 37 641 626
1706747381.01 39855 65172 30 641 518
1706747389.01 39856 65180 21 641 628
1706747390.4 39857 65181 51 641 627
1706747397.27 39858 65188 30 641 626
1706747398.7 39859 65189 64 641 593
1706747403.19 39860 65194 4 641 614
1706747404.38 39861 65195 14 641 614
1706747415.26 39862 65205 94 641 588
1706747421.62 39863 65212 21 641 626
1706747421.92 39864 65212 42 641 553
1706747427.22 39865 65217 63 641 622
1706747436.09 39866 65226 41 641 495
1706747437.96 39867 65228 19 641 627
1706747458.81 39868 65248 96 641 629
1706747467.3 39869 65257 37 641 612
1706747470.62 39870 65260 59 641 626
1706747476.62 39871 65266 50 641 591
1706747482.01 39872 65271 80 641 631
1706747482.31 39873 65272 1 641 439
1706747500.74 39874 65290 37 641 627
1706747507.78 39875 65297 32 641 630
1706747511.07 39876 65300 51 641 620
1706747524.04 39877 65313 41 641 608
1706747527.13 39878 65316 41 641 612
1706747533.42 39879 65322 60 641 622
1706747570.44 39880 65359 57 641 629
1706747572.13 39881 65361 16 641 608
1706747573.23 39882 65362 17 641 471
1706747580.68 39883 65369 54 641 626
1706747584.33 39884 65373 10 641 627
1706747590.39 39885 65379 7 641 631
1706747604.67 39886 65393 27 641 628
1706747619.3 39887 65407 82 641 627
1706747621.23 39888 65409 66 641 627
1706747625.13 39889 65413 47 641 494
1706747628.8 39890 65417 5 641 629
1706747636.5 39891 65424 66 641 611
1706747640.81 39892 65428 89 641 625
1706747641.91 39893 65429 90 641 606
1706747642.7 39894 65430 60 641 587
1706747655.43 39895 65443 25 641 627
1706747664.82 39896 65452 55 641 604
1706747667.43 39897 65455 8 641 608
1706747674.48 39898 65462 4 641 568
1706747676.78 39899 65464 26 641 624
1706747691.77 39900 65479 17 641 608
1706747722.45 39901 65509 79 641 586
1706747732.47 39902 65519 72 641 630
1706747734.6 39903 65521 76 641 622
1706747737.67 39904 65524 74 641 611
1706747763.82 39905 14 83 641 632
1706747768.69 39906 19 63 641 622
1706747773.98 39907 24 84 641 607
1706747775.27 39908 26 4 641 617
1706747778.8 39909 29 49 641 615
1706747782.57 39910 33 18 641 629
1706747785.0 39911 35 53 641 599
1706747788.67 39912 39 12 641 576
1706747799.83 39913 50 21 641 626
1706747803.1 39914 53 39 641 623
1706747814.2 39915 64 43 641 619
1706747834.16 39916 84 32 641 518
1706747834.92 39917 85 0 641 584
1706747844.33 39918 94 34 641 615
1706747844.47 39919 94 39 641 540
1706747846.03 39920 95 87 641 636
1706747846.12 39921 95 87 640 531
1706747854.86 39922 104 55 641 622
1706747855.04 39923 104 65 641 542
1706747862.73 39924 112 26 641 620
1706747876.02 39925 125 48 641 625
1706747880.39 39926 129 77 641 616
1706747883.61 39927 132 90 641 624
1706747884.35 39928 133 56 641 583
1706747888.8 39929 137 93 641 628
1706747888.98 39930 138 2 641 542
1706747894.96 39931 143 93 641 631
1706747895.15 39932 144 4 641 547
1706747906.97 39933 155 79 641 630
1706747909.37 39934 158 10 641 587
1706747911.07 39935 159 71 641 623
1706747911.22 39936 159 78 641 503
1706747943.15 39937 191 66 641 631
1706747947.03 39938 195 46 641 574
1706747951.03 39939 199 38 641 587
1706747951.8 39940 200 7 641 584
1706747954.04 39941 202 23 641 627
1706747954.82 39942 202 92 641 584
1706747957.04 39943 205 5 641 623
1706747964.1 39944 212 4 641 608
1706747968.73 39945 216 59 641 626
1706748003.08 39946 250 89 641 593
1706748014.38 39947 262 11 641 621
1706748015.45 39948 263 10 641 601
1706748019.36 39949 266 93 641 580
1706748024.57 39950 272 6 641 628
1706748033.24 39951 280 66 641 627
1706748044.87 39952 292 21 641 620
1706748050.2 39953 297 46 641 618
1706748051.01 39954 298 19 641 586
1706748059.76 39955 306 86 641 627
1706748073.86 39956 320 89 641 578
1706748081.14 39957 328 9 641 616
1706748087.22 39958 334 9 641 632
1706748098.05 39959 344 85 641 627
1706748113.27 39960 360 0 641 614
1706748126.97 39961 373 63 641 613
1706748133.39 39962 379 98 641 616
1706748141.4 39963 387 91 641 552
1706748144.49 39964 390 92 641 626
1706748146.23 39965 392 58 641 488
1706748149.39 39966 395 66 641 623
1706748157.75 39967 403 95 641 628
1706748160.88 39968 406 99 641 625
1706748162.25 39969 408 27 641 621
1706748169.1 39970 415 5 641 600
1706748178.42 39971 424 29 641 628
1706748183.34 39972 429 13 641 560
1706748194.52 39973 440 23 641 608
1706748195.75 39974 441 38 641 614
1706748211.08 39975 456 64 641 414
1706748211.69 39976 457 17 641 572
1706748211.82 39977 457 21 641 539
1706748230.31 39978 475 64 641 577
1706748238.75 39979 484 0 641 634
1706748240.38 39980 485 54 641 627
1706748245.5 39981 490 58 641 630
1706748248.61 39982 493 60 641 505
1706748253.97 39983 498 88 641 630
1706748260.68 39984 505 51 641 598
1706748261.45 39985 506 19 641 588
1706748262.58 39986 507 24 641 605
1706748279.44 39987 524 3 641 628
1706748297.77 39988 542 30 641 613
1706748304.62 39989 549 7 641 618
1706748319.09 39990 563 48 641 609
1706748321.11 39991 565 41 641 620
1706748324.46 39992 568 68 641 591
1706748337.83 39993 581 98 641 515
1706748340.74 39994 584 81 641 571
1706748343.21 39995 587 19 641 622
1706748348.69 39996 592 59 641 630
1706748350.59 39997 594 41 641 623
1706748352.21 39998 595 94 641 636
1706748358.99 39999 602 65 641 621
1706748364.63 40000 608 21 641 626
1706748365.76 40001 609 25 641 607
1706748377.86 40002 621 28 641 626
1706748378.6 40003 621 93 641 582
1706748378.79 40004 622 4 641 544
1706748382.81 40005 625 98 641 619
1706748387.45 40006 630 53 641 627
1706748387.54 40007 630 53 640 531
1706748388.71 40008 631 62 641 613
1706748399.77 40009 642 61 641 554
1706748424.11 40010 666 89 641 616
1706748434.95 40011 677 66 641 627
1706748444.37 40012 687 0 641 606
1706748455.39 40013 697 95 641 617
1706748456.99 40014 699 46 641 598
1706748486.9 40015 729 32 641 620
1706748490.81 40016 733 15 641 632
1706748493.23 40017 735 48 641 626
1706748494.71 40018 736 88 641 616
1706748504.03 40019 746 12 641 617
1706748507.21 40020 749 22 641 637
1706748507.58 40021 749 50 641 558
1706748507.67 40022 749 50 640 530
1706748508.19 40023 749 94 641 570
1706748524.37 40024 766 5 641 545
1706748524.59 40025 766 19 641 547
1706748538.64 40026 780 17 641 543
1706748548.58 40027 790 4 641 628
1706748549.13 40028 790 50 641 566
1706748549.94 40029 791 23 641 590
1706748552.45 40030 793 65 641 623
1706748552.72 40031 793 84 641 549
1706748562.01 40032 803 5 641 540
1706748563.57 40033 804 53 641 635
1706748575.5 40034 816 40 641 596
1706748579.46 40035 820 28 641 630
1706748602.48 40036 843 23 641 532
1706748607.71 40037 848 38 641 631
1706748619.47 40038 860 6 641 614
1706748628.57 40039 869 9 641 534
1706748642.63 40040 883 8 641 631
1706748666.33 40041 906 72 641 626
1706748673.87 40042 914 19 641 622
1706748675.52 40043 915 76 641 624
1706748677.16 40044 917 31 641 638
1706748677.35 40045 917 42 641 547
1706748682.63 40046 922 62 641 632
1706748684.44 40047 924 35 641 563
1706748690.82 40048 930 65 641 626
1706748698.97 40049 938 72 641 510
1706748701.76 40050 941 43 641 620
1706748705.88 40051 945 47 641 623
1706748713.88 40052 953 39 641 625
1706748719.09 40053 958 52 641 603
1706748721.09 40054 960 44 641 615
1706748723.19 40055 962 46 641 626
1706748732.54 40056 971 73 641 604
1706748736.23 40057 975 35 641 620
1706748751.93 40058 990 98 641 618
1706748758.32 40059 997 29 641 623
1706748759.38 40060 998 26 641 566
1706748764.17 40061 1002 97 641 623
1706748764.63 40062 1003 34 641 564
1706748797.26 40063 1035 92 641 629
1706748810.14 40064 1048 73 641 476
1706748821.91 40065 1060 42 641 624
1706748836.44 40066 1074 87 641 613
1706748838.23 40067 1076 58 641 619
1706748852.21 40068 1090 49 641 593
1706748855.05 40069 1093 24 641 630
1706748857.69 40070 1095 79 641 504
1706748858.44 40071 1096 45 641 580
1706748870.53 40072 1108 46 641 623
1706748870.88 40073 1108 73 641 556
1706748894.23 40074 1132 1 641 624
1706748907.84 40075 1145 55 641 631
1706748908.77 40076 1146 39 641 595
1706748932.56 40077 1170 11 641 607
1706748934.2 40078 1171 66 641 627
1706748940.69 40079 1178 7 641 631
1706748950.63 40080 1187 94 641 625
1706748955.19 40081 1192 41 641 461
1706748968.7 40082 1205 84 641 625
1706748972.56 40083 1209 62 641 630
1706748973.35 40084 1210 31 641 534
1706748981.19 40085 1218 8 641 626
1706748982.4 40086 1219 20 641 519
1706748989.97 40087 1226 69 641 589
1706748992.1 40088 1228 73 641 630
1706748997.28 40089 1233 83 641 553
1706748997.71 40090 1234 17 641 560
1706748998.77 40091 1235 14 641 603
1706748999.38 40092 1235 66 641 574
1706749002.68 40093 1238 87 641 525
1706749017.22 40094 1253 34 641 630
1706749033.31 40095 1269 36 641 623
1706749039.95 40096 1275 92 641 628
1706749053.62 40097 1289 51 641 596
1706749061.16 40098 1296 97 641 630
1706749065.91 40099 1301 63 641 540
1706749069.65 40100 1305 29 641 631
1706749072.65 40101 1308 20 641 615
1706749077.23 40102 1312 70 641 627
1706749079.99 40103 1315 37 641 621
1706749089.34 40104 1324 64 641 627
1706749090.16 40105 1325 37 641 585
1706749093.66 40106 1328 78 641 618
1706749107.86 40107 1342 91 641 618
1706749110.11 40108 1345 7 641 629
1706749114.58 40109 1349 46 641 598
1706749114.68 40110 1349 46 640 534
1706749122.91 40111 1357 62 641 622
1706749124.19 40112 1358 82 641 613
1706749136.35 40113 1370 90 641 632
1706749137.73 40114 1372 19 641 622
1706749140.59 40115 1374 97 641 621
1706749148.17 40116 1382 46 641 626
1706749150.68 40117 1384 88 641 630
1706749151.26 40118 1385 37 641 575
1706749156.76 40119 1390 79 641 628
1706749167.57 40120 1401 52 641 624
1706749169.05 40121 1402 91 641 627
1706749171.48 40122 1405 26 641 578
1706749186.76 40123 1420 46 641 628
1706749191.7 40124 1425 32 641 622
1706749193.04 40125 1426 57 641 451
1706749220.21 40126 1453 68 641 608
1706749222.12 40127 1455 50 641 624
1706749224.05 40128 1457 35 641 615
1706749232.58 40129 1465 80 641 627
1706749233.58 40130 1466 71 641 601
1706749249.39 40131 1482 45 641 620
1706749262.07 40132 1495 5 641 583
1706749269.08 40133 1501 98 641 560
1706749271.5 40134 1504 31 641 619
1706749280.86 40135 1513 59 641 588
1706749283.47 40136 1516 12 641 629
1706749284.0 40137 1516 56 641 567
1706749288.12 40138 1520 58 641 629
1706749291.97 40139 1524 36 641 612
1706749292.68 40140 1524 98 641 579
1706749294.53 40141 1526 74 641 617
1706749298.44 40142 1530 57 641 604
1706749301.68 40143 1533 71 641 622
1706749302.3 40144 1534 24 641 572
1706749330.44 40145 1562 32 641 622
1706749335.57 40146 1567 37 641 629
1706749343.73 40147 1575 44 641 628
1706749345.1 40148 1576 73 641 622
1706749347.94 40149 1579 48 641 566
1706749358.52 40150 1589 98 641 632
1706749364.98 40151 1596 36 641 629
1706749368.76 40152 1600 5 641 550
1706749377.34 40153 1608 55 641 630
1706749383.96 40154 1615 9 641 622
1706749386.61 40155 1617 65 641 585
1706749391.46 40156 1622 41 641 626
1706749394.21 40157 1625 9 641 620
1706749394.8 40158 1625 59 641 569
1706749395.77 40159 1626 47 641 597
1706749404.75 40160 1635 37 641 626
1706749413.72 40161 1644 26 641 622
1706749417.51 40162 1647 96 641 619
1706749418.88 40163 1649 24 641 571
1706749438.63 40164 1668 92 641 629
1706749441.07 40165 1671 28 641 615
1706749445.59 40166 1675 71 641 526
1706749448.31 40167 1678 34 641 593
1706749461.14 40168 1691 10 641 621
1706749462.91 40169 1692 78 641 627
1706749466.95 40170 1696 73 641 608
1706749470.68 40171 1700 38 641 631
1706749474.83 40172 1704 44 641 523
1706749477.92 40173 1707 44 641 622
1706749480.92 40174 1710 35 641 628
1706749483.96 40175 1713 31 641 618
1706749487.42 40176 1716 68 641 632
1706749488.33 40177 1717 49 641 593
1706749489.98 40178 1719 6 641 595
1706749499.92 40179 1728 93 641 627
1706749501.04 40180 1729 96 641 604
1706749506.06 40181 1734 90 641 601
1706749509.69 40182 1738 44 641 625
1706749513.11 40183 1741 78 641 579
1706749516.05 40184 1744 63 641 623
1706749537.27 40185 1765 79 641 610
1706749552.18 40186 1780 62 641 516
1706749554.63 40187 1782 98 641 578
1706749557.38 40188 1785 64 641 597
1706749561.68 40189 1789 85 641 586
1706749563.58 40190 1791 67 641 605
1706749567.84 40191 1795 85 641 627
1706749575.95 40192 1803 87 641 616
1706749583.32 40193 1811 16 641 620
1706749586.85 40194 1814 60 641 593
1706749587.79 40195 1815 45 641 597
1706749588.01 40196 1815 58 641 546
1706749590.04 40197 1817 53 641 585
1706749594.71 40198 1822 11 641 528
1706749595.86 40199 1823 17 641 608
1706749604.93 40200 1832 16 641 534
1706749615.37 40201 1842 53 641 627
1706749617.39 40202 1844 45 641 608
1706749618.51 40203 1845 49 641 605
1706749618.93 40204 1845 81 641 560
1706749619.32 40205 1846 11 641 560
1706749631.87 40206 1858 59 641 598
1706749636.41 40207 1863 4 641 623
1706749637.24 40208 1863 79 641 589
1706749646.37 40209 1872 83 641 630
1706749662.63 40210 1889 3 641 624
1706749682.37 40211 1908 70 641 627
1706749692.02 40212 1918 27 641 610
1706749701.88 40213 1928 5 641 604
1706749703.86 40214 1929 95 641 516
1706749706.68 40215 1932 68 641 630
1706749716.14 40216 1942 6 641 604
1706749725.02 40217 1950 87 641 629
1706749725.72 40218 1951 48 641 579
1706749732.3 40219 1957 98 641 592
1706749733.94 40220 1959 53 641 621
1706749740.1 40221 1965 61 641 621
1706749759.49 40222 1984 93 641 630
1706749776.16 40223 2001 53 641 631
1706749784.6 40224 2009 89 641 630
1706749785.73 40225 2010 93 641 582
1706749787.64 40226 2012 75 641 615
1706749793.83 40227 2018 85 641 626
1706749796.88 40228 2021 81 641 557
1706749802.87 40229 2027 72 641 593
1706749812.57 40230 2037 34 641 629
1706749812.71 40231 2037 39 641 540
1706749820.18 40232 2044 79 641 554
1706749828.19 40233 2052 72 641 620
1706749846.65 40234 2071 11 641 622
1706749848.58 40235 2072 95 641 612
1706749850.97 40236 2075 25 641 621
1706749851.77 40237 2075 96 641 585
1706749852.06 40238 2076 16 641 551
1706749852.68 40239 2076 69 641 575
1706749855.95 40240 2079 87 641 598
1706749859.02 40241 2082 85 641 626
1706749864.1 40242 2087 85 639 237
1706749868.52 40243 2092 19 641 599
1706749874.92 40244 2098 50 641 584
1706749878.11 40245 2101 60 641 620
1706749882.77 40246 2106 18 641 627
1706749884.46 40247 2107 78 641 635
1706749887.46 40248 2110 69 641 629
1706749888.92 40249 2112 6 641 626
1706749896.5 40250 2119 57 641 623
1706749897.37 40251 2120 35 641 588
1706749901.92 40252 2124 82 641 604
1706749904.48 40253 2127 29 641 629
1706749906.8 40254 2129 52 641 624
1706749911.57 40255 2134 21 641 623
1706749914.51 40256 2137 6 641 615
1706749915.61 40257 2138 8 641 604
1706749915.83 40258 2138 21 641 545
1706749921.69 40259 2143 99 641 630
1706749927.51 40260 2149 72 641 631
1706749929.84 40261 2151 97 641 631
1706749933.42 40262 2155 47 641 632
1706749933.77 40263 2155 73 641 493
1706749934.78 40264 2156 65 641 604
1706749945.15 40265 2166 94 641 627
1706749948.79 40266 2170 49 641 606
1706749959.84 40267 2181 47 641 532
1706749972.05 40268 2193 60 641 568
1706749981.18 40269 2202 65 641 631
1706749983.3 40270 2204 68 641 617
1706749991.25 40271 2212 55 640 310
1706749996.79 40272 2218 1 641 614
1706749999.4 40273 2220 54 641 575
1706750001.27 40274 2222 32 641 615
1706750004.19 40275 2225 15 641 626
1706750005.43 40276 2226 30 641 612
1706750005.86 40277 2226 64 641 561
1706750008.11 40278 2228 80 641 615
1706750008.66 40279 2229 26 641 568
1706750019.83 40280 2240 35 641 628
1706750022.99 40281 2243 42 641 628
1706750026.68 40282 2247 2 641 625
1706750040.3 40283 2260 57 641 504
1706750040.83 40284 2261 2 641 569
1706750046.23 40285 2266 33 641 628
1706750046.34 40286 2266 36 641 536
1706750046.79 40287 2266 72 641 565
1706750047.56 40288 2267 41 641 589
1706750073.63 40289 2293 42 641 624
1706750073.99 40290 2293 69 641 557
1706750083.49 40291 2303 11 641 630
1706750087.6 40292 2307 13 641 618
1706750092.86 40293 2312 31 641 573
1706750103.15 40294 2322 52 641 617
1706750125.24 40295 2344 55 641 626
1706750132.58 40296 2351 80 641 598
1706750138.1 40297 2357 24 641 624
1706750139.54 40298 2358 59 641 600
1706750142.59 40299 2361 55 641 616
1706750146.92 40300 2365 79 641 633
1706750147.01 40301 2365 79 640 532
1706750155.03 40302 2373 73 641 506
1706750159.87 40303 2378 49 641 628
1706750171.16 40304 2389 70 641 630
1706750171.27 40305 2389 72 641 535
1706750179.76 40306 2398 13 641 555
1706750185.47 40307 2403 76 641 579
1706750189.63 40308 2407 84 641 617
1706750189.81 40309 2407 93 641 545
1706750193.68 40310 2411 71 641 611
1706750197.22 40311 2415 17 641 629
1706750203.29 40312 2421 16 641 621
1706750214.91 40313 2432 70 641 628
1706750220.14 40314 2437 85 641 626
1706750222.59 40315 2440 21 641 625
1706750223.52 40316 2441 5 641 596
1706750228.95 40317 2446 40 641 629
1706750237.56 40318 2454 94 641 566
1706750238.89 40319 2456 18 641 620
1706750241.04 40320 2458 24 641 620
1706750241.91 40321 2459 2 641 595
1706750246.1 40322 2463 13 641 624
1706750251.62 40323 2468 57 641 609
1706750252.76 40324 2469 62 641 602
1706750255.96 40325 2472 73 641 614
1706750262.1 40326 2478 79 641 534
1706750272.81 40327 2489 41 641 632
1706750279.52 40328 2496 4 641 627
1706750281.76 40329 2498 20 641 623
1706750285.33 40330 2501 69 641 629
1706750290.36 40331 2506 63 641 624
1706750298.0 40332 2514 19 641 624
1706750300.63 40333 2516 74 641 629
1706750302.79 40334 2518 81 641 524
1706750303.5 40335 2519 43 641 547
1706750303.81 40336 2519 65 641 555
1706750317.64 40337 2533 40 641 625
1706750320.14 40338 2535 81 641 619
1706750321.01 40339 2536 59 641 589
1706750322.13 40340 2537 62 641 464
1706750331.59 40341 2547 0 641 629
1706750333.64 40342 2548 97 641 623
1706750340.28 40343 2555 53 641 622
1706750354.32 40344 2569 49 641 587
1706750359.69 40345 2574 78 641 628
1706750359.79 40346 2574 78 640 534
1706750363.11 40347 2578 2 641 541
1706750379.13 40348 2593 97 641 629
1706750396.4 40349 2611 17 641 630
1706750398.17 40350 2612 85 641 595
1706750399.08 40351 2613 66 641 591
1706750407.0 40352 2621 50 641 627
1706750409.79 40353 2624 20 641 561
1706750412.68 40354 2627 0 641 631
1706750420.19 40355 2634 43 641 618
1706750423.5 40356 2637 65 641 630
1706750424.43 40357 2638 50 641 595
1706750426.11 40358 2640 9 641 615
1706750432.04 40359 2645 94 641 621
1706750442.35 40360 2656 17 641 608
1706750446.9 40361 2660 63 641 590
1706750481.96 40362 2695 64 641 624
1706750489.42 40363 2703 2 641 625
1706750492.57 40364 2706 9 641 590
1706750505.81 40365 2719 25 641 625
1706750508.97 40366 2722 33 641 631
1706750516.85 40367 2730 12 641 443
1706750518.47 40368 2731 66 641 627
1706750520.29 40369 2733 39 641 405
1706750523.37 40370 2736 38 641 548
1706750524.76 40371 2737 68 641 617
1706750528.79 40372 2741 63 641 626
1706750529.21 40373 2741 96 641 558
1706750545.28 40374 2757 96 641 621
1706750545.38 40375 2757 96 640 530
1706750548.18 40376 2760 69 641 614
1706750555.34 40377 2767 77 641 614
1706750560.75 40378 2773 10 641 579
1706750569.75 40379 2782 2 641 625
1706750570.34 40380 2782 52 641 569
1706750576.29 40381 2788 39 641 608
1706750576.66 40382 2788 67 641 556
1706750591.69 40383 2803 63 641 597
