1705363212.9 16683 10582 62 641 622
1705363234.67 16684 10604 32 641 561
1705363237.31 16685 10606 87 641 631
1705363238.82 16686 10608 29 641 618
1705363244.88 16687 10614 26 641 623
1705363246.89 16688 10616 17 641 622
1705363252.6 16689 10621 79 641 398
1705363254.83 16690 10623 93 641 555
1705363254.93 16691 10623 93 640 533
1705363261.14 16692 10630 6 641 610
1705363261.8 16693 10630 63 641 572
1705363266.77 16694 10635 51 641 622
1705363267.07 16695 10635 72 641 548
1705363278.36 16696 10646 93 641 627
1705363278.46 16697 10646 93 640 533
1705363279.56 16698 10647 94 641 600
1705363286.96 16699 10655 25 641 631
1705363293.05 16700 10661 26 641 630
1705363304.37 16701 10672 50 641 625
1705363306.57 16702 10674 61 641 616
1705363318.37 16703 10686 33 641 622
1705363323.16 16704 10691 2 641 631
1705363323.4 16705 10691 17 641 544
1705363324.06 16706 10691 74 641 572
1705363325.66 16707 10693 25 641 491
1705363332.98 16708 10700 48 641 494
1705363333.78 16709 10701 19 641 578
1705363338.65 16710 10705 97 641 630
1705363350.55 16711 10717 79 641 629
1705363352.84 16712 10720 0 641 616
1705363365.09 16713 10732 17 641 624
1705363370.33 16714 10737 33 641 633
1705363370.43 16715 10737 33 640 531
1705363373.87 16716 10740 69 641 579
1705363374.6 16717 10741 32 641 575
1705363384.25 16718 10750 90 641 616
1705363391.43 16719 10757 99 641 554
1705363396.38 16720 10762 86 641 610
1705363398.46 16721 10764 84 641 510
1705363399.76 16722 10766 4 641 608
1705363400.54 16723 10766 73 641 575
1705363413.73 16724 10779 84 641 629
1705363434.95 16725 10800 98 641 597
1705363439.26 16726 10805 20 641 618
1705363447.9 16727 10813 75 641 583
1705363452.36 16728 10818 12 641 623
1705363463.59 16729 10829 27 641 587
1705363473.76 16730 10839 36 641 620
1705363475.33 16731 10840 84 641 558
1705363477.32 16732 10842 74 641 636
1705363478.33 16733 10843 65 641 592
1705363485.69 16734 10850 93 641 618
1705363486.38 16735 10851 52 641 573
1705363502.91 16736 10867 97 641 624
1705363508.35 16737 10873 32 641 410
1705363513.96 16738 10878 84 641 629
1705363518.53 16739 10883 33 641 555
1705363520.62 16740 10885 33 641 631
1705363522.16 16741 10886 77 641 621
1705363524.75 16742 10889 27 641 633
1705363537.26 16743 10901 70 641 628
1705363542.56 16744 10906 90 641 577
1705363548.12 16745 10912 38 641 606
1705363551.9 16746 10916 7 641 620
1705363554.09 16747 10918 16 641 634
1705363564.8 16748 10928 79 641 628
1705363573.29 16749 10937 20 641 607
1705363594.8 16750 10958 64 641 625
1705363607.13 16751 10970 88 641 431
1705363607.76 16752 10971 42 641 569
1705363608.22 16753 10971 78 641 462
1705363623.58 16754 10987 7 641 577
1705363634.49 16755 10997 90 641 628
1705363641.89 16756 11005 22 641 633
1705363648.34 16757 11011 58 641 538
1705363663.41 16758 11026 57 641 585
1705363667.44 16759 11030 51 641 629
1705363674.04 16760 11037 2 641 625
1705363685.44 16761 11048 34 641 590
1705363693.26 16762 11056 7 641 628
1705363695.66 16763 11058 39 641 629
1705363695.81 16764 11058 44 641 539
1705363697.84 16765 11060 38 641 572
1705363700.98 16766 11063 43 641 624
1705363709.82 16767 11072 18 641 625
1705363725.91 16768 11088 19 641 620
1705363728.16 16769 11090 35 641 632
1705363733.12 16770 11095 22 641 618
1705363739.21 16771 11101 23 641 627
1705363753.83 16772 11115 77 641 631
1705363757.1 16773 11118 95 641 623
1705363758.09 16774 11119 84 641 590
1705363764.8 16775 11126 46 641 632
1705363767.28 16776 11128 85 641 628
1705363769.34 16777 11130 81 641 625
1705363774.25 16778 11135 63 641 628
1705363776.19 16779 11137 48 641 629
1705363777.41 16780 11138 61 641 605
1705363779.46 16781 11140 56 641 627
1705363792.16 16782 11153 18 641 620
1705363802.43 16783 11163 37 641 619
1705363807.67 16784 11168 51 641 630
1705363814.42 16785 11175 18 641 622
1705363817.16 16786 11177 82 641 463
1705363821.33 16787 11181 91 641 609
1705363829.6 16788 11190 9 641 520
1705363848.31 16789 11208 73 641 623
1705363855.06 16790 11215 39 641 623
1705363858.32 16791 11218 56 641 626
1705363859.47 16792 11219 62 641 603
1705363878.0 16793 11238 8 641 596
1705363879.35 16794 11239 34 641 611
1705363885.9 16795 11245 81 641 602
1705363887.31 16796 11247 12 641 611
1705363900.06 16797 11259 79 641 620
1705363904.9 16798 11264 54 641 617
1705363908.11 16799 11267 66 641 611
1705363908.77 16800 11268 22 641 571
1705363910.9 16801 11270 26 641 583
1705363917.87 16802 11277 14 641 624
1705363924.25 16803 11283 44 641 626
1705363926.98 16804 11286 8 641 582
1705363934.23 16805 11293 25 641 626
1705363936.86 16806 11295 78 641 614
1705363944.05 16807 11302 89 641 620
1705363947.29 16808 11306 4 641 620
1705363951.7 16809 11310 37 641 590
1705363959.59 16810 11318 17 641 624
1705363961.73 16811 11320 23 641 622
1705363972.14 16812 11330 56 641 630
1705363972.72 16813 11331 5 641 496
1705363994.02 16814 11352 28 641 628
1705363994.28 16815 11352 45 641 546
1705364001.08 16816 11359 16 641 537
1705364003.29 16817 11361 28 641 556
1705364003.61 16818 11361 51 641 550
1705364011.55 16819 11369 36 641 626
1705364033.09 16820 11390 83 641 405
1705364038.77 16821 11396 42 641 624
1705364051.77 16822 11409 34 641 597
1705364055.36 16823 11412 83 641 602
1705364068.0 16824 11425 39 641 626
1705364079.45 16825 11436 76 641 621
1705364081.93 16826 11439 14 641 628
1705364102.83 16827 11459 96 641 631
1705364110.9 16828 11467 96 641 503
1705364114.4 16829 11471 36 641 624
1705364114.5 16830 11471 37 640 529
1705364122.81 16831 11479 59 641 622
1705364127.54 16832 11484 24 641 622
1705364127.64 16833 11484 24 640 529
1705364138.8 16834 11495 33 641 624
1705364145.85 16835 11502 29 641 588
1705364145.95 16836 11502 29 640 529
1705364150.26 16837 11506 52 641 620
1705364155.46 16838 11511 64 641 629
1705364157.56 16839 11513 65 641 620
1705364158.7 16840 11514 70 641 531
1705364160.2 16841 11516 11 641 620
1705364161.48 16842 11517 29 641 587
1705364168.14 16843 11523 86 641 619
1705364172.62 16844 11528 26 641 629
1705364176.89 16845 11532 44 641 617
1705364190.02 16846 11545 48 641 627
1705364191.52 16847 11546 89 641 618
1705364209.91 16848 11565 20 641 626
1705364211.47 16849 11566 67 641 621
1705364213.96 16850 11569 7 641 620
1705364237.33 16851 11592 38 641 628
1705364237.43 16852 11592 39 641 532
1705364238.92 16853 11593 79 641 513
1705364241.53 16854 11596 31 641 628
1705364243.37 16855 11598 6 641 511
1705364244.22 16856 11598 82 641 583
1705364246.63 16857 11601 14 641 565
1705364250.41 16858 11604 83 641 617
1705364252.85 16859 11607 18 641 627
1705364253.37 16860 11607 60 641 499
1705364256.04 16861 11610 18 641 622
1705364259.05 16862 11613 11 641 630
1705364260.04 16863 11614 0 641 590
1705364260.18 16864 11614 6 641 539
1705364264.83 16865 11618 62 641 570
1705364271.08 16866 11624 79 641 627
1705364281.86 16867 11635 48 641 628
1705364288.62 16868 11642 16 641 534
1705364294.32 16869 11647 77 641 632
1705364309.62 16870 11663 0 641 623
1705364330.18 16871 11683 49 641 631
1705364336.38 16872 11689 60 641 624
1705364337.84 16873 11690 97 641 615
1705364346.12 16874 11699 16 641 557
1705364357.9 16875 11710 85 641 622
1705364362.2 16876 11715 7 641 604
1705364368.68 16877 11721 47 641 594
1705364385.84 16878 11738 55 641 604
1705364386.3 16879 11738 92 641 544
1705364389.95 16880 11742 48 641 624
1705364397.46 16881 11749 90 641 626
1705364406.17 16882 11758 53 641 618
1705364409.02 16883 11761 29 641 513
1705364423.61 16884 11775 80 641 621
1705364423.71 16885 11775 80 640 531
1705364424.04 16886 11776 5 641 465
1705364428.43 16887 11780 35 641 626
1705364429.06 16888 11780 89 641 569
1705364432.35 16889 11784 9 641 611
1705364436.74 16890 11788 39 641 624
1705364445.3 16891 11796 86 641 624
1705364446.67 16892 11798 14 641 611
1705364459.13 16893 11810 51 641 535
1705364464.87 16894 11816 17 641 621
1705364465.59 16895 11816 79 641 574
1705364483.49 16896 11834 62 641 585
1705364494.21 16897 11845 25 641 624
1705364498.47 16898 11849 43 641 627
1705364499.6 16899 11850 47 641 596
1705364508.69 16900 11859 47 641 625
1705364513.17 16901 11863 86 641 627
1705364528.28 16902 11878 89 641 625
1705364528.9 16903 11879 42 641 565
1705364530.8 16904 11881 23 641 614
1705364550.53 16905 11900 88 641 627
1705364551.71 16906 11901 97 641 598
1705364558.79 16907 11908 96 641 629
1705364564.4 16908 11914 48 641 630
1705364568.31 16909 11918 29 641 633
1705364571.19 16910 11921 8 641 615
1705364578.84 16911 11928 65 641 579
1705364586.89 16912 11936 62 641 626
1705364590.45 16913 11940 9 641 619
1705364597.27 16914 11946 82 641 612
1705364603.22 16915 11952 68 641 636
1705364604.29 16916 11953 66 641 594
1705364606.96 16917 11956 24 641 588
1705364611.49 16918 11960 68 641 623
1705364616.36 16919 11965 46 641 611
1705364617.1 16920 11966 10 641 577
1705364617.65 16921 11966 55 641 568
1705364632.8 16922 11981 64 641 623
1705364636.91 16923 11985 65 641 628
1705364640.45 16924 11989 10 641 614
1705364645.01 16925 11993 58 641 526
1705364647.1 16926 11995 57 641 616
1705364647.35 16927 11995 74 641 544
1705364648.5 16928 11996 80 641 599
1705364652.06 16929 12000 26 641 628
1705364655.3 16930 12003 41 641 629
1705364661.94 16931 12009 97 641 609
1705364663.55 16932 12011 49 641 626
1705364671.28 16933 12019 14 641 620
1705364671.88 16934 12019 64 641 569
1705364673.67 16935 12021 34 641 611
1705364683.36 16936 12030 94 641 604
1705364694.35 16937 12041 85 641 614
1705364695.64 16938 12043 5 641 553
1705364699.25 16939 12046 57 641 624
1705364700.78 16940 12048 1 641 563
1705364700.87 16941 12048 1 640 531
1705364701.8 16942 12048 86 641 485
1705364705.7 16943 12052 66 641 619
1705364711.15 16944 12058 3 641 494
1705364719.25 16945 12066 4 641 627
1705364738.19 16946 12084 91 641 622
1705364744.54 16947 12091 18 641 622
1705364750.76 16948 12097 31 641 626
1705364758.26 16949 12104 73 641 577
1705364759.45 16950 12105 83 641 601
1705364766.91 16951 12113 20 641 622
1705364780.32 16952 12126 54 641 627
1705364786.54 16953 12132 67 641 624
1705364788.67 16954 12134 71 641 614
1705364790.14 16955 12136 9 641 617
1705364791.68 16956 12137 54 641 599
1705364794.15 16957 12139 92 641 620
1705364803.79 16958 12149 48 641 619
1705364805.66 16959 12151 25 641 638
1705364807.62 16960 12153 11 641 595
1705364815.03 16961 12160 44 641 630
1705364819.87 16962 12165 19 641 622
1705364826.34 16963 12171 58 641 556
1705364840.34 16964 12185 49 641 629
1705364842.66 16965 12187 72 641 618
1705364845.21 16966 12190 18 641 591
1705364850.49 16967 12195 38 641 604
1705364851.7 16968 12196 49 641 602
1705364855.57 16969 12200 28 641 633
1705364858.22 16970 12202 84 641 543
1705364861.98 16971 12206 51 641 631
1705364867.26 16972 12211 70 641 628
1705364869.42 16973 12213 77 641 620
1705364876.89 16974 12221 15 641 503
1705364878.89 16975 12223 5 641 613
1705364881.95 16976 12226 4 641 626
1705364888.72 16977 12232 72 641 632
1705364893.21 16978 12237 13 641 619
1705364897.33 16979 12241 15 641 629
1705364908.0 16980 12251 74 641 627
1705364912.04 16981 12255 69 641 615
1705364916.54 16982 12260 10 641 616
1705364927.33 16983 12270 81 641 602
1705364933.8 16984 12277 19 641 630
1705364947.24 16985 12290 55 641 628
1705364951.06 16986 12294 28 641 622
1705364952.94 16987 12296 7 641 626
1705364953.36 16988 12296 40 641 504
1705364957.72 16989 12300 67 641 613
1705364957.99 16990 12300 85 641 546
1705364965.79 16991 12308 56 641 621
1705364974.85 16992 12317 54 641 624
1705364979.55 16993 12322 15 641 627
1705364985.73 16994 12328 24 641 632
1705364989.66 16995 12332 8 641 624
1705364990.76 16996 12333 9 641 593
1705364995.07 16997 12337 31 641 623
1705364995.91 16998 12338 6 641 582
1705364996.44 16999 12338 49 641 566
1705364998.48 17000 12340 43 641 628
1705365009.95 17001 12351 82 641 572
1705365013.89 17002 12355 67 641 598
1705365015.7 17003 12357 39 641 632
1705365022.76 17004 12364 36 641 616
1705365029.68 17005 12371 19 641 627
1705365030.55 17006 12371 97 641 582
1705365031.83 17007 12373 15 641 604
1705365051.26 17008 12392 51 641 611
1705365073.96 17009 12415 14 641 624
1705365074.74 17010 12415 82 641 578
1705365098.99 17011 12440 1 641 620
1705365100.47 17012 12441 39 641 615
1705365103.21 17013 12444 4 641 624
1705365103.3 17014 12444 4 640 529
1705365109.58 17015 12450 24 641 632
1705365109.9 17016 12450 47 641 552
1705365111.29 17017 12451 76 641 490
1705365113.48 17018 12453 85 641 629
1705365113.58 17019 12453 86 640 531
1705365124.15 17020 12464 36 641 608
1705365125.83 17021 12465 95 641 629
1705365136.25 17022 12476 28 641 523
1705365136.55 17023 12476 49 641 553
1705365144.28 17024 12484 13 641 586
1705365151.09 17025 12490 86 641 623
1705365161.81 17026 12501 49 641 628
1705365165.04 17027 12504 64 641 601
1705365174.25 17028 12513 76 641 624
1705365178.48 17029 12517 90 641 629
1705365190.97 17030 12530 32 641 578
1705365191.1 17031 12530 35 641 537
1705365201.88 17032 12541 5 641 584
1705365211.91 17033 12551 0 641 629
1705365213.33 17034 12552 33 641 616
1705365220.44 17035 12559 36 641 628
1705365231.26 17036 12570 9 641 627
1705365237.07 17037 12575 82 641 624
1705365239.0 17038 12577 66 641 513
1705365256.28 17039 12594 86 641 625
1705365257.29 17040 12595 77 641 580
1705365260.94 17041 12599 33 641 566
1705365262.36 17042 12600 66 641 612
1705365264.69 17043 12602 90 641 503
1705365270.72 17044 12608 84 641 617
1705365272.44 17045 12610 47 641 614
1705365275.37 17046 12613 31 641 618
1705365275.67 17047 12613 51 641 548
1705365277.22 17048 12614 97 641 624
1705365285.62 17049 12623 28 641 625
1705365294.73 17050 12632 30 641 599
1705365294.89 17051 12632 37 641 359
1705365296.37 17052 12633 76 641 622
1705365302.36 17053 12639 67 641 619
1705365305.95 17054 12643 16 641 627
1705365314.74 17055 12651 86 641 629
1705365324.68 17056 12661 72 641 617
1705365339.75 17057 12676 71 641 624
1705365343.97 17058 12680 84 641 622
1705365354.99 17059 12691 77 641 629
1705365357.59 17060 12694 28 641 615
1705365359.77 17061 12696 37 641 624
1705365372.98 17062 12709 49 641 594
1705365375.85 17063 12712 28 641 575
1705365379.94 17064 12716 28 641 616
1705365392.06 17065 12728 32 641 585
1705365393.16 17066 12729 33 641 598
1705365394.12 17067 12730 20 641 590
1705365402.83 17068 12738 83 641 624
1705365404.8 17069 12740 70 641 620
1705365408.21 17070 12744 2 641 489
1705365412.92 17071 12748 64 641 622
1705365417.89 17072 12753 52 641 633
1705365426.36 17073 12761 90 641 629
1705365433.38 17074 12768 83 641 623
1705365437.46 17075 12772 82 641 627
1705365441.01 17076 12776 28 641 587
1705365443.33 17077 12778 51 641 627
1705365450.77 17078 12785 86 641 624
1705365453.57 17079 12788 58 641 600
1705365458.99 17080 12793 90 641 591
1705365467.18 17081 12802 1 641 596
