1707609604.3 37484 23638 9 641 620
1707609604.56 37485 23638 25 641 551
1707609605.69 37486 23639 29 641 628
1707609606.36 37487 23639 86 641 590
1707609622.06 37488 23655 49 641 533
1707609622.85 37489 23656 19 641 597
1707609630.1 37490 23663 36 641 606
1707609631.3 37491 23664 46 641 591
1707609635.39 37492 23668 47 641 615
1707609640.25 37493 23673 23 641 628
1707609641.86 37494 23674 75 641 625
1707609647.28 37495 23680 8 641 625
1707609650.77 37496 23683 48 641 617
1707609658.03 37497 23690 65 641 630
1707609665.86 37498 23698 40 641 631
1707609668.64 37499 23701 8 641 488
1707609682.67 37500 23715 4 641 618
1707609688.32 37501 23720 60 640 339
1707609694.17 37502 23726 36 641 628
1707609694.84 37503 23726 93 641 591
1707609710.07 37504 23742 8 641 566
1707609718.74 37505 23750 67 641 615
1707609736.3 37506 23768 16 641 626
1707609753.66 37507 23785 44 641 591
1707609754.3 37508 23785 99 641 584
1707609754.96 37509 23786 56 641 587
1707609758.46 37510 23789 96 641 619
1707609765.5 37511 23796 92 641 588
1707609774.84 37512 23806 17 641 615
1707609785.57 37513 23816 82 641 626
1707609792.87 37514 23824 3 641 630
1707609798.06 37515 23829 13 641 472
1707609801.28 37516 23832 26 641 620
1707609809.05 37517 23839 94 641 622
1707609822.21 37518 23853 3 641 617
1707609824.13 37519 23854 86 641 626
1707609839.87 37520 23870 52 641 623
1707609851.33 37521 23881 90 641 623
1707609853.34 37522 23883 82 641 624
1707609853.72 37523 23884 11 641 566
1707609858.91 37524 23889 20 641 616
1707609868.21 37525 23898 43 641 629
1707609871.84 37526 23901 97 641 566
1707609893.22 37527 23923 28 641 622
1707609897.86 37528 23927 83 641 628
1707609899.1 37529 23928 97 641 605
1707609905.85 37530 23935 63 641 629
1707609915.36 37531 23945 6 641 623
1707609920.72 37532 23950 33 641 609
1707609934.39 37533 23963 92 641 538
1707609945.01 37534 23974 46 641 543
1707609949.14 37535 23978 50 641 615
1707609952.85 37536 23982 12 641 616
1707609959.37 37537 23988 55 641 533
1707609961.54 37538 23990 64 641 591
1707609967.86 37539 23996 87 641 627
1707609975.6 37540 24004 52 641 612
1707609977.11 37541 24005 94 640 402
1707609983.07 37542 24011 81 641 624
1707609987.82 37543 24016 47 641 632
1707609994.41 37544 24022 98 641 622
1707610004.34 37545 24032 82 641 623
1707610008.94 37546 24037 33 641 620
1707610020.41 37547 24048 71 641 618
1707610023.16 37548 24051 37 641 535
1707610024.31 37549 24052 43 641 608
1707610027.92 37550 24055 95 641 624
1707610028.23 37551 24056 17 641 560
1707610031.18 37552 24059 3 641 628
1707610032.07 37553 24059 83 641 609
1707610033.7 37554 24061 37 641 614
1707610034.12 37555 24061 69 641 568
1707610034.27 37556 24061 75 641 543
1707610041.98 37557 24069 37 641 571
1707610046.3 37558 24073 60 641 572
1707610048.03 37559 24075 23 641 624
1707610050.49 37560 24077 60 641 618
1707610063.31 37561 24090 34 641 634
1707610068.31 37562 24095 25 641 633
1707610072.56 37563 24099 41 641 630
1707610073.2 37564 24099 95 641 584
1707610076.07 37565 24102 73 641 632
1707610085.83 37566 24112 40 641 615
1707610095.31 37567 24121 80 641 614
1707610099.28 37568 24125 68 641 628
1707610105.07 37569 24131 38 641 583
1707610114.45 37570 24140 68 641 626
1707610118.13 37571 24144 27 641 588
1707610121.97 37572 24148 3 641 622
1707610131.1 37573 24157 7 641 519
1707610147.01 37574 24172 90 641 631
1707610157.18 37575 24183 0 641 602
1707610160.42 37576 24186 15 641 626
1707610164.13 37577 24189 78 641 583
1707610167.51 37578 24193 7 641 608
1707610169.07 37579 24194 53 641 628
1707610170.15 37580 24195 53 641 624
1707610177.01 37581 24202 29 641 622
1707610188.68 37582 24213 88 641 595
1707610192.94 37583 24218 5 641 516
1707610202.36 37584 24227 39 641 621
1707610204.98 37585 24229 92 641 616
1707610211.86 37586 24236 71 641 527
1707610214.99 37587 24239 74 641 626
1707610217.85 37588 24242 53 641 568
1707610229.83 37589 24254 43 641 631
1707610249.69 37590 24274 21 641 628
1707610253.94 37591 24278 37 641 623
1707610264.5 37592 24288 85 641 550
1707610276.22 37593 24300 49 641 620
1707610279.8 37594 24303 98 641 443
1707610282.33 37595 24306 42 641 614
1707610286.42 37596 24310 42 641 614
1707610289.25 37597 24313 16 641 573
1707610295.35 37598 24319 18 641 627
1707610305.83 37599 24329 58 641 632
1707610309.55 37600 24333 20 641 451
1707610332.81 37601 24356 40 641 632
1707610335.85 37602 24359 34 641 528
1707610336.42 37603 24359 82 641 579
1707610343.95 37604 24367 26 641 630
1707610354.62 37605 24377 85 641 617
1707610357.34 37606 24380 47 641 623
1707610377.56 37607 24400 62 641 626
1707610384.27 37608 24407 23 641 622
1707610396.59 37609 24419 47 641 627
1707610407.68 37610 24430 48 641 433
1707610407.87 37611 24430 57 641 543
1707610414.72 37612 24437 34 641 574
1707610419.68 37613 24442 21 641 591
1707610442.0 37614 24464 45 641 627
1707610463.13 37615 24485 52 641 624
1707610465.69 37616 24487 99 641 596
1707610466.88 37617 24489 9 641 612
1707610480.37 37618 24502 49 641 497
1707610485.33 37619 24507 36 641 630
1707610488.32 37620 24510 26 641 620
1707610521.63 37621 24543 51 641 621
1707610527.8 37622 24549 60 641 565
1707610532.01 37623 24553 72 641 616
1707610540.82 37624 24562 44 641 623
1707610550.44 37625 24571 98 641 625
1707610570.62 37626 24592 8 641 626
1707610586.41 37627 24607 80 641 580
1707610608.32 37628 24629 64 641 528
1707610636.32 37629 24657 58 641 624
1707610636.56 37630 24657 72 641 551
1707610642.43 37631 24663 51 641 627
1707610642.95 37632 24663 94 641 576
1707610650.98 37633 24671 88 641 613
1707610674.14 37634 24694 97 641 524
1707610677.63 37635 24698 37 641 624
1707610680.84 37636 24701 49 641 600
1707610694.75 37637 24715 32 641 630
1707610713.82 37638 24734 31 641 524
1707610725.7 37639 24746 12 641 628
1707610729.67 37640 24750 0 641 616
1707610742.41 37641 24762 66 641 624
1707610749.52 37642 24769 69 641 623
1707610750.73 37643 24770 80 641 629
1707610759.01 37644 24779 1 641 604
1707610781.71 37645 24801 63 641 616
1707610785.11 37646 24804 95 641 625
1707610789.05 37647 24808 80 641 631
1707610797.48 37648 24817 15 641 630
1707610798.57 37649 24818 15 641 452
1707610801.32 37650 24820 81 641 621
1707610813.99 37651 24833 39 641 460
1707610821.36 37652 24840 69 641 628
1707610822.06 37653 24841 30 641 588
1707610831.39 37654 24850 54 641 580
1707610834.38 37655 24853 45 641 619
1707610835.88 37656 24854 86 641 629
1707610842.63 37657 24861 53 641 497
1707610843.56 37658 24862 36 641 611
1707610853.63 37659 24872 35 641 614
1707610854.91 37660 24873 54 641 634
1707610855.39 37661 24873 93 641 441
1707610869.78 37662 24888 24 641 561
1707610880.25 37663 24898 62 641 626
1707610888.57 37664 24906 85 641 565
1707610908.17 37665 24926 38 641 604
1707610916.73 37666 24934 86 641 584
1707610928.58 37667 24946 62 641 627
1707610929.57 37668 24947 52 641 582
1707610930.39 37669 24948 25 641 603
1707610943.28 37670 24961 6 641 628
1707610948.0 37671 24965 70 641 627
1707610950.08 37672 24967 68 641 624
1707610954.77 37673 24972 29 641 625
1707610957.16 37674 24974 58 641 627
1707610962.43 37675 24979 77 641 575
1707610969.12 37676 24986 37 641 627
1707610976.74 37677 24993 91 641 619
1707610996.46 37678 25013 56 641 627
1707611002.58 37679 25019 58 641 622
1707611004.77 37680 25021 68 641 619
1707611006.07 37681 25022 89 641 606
1707611008.8 37682 25025 53 641 628
1707611008.95 37683 25025 58 641 541
1707611026.29 37684 25042 85 641 548
1707611036.51 37685 25052 98 641 485
1707611049.43 37686 25065 82 641 521
1707611052.87 37687 25069 17 641 610
1707611061.27 37688 25077 49 641 529
1707611063.28 37689 25079 41 641 628
1707611064.78 37690 25080 82 641 630
1707611072.15 37691 25088 10 641 623
1707611082.48 37692 25098 35 641 620
1707611090.63 37693 25106 42 641 576
1707611092.74 37694 25108 44 641 620
1707611093.93 37695 25109 53 641 614
1707611112.31 37696 25127 83 641 624
1707611112.5 37697 25127 93 641 476
1707611115.99 37698 25131 32 641 601
1707611120.08 37699 25135 32 641 625
1707611134.27 37700 25149 43 641 548
1707611143.97 37701 25159 5 641 623
1707611145.65 37702 25160 63 641 627
1707611151.76 37703 25166 65 641 612
1707611163.93 37704 25178 75 641 622
1707611188.69 37705 25203 44 641 619
1707611196.54 37706 25211 21 641 633
1707611199.21 37707 25213 78 641 623
1707611202.57 37708 25217 5 641 628
1707611222.81 37709 25237 22 641 620
1707611238.03 37710 25252 36 641 624
1707611263.83 37711 25278 9 641 613
1707611275.21 37712 25289 39 641 621
1707611275.91 37713 25289 99 641 588
1707611282.44 37714 25296 44 641 568
1707611284.03 37715 25297 94 641 619
1707611293.31 37716 25307 13 641 593
1707611294.79 37717 25308 52 642 627
1707611294.89 37718 25308 52 639 537
1707611295.64 37719 25309 19 641 553
1707611312.05 37720 25325 52 641 579
1707611316.82 37721 25330 20 641 626
1707611343.37 37722 25356 68 641 473
1707611360.06 37723 25373 29 641 627
1707611367.83 37724 25380 97 641 502
1707611374.27 37725 25387 33 641 534
1707611389.68 37726 25402 67 641 531
1707611396.77 37727 25409 67 641 630
1707611400.48 37728 25413 29 641 627
1707611402.79 37729 25415 50 641 625
1707611404.78 37730 25417 40 641 624
1707611413.25 37731 25425 79 641 445
1707611416.41 37732 25428 86 641 559
1707611432.62 37733 25445 0 641 626
1707611439.27 37734 25451 56 641 517
1707611441.25 37735 25453 45 641 614
1707611453.32 37736 25465 45 641 635
1707611455.72 37737 25467 75 641 555
1707611464.82 37738 25476 77 641 602
1707611465.1 37739 25476 95 641 554
1707611480.29 37740 25492 7 641 620
1707611498.15 37741 25509 86 641 544
1707611510.08 37742 25521 70 641 595
1707611511.02 37743 25522 55 641 549
1707611511.97 37744 25523 40 641 614
1707611525.94 37745 25537 30 641 629
1707611553.65 37746 25564 94 641 616
1707611559.71 37747 25570 91 641 611
1707611559.92 37748 25571 3 641 548
1707611569.08 37749 25580 11 641 626
1707611571.07 37750 25582 1 641 620
1707611572.77 37751 25583 62 641 621
1707611575.94 37752 25586 70 641 600
1707611584.0 37753 25594 68 641 620
1707611599.48 37754 25610 8 641 620
1707611617.05 37755 25627 58 641 620
1707611618.38 37756 25628 82 641 629
1707611619.61 37757 25629 95 641 585
1707611651.55 37758 25661 83 641 627
1707611657.9 37759 25668 9 641 613
1707611673.36 37760 25683 47 641 623
1707611676.04 37761 25686 7 641 621
1707611676.28 37762 25686 22 641 553
1707611681.54 37763 25691 39 641 620
1707611681.91 37764 25691 67 641 561
1707611693.77 37765 25703 45 641 612
1707611694.38 37766 25703 96 641 586
1707611694.57 37767 25704 6 641 543
1707611702.0 37768 25711 41 641 627
1707611703.96 37769 25713 28 641 610
1707611721.69 37770 25730 94 641 629
1707611724.43 37771 25733 58 641 504
1707611743.53 37772 25752 61 641 623
1707611749.22 37773 25758 21 641 499
1707611777.74 37774 25786 67 641 635
1707611780.5 37775 25789 33 641 616
1707611800.57 37776 25809 33 641 524
1707611808.56 37777 25817 24 641 630
1707611812.78 37778 25821 37 641 626
1707611836.29 37779 25844 81 641 632
1707611837.12 37780 25845 55 641 479
1707611839.23 37781 25847 57 641 604
1707611846.45 37782 25854 71 641 604
1707611859.44 37783 25867 62 641 626
1707611874.28 37784 25882 38 641 628
1707611896.09 37785 25904 12 641 611
1707611897.85 37786 25905 79 641 550
1707611904.44 37787 25912 29 641 633
1707611908.22 37788 25915 98 641 608
1707611908.32 37789 25915 98 640 532
1707611922.41 37790 25930 0 641 612
1707611926.52 37791 25934 3 641 621
1707611943.18 37792 25950 61 641 624
1707611944.12 37793 25951 47 641 552
1707611947.55 37794 25954 80 641 563
1707611950.87 37795 25958 3 641 603
1707611981.2 37796 25988 30 641 625
1707611983.01 37797 25990 2 641 620
1707611983.38 37798 25990 30 641 547
1707612002.99 37799 26009 85 641 568
1707612020.61 37800 26027 39 641 627
1707612029.69 37801 26036 38 641 628
1707612053.51 37802 26060 12 641 625
1707612056.24 37803 26062 76 641 616
1707612056.89 37804 26063 32 641 586
1707612075.81 37805 26082 17 641 624
1707612088.24 37806 26094 52 641 622
1707612092.4 37807 26098 59 641 630
1707612098.56 37808 26104 66 641 625
1707612098.72 37809 26104 72 641 542
1707612104.17 37810 26110 9 641 626
1707612113.39 37811 26119 22 641 561
1707612116.71 37812 26122 45 641 546
1707612118.36 37813 26124 1 641 625
1707612126.66 37814 26132 23 641 587
1707612133.79 37815 26139 27 641 616
1707612134.31 37816 26139 69 641 578
1707612139.01 37817 26144 30 641 636
1707612150.06 37818 26155 27 641 558
1707612150.35 37819 26155 46 641 556
1707612155.55 37820 26160 57 641 593
1707612199.22 37821 26204 20 641 611
1707612199.68 37822 26204 56 641 575
1707612212.09 37823 26216 89 641 627
1707612214.54 37824 26219 24 641 625
1707612216.77 37825 26221 38 641 609
1707612230.42 37826 26234 95 641 627
1707612235.34 37827 26239 78 641 627
1707612236.09 37828 26240 45 641 595
1707612242.33 37829 26246 59 641 617
1707612260.29 37830 26264 48 641 623
1707612262.25 37831 26266 35 641 627
1707612285.63 37832 26289 66 641 631
1707612316.44 37833 26320 41 641 632
1707612323.11 37834 26327 0 641 632
1707612326.81 37835 26330 61 641 622
1707612339.36 37836 26343 8 641 572
1707612352.09 37837 26355 73 641 571
1707612369.9 37838 26373 47 641 621
1707612381.47 37839 26384 95 641 613
1707612393.0 37840 26396 40 641 622
1707612397.07 37841 26400 38 641 529
1707612398.43 37842 26401 64 641 617
1707612398.67 37843 26401 79 641 552
1707612417.93 37844 26420 97 641 600
1707612418.85 37845 26421 80 641 444
1707612419.2 37846 26422 5 641 562
1707612424.72 37847 26427 49 641 630
1707612429.05 37848 26431 72 641 638
1707612429.41 37849 26431 99 641 563
1707612447.84 37850 26450 34 641 632
1707612452.19 37851 26454 60 641 627
1707612464.38 37852 26466 71 641 572
1707612465.98 37853 26468 21 641 612
1707612480.5 37854 26482 65 641 626
1707612486.79 37855 26488 86 641 625
1707612487.4 37856 26489 37 641 584
1707612490.25 37857 26492 13 641 622
1707612502.08 37858 26503 88 641 617
1707612508.41 37859 26510 13 641 627
1707612522.98 37860 26524 62 641 626
1707612527.77 37861 26529 33 641 615
1707612530.97 37862 26532 43 641 458
1707612539.43 37863 26540 81 641 384
1707612540.41 37864 26541 70 641 616
1707612541.02 37865 26542 21 641 586
1707612544.44 37866 26545 55 641 628
1707612563.42 37867 26564 45 641 626
1707612564.62 37868 26565 56 641 528
1707612600.57 37869 26601 45 641 607
1707612608.02 37870 26608 82 641 616
1707612614.68 37871 26615 39 641 621
1707612622.1 37872 26622 72 641 608
1707612637.78 37873 26638 33 641 624
1707612648.92 37874 26649 39 641 583
1707612657.35 37875 26657 74 641 628
1707612666.58 37876 26666 88 641 623
1707612675.78 37877 26675 99 641 632
1707612700.68 37878 26700 83 641 625
1707612701.89 37879 26701 95 641 612
1707612711.89 37880 26711 86 641 610
1707612719.45 37881 26719 33 641 586
1707612719.77 37882 26719 56 641 561
1707612722.26 37883 26721 96 641 561
1707612769.47 37884 26769 13 641 626
1707612775.92 37885 26775 49 641 628
1707612785.51 37886 26785 0 641 579
1707612790.76 37887 26790 16 641 629
1707612792.62 37888 26791 93 641 624
1707612805.44 37889 26804 67 641 614
1707612813.63 37890 26812 78 641 617
1707612816.07 37891 26815 13 641 466
1707612824.02 37892 26823 0 641 595
1707612827.26 37893 26826 15 641 619
1707612841.53 37894 26840 35 641 613
1707612856.78 37895 26855 52 641 627
1707612860.75 37896 26859 40 641 630
1707612866.75 37897 26865 32 641 625
1707612868.64 37898 26867 12 641 630
1707612876.38 37899 26874 77 641 624
1707612881.84 37900 26880 14 641 626
1707612885.95 37901 26884 16 641 630
1707612893.56 37902 26891 69 641 630
1707612907.77 37903 26905 82 641 628
1707612908.32 37904 26906 28 641 511
1707612912.97 37905 26910 83 641 627
1707612919.49 37906 26917 28 641 629
1707612934.73 37907 26932 44 641 626
1707612936.68 37908 26934 30 641 624
1707612941.07 37909 26938 59 641 615
1707612945.75 37910 26943 18 641 627
1707612948.55 37911 26945 90 641 621
1707612960.04 37912 26957 30 641 623
1707612960.64 37913 26957 80 641 582
1707612962.03 37914 26959 10 641 628
1707612962.13 37915 26959 10 640 531
1707612968.7 37916 26965 58 641 627
1707612970.63 37917 26967 43 641 561
1707612972.5 37918 26969 21 641 627
1707612975.39 37919 26972 1 641 620
1707612980.38 37920 26976 91 641 588
1707612998.1 37921 26994 56 641 627
1707613005.14 37922 27001 51 641 620
1707613020.71 37923 27017 0 641 630
1707613033.93 37924 27030 14 641 624
1707613058.94 37925 27055 9 641 627
1707613087.6 37926 27083 68 641 575
1707613089.21 37927 27085 20 641 633
1707613090.68 37928 27086 57 641 624
1707613092.04 37929 27087 84 641 609
1707613105.28 37930 27101 1 641 622
1707613115.02 37931 27110 66 641 598
1707613115.8 37932 27111 35 641 453
1707613124.22 37933 27119 68 641 595
1707613144.31 37934 27139 70 641 627
1707613162.76 37935 27158 7 641 629
1707613163.19 37936 27158 41 641 568
1707613176.24 37937 27171 37 641 607
1707613177.06 37938 27172 10 641 604
1707613184.53 37939 27179 49 641 622
1707613191.45 37940 27186 32 641 611
1707613194.66 37941 27189 43 641 534
1707613204.2 37942 27198 89 641 615
1707613207.7 37943 27202 30 641 621
1707613210.75 37944 27205 26 641 611
1707613210.88 37945 27205 29 641 537
1707613212.72 37946 27207 4 641 620
1707613218.37 37947 27212 61 641 627
1707613224.78 37948 27218 93 641 629
1707613249.34 37949 27243 42 641 632
1707613270.45 37950 27264 46 641 636
1707613275.54 37951 27269 46 641 627
1707613283.33 37952 27277 16 641 626
1707613285.32 37953 27279 7 641 630
1707613285.74 37954 27279 39 641 568
1707613288.97 37955 27282 53 641 625
1707613296.87 37956 27290 34 641 634
1707613297.03 37957 27290 40 641 542
1707613316.18 37958 27309 47 641 622
1707613317.44 37959 27310 64 641 637
1707613323.02 37960 27316 13 641 627
1707613326.52 37961 27319 55 641 624
1707613339.13 37962 27332 7 641 627
1707613339.74 37963 27332 59 641 538
1707613347.86 37964 27340 63 641 630
1707613392.69 37965 27385 41 641 627
1707613404.29 37966 27396 93 641 521
1707613409.71 37967 27402 26 641 601
1707613414.59 37968 27407 6 641 623
1707613431.27 37969 27423 67 641 625
1707613433.02 37970 27425 32 641 623
1707613435.41 37971 27427 63 641 615
1707613444.64 37972 27436 77 641 538
1707613449.05 37973 27441 9 641 597
1707613452.85 37974 27444 81 641 631
1707613464.1 37975 27455 98 641 615
1707613469.64 37976 27461 43 641 625
1707613470.05 37977 27461 74 641 564
1707613470.15 37978 27461 74 640 534
1707613480.12 37979 27471 63 641 625
1707613486.63 37980 27478 6 641 620
1707613500.63 37981 27491 98 641 522
1707613501.52 37982 27492 78 641 606
1707613503.88 37983 27495 5 641 617
1707613546.1 37984 27537 23 641 629
1707613552.04 37985 27543 7 641 621
1707613552.37 37986 27543 31 641 560
1707613569.37 37987 27560 24 641 630
1707613581.79 37988 27572 57 641 627
1707613598.91 37989 27589 62 641 548
1707613604.22 37990 27594 83 641 612
1707613605.87 37991 27596 40 641 592
1707613609.97 37992 27600 42 641 615
1707613615.59 37993 27605 95 641 618
1707613617.61 37994 27607 87 641 628
1707613618.78 37995 27608 95 641 631
1707613621.4 37996 27611 48 641 622
1707613626.57 37997 27616 57 641 503
1707613657.93 37998 27647 87 641 615
1707613666.06 37999 27655 91 641 629
1707613680.33 38000 27670 10 641 625
1707613680.57 38001 27670 25 641 553
1707613687.72 38002 27677 31 641 549
1707613687.93 38003 27677 42 641 544
1707613692.07 38004 27681 48 641 608
1707613696.27 38005 27685 60 641 625
1707613704.97 38006 27694 22 641 620
1707613705.08 38007 27694 24 641 540
1707613712.09 38008 27701 15 641 611
1707613724.9 38009 27713 89 641 633
1707613741.42 38010 27730 33 641 620
1707613747.05 38011 27735 87 641 632
1707613753.72 38012 27742 46 641 591
1707613763.77 38013 27752 42 641 630
1707613768.36 38014 27756 93 641 497
1707613769.41 38015 27757 88 641 616
1707613785.41 38016 27773 81 641 630
1707613796.04 38017 27784 36 641 624
1707613798.11 38018 27786 33 641 631
1707613805.59 38019 27793 73 641 617
1707613823.7 38020 27811 77 641 577
1707613823.87 38021 27811 84 641 540
1707613828.21 38022 27816 9 641 580
1707613829.95 38023 27817 74 641 624
1707613849.27 38024 27836 98 641 624
1707613850.74 38025 27838 36 641 620
1707613855.38 38026 27842 91 641 579
1707613891.76 38027 27879 24 641 611
1707613893.95 38028 27881 35 641 520
1707613894.71 38029 27882 1 641 549
1707613895.48 38030 27882 69 641 600
1707613902.94 38031 27890 6 641 623
1707613920.61 38032 27907 66 641 621
1707613932.06 38033 27919 3 641 623
1707613933.48 38034 27920 36 641 609
1707613947.77 38035 27934 57 641 448
1707613961.45 38036 27948 17 641 626
1707613969.36 38037 27955 99 641 626
1707613987.5 38038 27974 7 641 573
1707613993.48 38039 27979 96 641 632
1707614021.01 38040 28007 42 641 622
1707614040.4 38041 28026 74 641 520
1707614044.84 38042 28031 9 641 615
1707614050.06 38043 28036 23 641 605
1707614057.91 38044 28043 99 641 617
1707614059.02 38045 28045 1 641 601
1707614065.3 38046 28051 21 641 624
1707614067.98 38047 28053 80 641 622
