1707004804.34 14082 57070 61 641 616
1707004807.07 14083 57073 26 641 525
1707004814.78 14084 57080 88 641 626
1707004824.32 14085 57090 34 641 449
1707004826.04 14086 57091 97 641 546
1707004832.87 14087 57098 71 641 626
1707004838.73 14088 57104 48 641 626
1707004846.1 14089 57111 77 641 606
1707004847.85 14090 57113 42 641 623
1707004855.33 14091 57120 82 641 521
1707004862.54 14092 57127 94 641 630
1707004879.27 14093 57144 59 641 629
1707004886.85 14094 57152 9 641 627
1707004887.51 14095 57152 65 641 582
1707004903.47 14096 57168 54 641 601
1707004904.37 14097 57169 35 641 536
1707004906.03 14098 57170 92 641 626
1707004907.9 14099 57172 69 641 626
1707004911.5 14100 57176 20 641 631
1707004935.06 14101 57199 70 641 626
1707004955.13 14102 57219 70 641 608
1707004961.97 14103 57226 45 641 596
1707004974.4 14104 57238 80 641 633
1707004983.0 14105 57247 32 641 628
1707004984.11 14106 57248 33 641 615
1707004989.77 14107 57253 90 641 539
1707004992.57 14108 57256 61 641 628
1707004993.69 14109 57257 63 641 604
1707004999.8 14110 57263 65 641 630
1707005019.34 14111 57283 13 641 627
1707005039.55 14112 57303 26 641 590
1707005045.66 14113 57309 29 641 614
1707005046.64 14114 57310 17 641 607
1707005049.54 14115 57312 98 641 621
1707005051.53 14116 57314 88 641 483
1707005063.86 14117 57327 12 641 559
1707005064.83 14118 57328 0 641 555
1707005075.2 14119 57338 29 641 556
1707005081.62 14120 57344 62 641 609
1707005083.44 14121 57346 34 641 615
1707005083.93 14122 57346 74 641 570
1707005087.99 14123 57350 71 641 626
1707005089.37 14124 57351 99 641 634
1707005096.74 14125 57359 29 641 629
1707005108.87 14126 57371 34 641 627
1707005109.39 14127 57371 77 641 571
1707005112.25 14128 57374 53 641 627
1707005117.3 14129 57379 49 641 590
1707005119.66 14130 57381 76 641 631
1707005138.81 14131 57400 83 641 631
1707005144.44 14132 57406 37 641 626
1707005149.1 14133 57410 94 641 624
1707005159.37 14134 57421 12 641 625
1707005162.84 14135 57424 50 641 629
1707005176.26 14136 57437 85 641 621
1707005177.69 14137 57439 18 641 614
1707005184.09 14138 57445 49 641 628
1707005189.8 14139 57451 11 641 624
1707005202.01 14140 57463 24 641 615
1707005207.65 14141 57468 79 641 627
1707005208.26 14142 57469 30 641 579
1707005210.81 14143 57471 76 641 578
1707005211.38 14144 57472 23 641 575
1707005221.41 14145 57482 18 641 619
1707005224.02 14146 57484 70 641 590
1707005226.65 14147 57487 23 641 626
1707005230.15 14148 57490 64 641 627
1707005232.4 14149 57492 80 641 597
1707005242.03 14150 57502 34 641 603
1707005243.77 14151 57503 98 641 512
1707005243.87 14152 57503 98 640 532
1707005244.91 14153 57504 94 641 543
1707005251.55 14154 57511 49 641 633
1707005257.35 14155 57517 20 641 551
1707005258.47 14156 57518 22 641 520
1707005258.93 14157 57518 59 641 569
1707005261.46 14158 57521 3 641 627
1707005266.32 14159 57525 80 641 628
1707005278.02 14160 57537 42 641 624
1707005283.85 14161 57543 17 641 431
1707005289.73 14162 57548 96 641 630
1707005293.57 14163 57552 71 641 628
1707005299.44 14164 57558 49 641 587
1707005305.96 14165 57564 93 641 542
1707005307.51 14166 57566 38 641 626
1707005312.87 14167 57571 66 641 627
1707005315.78 14168 57574 47 641 624
1707005329.79 14169 57588 41 641 628
1707005336.16 14170 57594 69 641 556
1707005339.03 14171 57597 47 641 595
1707005349.97 14172 57608 32 641 588
1707005350.58 14173 57608 84 641 539
1707005352.95 14174 57611 12 641 630
1707005376.22 14175 57634 32 641 620
1707005376.7 14176 57634 70 641 564
1707005380.24 14177 57638 15 641 570
1707005382.6 14178 57640 42 641 627
1707005384.25 14179 57641 98 641 547
1707005391.8 14180 57649 44 641 627
1707005402.85 14181 57660 41 641 624
1707005405.21 14182 57662 68 641 377
1707005412.86 14183 57670 24 641 585
1707005418.37 14184 57675 67 641 630
1707005434.24 14185 57691 47 641 629
1707005443.02 14186 57700 16 641 623
1707005449.28 14187 57706 33 641 625
1707005450.44 14188 57707 40 641 456
1707005450.81 14189 57707 67 641 560
1707005455.15 14190 57711 92 641 627
1707005456.19 14191 57712 86 641 609
1707005472.87 14192 57729 47 641 631
1707005474.1 14193 57730 61 641 590
1707005477.32 14194 57733 74 641 630
1707005478.1 14195 57734 42 641 592
1707005482.63 14196 57738 87 641 629
1707005489.8 14197 57745 95 641 609
1707005489.9 14198 57745 95 640 532
1707005506.04 14199 57762 2 641 620
1707005511.02 14200 57766 92 641 632
1707005514.07 14201 57769 88 641 624
1707005516.99 14202 57772 70 641 603
1707005517.77 14203 57773 38 641 595
1707005521.41 14204 57776 93 641 630
1707005522.39 14205 57777 82 641 607
1707005524.38 14206 57779 72 641 629
1707005533.88 14207 57789 14 641 626
1707005538.75 14208 57793 91 641 529
1707005545.92 14209 57800 99 641 630
1707005552.81 14210 57807 80 641 617
1707005554.36 14211 57809 25 641 622
1707005557.82 14212 57812 63 641 625
1707005561.2 14213 57815 92 641 626
1707005562.32 14214 57816 94 641 595
1707005566.77 14215 57821 31 641 627
1707005592.54 14216 57847 2 641 577
1707005600.95 14217 57855 34 641 397
1707005604.9 14218 57859 20 641 591
1707005620.94 14219 57875 17 641 604
1707005625.7 14220 57879 84 641 615
1707005629.17 14221 57883 22 641 630
1707005632.68 14222 57886 64 641 628
1707005635.94 14223 57889 81 641 625
1707005643.91 14224 57897 70 641 625
1707005646.48 14225 57900 18 641 627
1707005647.22 14226 57900 82 641 589
1707005649.89 14227 57903 40 641 625
1707005653.72 14228 57907 14 641 624
1707005656.09 14229 57909 42 641 518
1707005659.37 14230 57912 60 641 630
1707005663.37 14231 57916 51 641 616
1707005663.79 14232 57916 84 641 564
1707005665.82 14233 57918 78 641 625
1707005680.75 14234 57933 63 641 630
1707005687.58 14235 57940 37 641 605
1707005696.35 14236 57949 6 641 622
1707005699.44 14237 57952 7 641 467
1707005699.59 14238 57952 12 641 537
1707005700.74 14239 57953 17 641 568
1707005706.78 14240 57959 13 641 626
1707005707.92 14241 57960 18 641 602
1707005720.77 14242 57972 95 641 627
1707005726.31 14243 57978 40 641 566
1707005730.76 14244 57982 76 641 365
1707005732.6 14245 57984 51 641 630
1707005739.79 14246 57991 60 641 634
1707005741.15 14247 57992 87 641 547
1707005758.19 14248 58009 83 641 613
1707005768.01 14249 58019 58 641 428
1707005775.1 14250 58026 58 641 603
1707005777.56 14251 58028 94 641 509
1707005787.97 14252 58039 27 641 624
1707005790.42 14253 58041 63 641 629
1707005791.15 14254 58042 27 641 589
1707005801.58 14255 58052 62 641 624
1707005802.04 14256 58052 98 641 566
1707005802.74 14257 58053 59 641 587
1707005810.73 14258 58061 49 640 259
1707005823.71 14259 58074 39 641 629
1707005832.38 14260 58082 98 641 626
1707005832.48 14261 58082 98 640 531
1707005841.01 14262 58091 44 641 621
1707005846.95 14263 58097 29 641 629
1707005847.05 14264 58097 29 640 531
1707005848.2 14265 58098 36 641 612
1707005850.17 14266 58100 24 641 616
1707005860.03 14267 58110 1 641 561
1707005895.34 14268 58145 27 641 625
1707005896.97 14269 58146 81 641 623
1707005897.42 14270 58147 16 641 564
1707005898.74 14271 58148 38 641 597
1707005905.59 14272 58155 14 641 623
1707005908.96 14273 58158 42 641 517
1707005909.13 14274 58158 49 641 540
1707005912.98 14275 58162 25 641 624
1707005928.74 14276 58177 94 641 617
1707005942.8 14277 58191 92 641 622
1707005943.49 14278 58192 52 641 585
1707005991.77 14279 58240 76 641 604
1707005992.09 14280 58240 99 641 558
1707005997.58 14281 58246 39 641 622
1707006000.27 14282 58248 99 641 622
1707006001.82 14283 58250 45 641 605
1707006002.73 14284 58251 27 641 602
1707006006.75 14285 58255 19 641 624
1707006013.87 14286 58262 23 641 626
1707006022.08 14287 58270 35 641 589
1707006023.28 14288 58271 46 641 592
1707006028.09 14289 58276 17 641 631
1707006031.53 14290 58279 52 641 624
1707006032.98 14291 58280 88 641 620
1707006047.04 14292 58294 86 641 608
1707006065.16 14293 58312 91 641 616
1707006066.45 14294 58314 11 641 605
1707006070.42 14295 58317 98 641 619
1707006094.29 14296 58341 78 641 633
1707006095.16 14297 58342 55 641 600
1707006097.66 14298 58344 96 641 431
1707006103.66 14299 58350 87 641 627
1707006104.67 14300 58351 79 641 609
1707006119.48 14301 58366 52 641 591
1707006120.69 14302 58367 63 641 621
1707006121.56 14303 58368 40 641 599
1707006128.73 14304 58375 48 641 633
1707006130.91 14305 58377 58 641 634
1707006155.41 14306 58402 1 641 619
1707006157.72 14307 58404 23 641 624
1707006160.52 14308 58406 94 641 598
1707006168.89 14309 58415 23 641 633
1707006175.15 14310 58421 41 641 623
1707006185.49 14311 58431 67 641 618
1707006185.59 14312 58431 67 640 535
1707006191.15 14313 58437 15 641 620
1707006192.15 14314 58438 6 641 608
1707006192.51 14315 58438 33 641 558
1707006198.81 14316 58444 54 641 623
1707006216.15 14317 58461 80 641 603
1707006231.15 14318 58476 72 641 632
1707006240.53 14319 58486 3 641 629
1707006246.52 14320 58491 93 641 630
1707006248.69 14321 58494 0 641 631
1707006250.87 14322 58496 10 641 616
1707006252.12 14323 58497 26 641 624
1707006255.46 14324 58500 51 641 621
1707006258.42 14325 58503 38 641 617
1707006273.86 14326 58518 74 641 571
1707006273.96 14327 58518 74 640 533
1707006274.24 14328 58518 94 641 555
1707006279.15 14329 58523 75 641 622
1707006280.45 14330 58524 96 641 629
1707006294.55 14331 58538 98 641 625
1707006299.79 14332 58544 14 641 459
1707006310.24 14333 58554 50 641 631
1707006312.9 14334 58557 7 641 608
1707006315.4 14335 58559 48 641 594
1707006331.38 14336 58575 39 641 627
1707006331.49 14337 58575 40 641 534
1707006334.32 14338 58578 14 641 614
1707006338.15 14339 58581 87 641 629
1707006374.66 14340 58618 33 641 631
1707006374.86 14341 58618 43 641 544
1707006376.21 14342 58619 68 641 471
1707006380.69 14343 58624 8 641 627
1707006387.34 14344 58630 65 641 623
1707006392.02 14345 58635 24 641 629
1707006407.96 14346 58651 10 641 631
1707006408.4 14347 58651 45 641 564
1707006408.99 14348 58651 94 640 378
1707006409.79 14349 58652 65 641 595
1707006435.02 14350 58677 81 641 626
1707006449.7 14351 58692 41 641 617
1707006461.7 14352 58704 33 641 610
1707006468.69 14353 58711 22 641 620
1707006473.15 14354 58715 60 641 630
1707006476.79 14355 58719 15 641 630
1707006479.89 14356 58722 16 641 627
1707006486.58 14357 58728 77 641 527
