1705449619.83 30532 30254 82 641 546
1705449625.38 30533 30260 28 641 631
1705449638.76 30534 30273 59 641 622
1705449642.9 30535 30277 63 641 618
1705449648.93 30536 30283 58 641 585
1705449661.67 30537 30296 23 641 483
1705449673.57 30538 30308 5 641 624
1705449673.67 30539 30308 6 641 535
1705449673.77 30540 30308 6 640 532
1705449681.12 30541 30315 34 641 451
1705449693.75 30542 30327 89 641 583
1705449698.14 30543 30332 19 641 608
1705449704.28 30544 30338 24 641 532
1705449711.16 30545 30345 4 641 631
1705449724.75 30546 30358 55 641 628
1705449736.48 30547 30370 20 641 620
1705449738.98 30548 30372 61 641 630
1705449757.32 30549 30390 88 641 626
1705449759.02 30550 30392 49 641 599
1705449760.98 30551 30394 36 641 622
1705449762.94 30552 30396 23 641 627
1705449764.58 30553 30397 77 641 628
1705449768.44 30554 30401 55 641 531
1705449769.2 30555 30402 22 641 559
1705449795.87 30556 30428 82 641 625
1705449796.86 30557 30429 72 641 596
1705449810.45 30558 30443 22 641 622
1705449829.91 30559 30462 61 641 629
1705449837.85 30560 30470 46 641 611
1705449840.54 30561 30473 6 641 393
1705449843.11 30562 30475 54 641 627
1705449856.86 30563 30489 20 641 618
1705449859.52 30564 30491 78 641 462
1705449859.62 30565 30491 78 640 532
1705449879.16 30566 30511 26 641 622
1705449891.09 30567 30523 10 641 616
1705449893.81 30568 30525 74 641 622
1705449893.91 30569 30525 74 639 535
1705449898.24 30570 30529 99 641 586
1705449902.96 30571 30534 62 641 624
1705449905.56 30572 30537 13 641 614
1705449905.88 30573 30537 35 641 551
1705449918.83 30574 30550 22 641 621
1705449920.25 30575 30551 55 641 564
1705449938.59 30576 30569 82 641 423
1705449938.93 30577 30570 7 641 552
1705449947.67 30578 30578 73 641 631
1705449951.25 30579 30582 21 641 537
1705449965.34 30580 30596 22 641 621
1705449966.98 30581 30597 77 641 635
1705449985.56 30582 30616 27 641 538
1705449998.12 30583 30628 75 641 620
1705450003.57 30584 30634 12 641 629
1705450006.38 30585 30636 83 641 606
1705450015.44 30586 30645 81 641 628
1705450015.85 30587 30646 13 641 562
1705450027.2 30588 30657 40 641 624
1705450035.54 30589 30665 65 641 623
1705450038.74 30590 30668 75 641 624
1705450046.72 30591 30676 65 641 511
1705450048.7 30592 30678 54 641 588
1705450048.85 30593 30678 59 641 539
1705450055.33 30594 30684 99 641 633
1705450055.74 30595 30685 30 641 557
1705450066.22 30596 30695 69 641 624
1705450069.3 30597 30698 69 641 621
1705450070.58 30598 30699 87 641 615
1705450076.75 30599 30705 95 641 621
1705450084.96 30600 30714 8 641 624
1705450085.09 30601 30714 12 641 535
1705450102.52 30602 30731 47 641 625
1705450112.59 30603 30741 46 641 526
1705450114.29 30604 30743 7 641 606
1705450119.58 30605 30748 27 641 526
1705450136.24 30606 30764 86 641 627
1705450141.47 30607 30770 0 641 630
1705450146.19 30608 30774 63 641 628
1705450147.51 30609 30775 85 641 614
1705450148.24 30610 30776 49 641 580
1705450154.54 30611 30782 70 641 624
1705450160.37 30612 30788 45 641 632
1705450161.79 30613 30789 78 641 602
1705450161.91 30614 30789 80 641 534
1705450174.62 30615 30802 44 641 582
1705450187.14 30616 30814 88 641 555
1705450188.93 30617 30816 58 641 613
1705450189.08 30618 30816 63 641 506
1705450189.66 30619 30817 13 641 573
1705450189.93 30620 30817 30 641 548
1705450194.99 30621 30822 27 641 631
1705450197.59 30622 30824 77 641 625
1705450197.85 30623 30824 94 641 551
1705450209.08 30624 30836 9 641 628
1705450210.53 30625 30837 44 641 624
1705450212.17 30626 30838 99 641 384
1705450218.29 30627 30845 3 641 620
1705450218.52 30628 30845 17 641 546
1705450222.74 30629 30849 30 641 622
1705450228.81 30630 30855 28 641 581
1705450230.8 30631 30857 18 641 616
1705450246.33 30632 30872 63 641 626
1705450249.72 30633 30875 93 641 624
1705450251.39 30634 30877 51 641 633
1705450253.66 30635 30879 69 641 622
1705450254.65 30636 30880 58 641 600
1705450257.68 30637 30883 52 641 628
1705450268.98 30638 30894 73 641 626
1705450271.27 30639 30896 93 641 621
1705450277.99 30640 30903 56 641 623
1705450282.08 30641 30907 56 641 507
1705450294.98 30642 30920 38 641 633
1705450300.91 30643 30926 22 641 628
1705450301.94 30644 30927 16 641 600
1705450307.28 30645 30932 40 641 629
1705450314.85 30646 30939 89 641 625
1705450321.09 30647 30946 5 641 627
1705450331.74 30648 30956 62 641 614
1705450349.31 30649 30974 12 641 590
1705450351.2 30650 30975 91 641 500
1705450352.1 30651 30976 72 641 591
1705450355.24 30652 30979 78 641 623
1705450355.4 30653 30979 85 641 541
1705450366.83 30654 30991 20 641 628
1705450370.28 30655 30994 56 641 617
1705450373.46 30656 30997 65 641 581
1705450373.78 30657 30997 88 641 553
1705450377.45 30658 31001 46 641 593
1705450383.06 30659 31006 98 641 608
1705450394.88 30660 31018 73 641 499
1705450407.92 30661 31031 69 641 625
1705450417.54 30662 31041 22 641 636
1705450425.12 30663 31048 72 641 624
1705450433.25 30664 31056 76 641 632
1705450433.35 30665 31056 76 640 530
1705450442.19 30666 31065 52 641 618
1705450452.28 30667 31075 53 641 631
1705450460.98 30668 31084 15 641 626
1705450470.36 30669 31093 45 641 599
1705450476.54 30670 31099 54 641 631
1705450484.7 30671 31107 61 641 627
1705450486.04 30672 31108 85 641 616
1705450498.67 30673 31121 41 641 620
1705450501.97 30674 31124 61 641 623
1705450503.34 30675 31125 90 641 620
1705450512.47 30676 31134 94 641 628
1705450513.15 30677 31135 52 641 577
1705450513.84 30678 31136 12 641 527
1705450514.18 30679 31136 36 641 553
1705450521.43 30680 31143 52 641 620
1705450525.4 30681 31147 40 641 536
1705450544.39 30682 31166 32 641 626
1705450557.67 30683 31179 52 641 623
1705450559.75 30684 31181 51 641 627
1705450576.08 30685 31197 76 641 630
1705450579.35 30686 31200 94 641 630
1705450579.95 30687 31201 44 641 571
1705450595.36 30688 31216 78 641 623
1705450596.11 30689 31217 44 641 582
1705450597.45 30690 31218 68 641 553
1705450598.22 30691 31219 36 641 584
1705450601.56 30692 31222 61 641 629
1705450601.68 30693 31222 64 641 537
1705450603.66 30694 31224 53 641 627
1705450610.48 30695 31231 26 641 623
1705450619.53 30696 31240 22 641 627
1705450620.06 30697 31240 66 641 565
1705450628.98 30698 31249 49 641 627
1705450633.68 30699 31254 11 641 617
1705450644.12 30700 31264 47 641 619
1705450645.07 30701 31265 33 641 595
1705450645.5 30702 31265 66 641 561
1705450651.52 30703 31271 60 641 628
1705450651.96 30704 31271 94 641 561
1705450652.09 30705 31271 98 641 538
1705450664.16 30706 31283 96 641 531
1705450667.63 30707 31287 36 641 612
1705450698.72 30708 31318 38 641 580
1705450702.27 30709 31321 84 641 619
1705450721.52 30710 31341 2 641 621
1705450723.6 30711 31343 1 641 626
1705450752.58 30712 31371 94 641 570
1705450755.19 30713 31374 45 641 629
1705450755.44 30714 31374 61 641 550
1705450758.74 30715 31377 81 641 608
1705450759.94 30716 31378 92 641 610
1705450772.0 30717 31390 90 641 531
1705450772.56 30718 31391 37 641 503
1705450778.69 30719 31397 41 641 634
1705450804.56 30720 31423 21 641 626
1705450809.29 30721 31427 85 641 632
1705450813.4 30722 31431 88 641 617
1705450819.13 30723 31437 52 641 620
1705450827.23 30724 31445 54 641 583
1705450828.45 30725 31446 67 641 611
1705450842.73 30726 31460 87 641 630
1705450851.09 30727 31469 14 641 550
1705450859.99 30728 31477 96 641 623
1705450864.82 30729 31482 71 641 629
1705450868.67 30730 31486 47 641 630
1705450870.5 30731 31488 21 641 622
1705450870.6 30732 31488 21 640 531
1705450871.09 30733 31488 61 641 568
1705450877.03 30734 31494 47 641 627
1705450880.76 30735 31498 11 641 631
1705450883.79 30736 31501 6 641 622
1705450884.36 30737 31501 53 641 568
1705450888.0 30738 31505 9 641 624
1705450892.4 30739 31509 40 641 633
1705450901.36 30740 31518 28 641 592
1705450920.53 30741 31537 38 641 537
1705450925.9 30742 31542 66 641 627
1705450935.44 30743 31552 11 641 628
1705450939.83 30744 31556 41 641 631
1705450941.67 30745 31558 17 641 629
1705450957.82 30746 31574 24 640 335
1705450960.92 30747 31577 25 641 632
1705450963.77 30748 31580 2 641 627
1705450973.82 30749 31589 99 641 600
1705450978.79 30750 31594 87 641 624
1705450979.6 30751 31595 58 641 584
1705450982.43 30752 31598 32 641 608
1705450983.16 30753 31598 96 641 580
1705450983.6 30754 31599 31 641 560
1705450988.95 30755 31604 57 641 627
1705450995.61 30756 31611 14 641 620
1705450997.07 30757 31612 50 641 603
1705450999.87 30758 31615 21 641 624
1705451009.78 30759 31625 5 641 632
1705451011.09 30760 31626 27 641 615
1705451012.1 30761 31627 18 641 489
1705451013.32 30762 31628 32 641 611
1705451013.63 30763 31628 54 641 549
1705451023.38 30764 31638 20 641 627
1705451044.16 30765 31658 92 641 629
1705451045.11 30766 31659 77 641 537
1705451046.57 30767 31661 14 641 627
1705451054.64 30768 31669 13 641 631
1705451069.16 30769 31683 57 641 622
1705451076.81 30770 31691 13 641 623
1705451077.31 30771 31691 53 641 563
1705451079.39 30772 31693 52 641 623
1705451082.51 30773 31696 55 641 527
1705451092.12 30774 31706 7 641 626
1705451106.91 30775 31720 80 641 631
1705451109.89 30776 31723 69 641 623
1705451116.11 30777 31729 82 641 593
1705451118.73 30778 31732 35 641 626
1705451128.97 30779 31742 50 641 624
1705451132.59 30780 31746 4 641 626
1705451144.77 30781 31758 14 641 532
1705451146.53 30782 31759 80 641 628
1705451158.76 30783 31771 95 641 523
1705451163.18 30784 31776 28 640 328
1705451164.54 30785 31777 55 641 619
1705451176.11 30786 31789 4 641 630
1705451176.68 30787 31789 52 641 547
1705451183.23 30788 31795 98 641 630
1705451186.51 30789 31799 17 641 626
1705451188.76 30790 31801 33 641 589
1705451196.23 30791 31808 71 641 479
1705451214.52 30792 31826 92 641 631
1705451230.91 30793 31843 24 641 586
1705451234.82 30794 31847 6 641 623
1705451244.2 30795 31856 36 641 545
1705451245.21 30796 31857 27 641 599
1705451254.68 30797 31866 66 641 517
1705451259.69 30798 31871 58 641 623
1705451263.54 30799 31875 34 641 628
1705451267.78 30800 31879 49 641 449
1705451271.73 30801 31883 34 641 569
1705451274.45 30802 31885 97 641 628
1705451282.9 30803 31894 34 641 628
1705451292.95 30804 31904 30 641 624
1705451305.06 30805 31916 33 641 627
1705451308.93 30806 31920 11 641 621
1705451309.4 30807 31920 49 641 562
1705451309.64 30808 31920 64 641 550
1705451312.72 30809 31923 62 641 625
1705451332.26 30810 31943 9 641 620
1705451335.03 30811 31945 78 641 631
1705451349.19 30812 31959 85 641 512
1705451364.06 30813 31974 65 641 628
1705451368.81 30814 31979 31 641 592
1705451371.91 30815 31982 32 641 624
1705451387.4 30816 31997 74 641 611
1705451407.26 30817 32017 53 641 585
1705451416.28 30818 32026 46 641 632
1705451428.09 30819 32038 19 641 629
1705451431.3 30820 32041 31 641 547
1705451440.23 30821 32050 15 641 624
1705451449.42 30822 32059 25 641 628
1705451453.56 30823 32063 30 641 600
1705451456.5 30824 32066 14 641 607
1705451459.54 30825 32069 9 641 622
1705451463.17 30826 32072 64 641 583
1705451469.15 30827 32078 53 641 624
1705451471.11 30828 32080 40 641 632
1705451472.67 30829 32081 86 641 621
1705451474.77 30830 32083 87 641 623
1705451479.59 30831 32088 60 641 626
1705451480.9 30832 32089 82 641 617
1705451481.15 30833 32089 98 641 548
1705451483.78 30834 32092 52 641 620
1705451492.07 30835 32100 73 641 621
1705451493.81 30836 32102 38 641 618
1705451503.51 30837 32111 99 641 611
1705451508.39 30838 32116 79 641 602
1705451514.8 30839 32123 11 641 625
1705451525.03 30840 32133 26 641 617
1705451530.14 30841 32138 28 641 626
1705451536.45 30842 32144 50 641 600
1705451545.9 30843 32153 86 641 623
1705451547.56 30844 32155 43 641 619
1705451558.94 30845 32166 72 641 594
1705451563.21 30846 32170 90 641 626
1705451563.94 30847 32171 54 641 582
1705451565.84 30848 32173 34 641 568
1705451573.59 30849 32181 1 641 580
1705451578.6 30850 32185 93 641 621
1705451581.45 30851 32188 69 641 576
1705451599.28 30852 32206 45 641 624
1705451600.7 30853 32207 78 641 625
1705451600.8 30854 32207 78 640 533
1705451602.35 30855 32209 24 641 480
1705451602.8 30856 32209 59 641 563
1705451608.06 30857 32214 77 641 628
1705451608.18 30858 32214 79 641 536
1705451612.35 30859 32218 87 641 478
1705451614.26 30860 32220 69 641 629
1705451634.82 30861 32241 17 641 534
1705451642.34 30862 32248 60 641 622
1705451649.25 30863 32255 42 641 621
1705451653.59 30864 32259 67 641 500
1705451667.25 30865 32273 25 641 630
1705451667.99 30866 32273 90 641 580
1705451673.49 30867 32279 30 641 614
1705451676.47 30868 32282 19 641 612
1705451677.86 30869 32283 48 641 597
1705451680.26 30870 32285 80 641 625
1705451681.96 30871 32287 40 641 498
1705451691.17 30872 32296 53 641 600
1705451692.13 30873 32297 40 641 492
1705451696.12 30874 32301 30 641 614
1705451701.76 30875 32306 85 641 626
1705451703.05 30876 32308 5 641 614
1705451716.35 30877 32321 27 641 627
1705451730.35 30878 32335 19 641 618
1705451751.45 30879 32356 22 641 614
1705451752.75 30880 32357 42 641 614
1705451756.94 30881 32361 52 641 619
1705451758.0 30882 32362 49 641 601
1705451764.73 30883 32369 13 641 420
1705451769.01 30884 32373 32 641 624
1705451773.45 30885 32377 67 641 624
1705451778.8 30886 32382 93 641 622
1705451787.22 30887 32391 27 641 611
1705451790.48 30888 32394 43 641 584
1705451799.28 30889 32403 15 641 630
1705451808.28 30890 32412 7 641 628
1705451817.05 30891 32420 76 641 627
1705451820.27 30892 32423 89 641 615
1705451823.82 30893 32427 35 641 629
1705451828.86 30894 32432 30 641 622
1705451833.04 30895 32436 40 641 627
1705451860.47 30896 32463 77 641 630
1705451863.8 30897 32467 1 641 618
1705451864.7 30898 32467 81 641 553
1705451869.57 30899 32472 60 641 630
1705451870.91 30900 32473 84 641 411
1705451881.41 30901 32484 26 641 606
1705451881.85 30902 32484 61 641 561
1705451891.75 30903 32494 43 641 602
1705451895.52 30904 32498 11 641 633
1705451902.2 30905 32504 70 641 626
1705451906.49 30906 32508 90 641 616
1705451916.25 30907 32518 57 641 630
1705451941.03 30908 32543 28 641 623
1705451949.07 30909 32551 24 641 516
1705451968.19 30910 32570 28 641 624
1705451969.7 30911 32571 69 641 630
1705451970.38 30912 32572 29 641 578
1705451978.59 30913 32580 41 641 628
1705451983.57 30914 32585 30 641 624
1705451985.74 30915 32587 38 641 625
1705451990.03 30916 32591 57 641 617
1705451996.79 30917 32598 25 641 601
1705452002.61 30918 32603 98 641 623
1705452006.78 30919 32608 5 641 528
1705452007.54 30920 32608 73 641 583
1705452018.21 30921 32619 31 641 630
1705452020.23 30922 32621 24 641 609
1705452021.9 30923 32622 81 641 511
1705452024.65 30924 32625 47 641 602
1705452029.99 30925 32630 72 641 628
1705452034.63 30926 32635 27 641 629
1705452041.32 30927 32641 87 641 520
1705452058.81 30928 32659 29 641 621
1705452060.21 30929 32660 59 641 591
1705452067.38 30930 32667 68 641 629
1705452090.77 30931 32691 0 641 625
1705452101.09 30932 32701 24 641 541
1705452105.81 30933 32705 87 641 632
1705452116.2 30934 32716 18 641 624
1705452121.93 30935 32721 82 641 598
1705452123.6 30936 32723 39 641 611
1705452125.0 30937 32724 71 641 602
1705452125.19 30938 32724 80 641 543
1705452125.78 30939 32725 30 641 571
1705452126.83 30940 32726 26 641 607
1705452156.92 30941 32756 28 641 628
1705452160.03 30942 32759 30 641 619
1705452166.0 30943 32765 18 641 624
1705452174.72 30944 32773 82 641 560
1705452176.77 30945 32775 78 641 628
1705452180.76 30946 32779 67 641 630
1705452181.08 30947 32779 90 641 554
1705452183.45 30948 32782 18 641 603
1705452187.82 30949 32786 46 641 631
1705452192.94 30950 32791 49 641 529
1705452194.75 30951 32793 21 641 624
1705452198.6 30952 32796 97 641 596
1705452223.76 30953 32822 7 641 622
1705452226.41 30954 32824 63 641 604
1705452228.19 30955 32826 32 641 623
1705452231.78 30956 32829 82 641 618
1705452240.35 30957 32838 31 641 500
1705452274.99 30958 32872 89 641 615
1705452276.83 30959 32874 63 641 629
1705452312.61 30960 32910 36 641 620
1705452314.81 30961 32912 46 641 628
1705452316.36 30962 32913 92 641 519
1705452316.97 30963 32914 43 641 576
1705452319.98 30964 32917 35 641 625
1705452320.08 30965 32917 35 640 534
1705452328.86 30966 32926 6 641 633
1705452337.42 30967 32934 53 641 595
1705452342.22 30968 32939 24 641 614
1705452344.44 30969 32941 36 641 624
1705452349.74 30970 32946 57 641 532
1705452353.56 30971 32950 30 641 624
1705452358.97 30972 32955 62 641 634
1705452368.01 30973 32964 57 641 586
1705452379.62 30974 32976 10 641 627
1705452388.13 30975 32984 52 641 577
1705452395.64 30976 32991 94 641 626
1705452411.91 30977 33008 13 641 563
1705452412.27 30978 33008 40 641 557
1705452413.03 30979 33009 7 641 584
1705452416.97 30980 33012 91 641 627
1705452419.56 30981 33015 42 641 625
1705452422.04 30982 33017 80 641 629
1705452424.2 30983 33019 88 641 627
1705452429.97 30984 33025 56 641 602
1705452433.47 30985 33028 97 641 628
1705452433.81 30986 33029 21 641 556
1705452448.63 30987 33043 96 641 617
1705452454.55 30988 33049 80 641 609
1705452455.09 30989 33050 25 641 568
1705452465.78 30990 33060 86 641 615
1705452473.66 30991 33068 65 641 628
1705452474.28 30992 33069 18 641 572
1705452476.83 30993 33071 64 641 627
1705452478.99 30994 33073 71 641 532
1705452482.62 30995 33077 24 641 618
1705452486.14 30996 33080 67 641 604
1705452494.14 30997 33088 58 641 626
1705452500.95 30998 33095 30 641 629
1705452502.87 30999 33097 13 641 629
1705452512.72 31000 33106 90 641 599
1705452520.29 31001 33114 38 641 628
1705452531.94 31002 33125 95 641 582
1705452533.48 31003 33127 40 641 582
1705452549.38 31004 33143 23 641 627
1705452549.74 31005 33143 49 641 556
1705452560.19 31006 33153 86 641 624
1705452562.75 31007 33156 33 641 611
1705452563.75 31008 33157 23 641 595
1705452566.7 31009 33160 9 641 627
1705452567.16 31010 33160 46 641 565
1705452570.93 31011 33164 14 641 606
1705452590.64 31012 33183 78 641 633
1705452590.74 31013 33183 78 640 532
1705452614.44 31014 33207 42 641 621
1705452631.54 31015 33224 44 641 628
1705452633.16 31016 33225 97 641 632
1705452646.73 31017 33239 45 641 624
1705452651.34 31018 33243 98 641 619
1705452653.71 31019 33246 25 641 627
1705452657.32 31020 33249 77 641 566
1705452664.98 31021 33257 35 641 631
1705452665.56 31022 33257 83 641 572
1705452665.9 31023 33258 8 641 553
1705452667.21 31024 33259 30 641 621
1705452668.39 31025 33260 39 641 609
1705452670.73 31026 33262 63 641 624
1705452674.74 31027 33266 56 641 591
1705452677.78 31028 33269 51 641 630
1705452678.37 31029 33270 0 641 572
1705452679.26 31030 33270 80 641 593
1705452691.18 31031 33282 64 641 575
1705452692.12 31032 33283 49 641 594
1705452693.62 31033 33284 89 641 592
1705452695.05 31034 33286 23 641 583
1705452697.53 31035 33288 62 641 627
1705452704.66 31036 33295 66 641 631
1705452707.55 31037 33298 45 641 557
1705452708.59 31038 33299 40 641 518
1705452709.97 31039 33300 69 641 471
1705452712.36 31040 33302 99 641 625
1705452713.61 31041 33304 14 641 614
1705452722.1 31042 33312 55 641 610
1705452725.8 31043 33316 16 641 626
1705452750.63 31044 33340 93 641 636
1705452755.07 31045 33345 28 641 485
1705452767.84 31046 33357 97 641 618
1705452771.58 31047 33361 62 641 604
1705452775.98 31048 33365 93 641 625
1705452784.16 31049 33374 2 641 611
1705452789.89 31050 33379 66 641 547
1705452795.34 31051 33385 3 641 567
1705452807.82 31052 33397 43 641 625
1705452811.91 31053 33401 43 641 626
1705452821.08 31054 33410 52 641 616
1705452824.66 31055 33414 1 641 622
1705452826.04 31056 33415 29 641 620
1705452826.24 31057 33415 40 641 542
1705452829.41 31058 33418 48 641 621
1705452839.79 31059 33428 78 641 634
1705452840.47 31060 33429 37 641 577
1705452857.17 31061 33446 0 641 625
1705452870.44 31062 33459 19 641 627
1705452873.01 31063 33461 67 641 515
1705452874.56 31064 33463 13 641 601
1705452877.27 31065 33465 75 641 624
1705452877.37 31066 33465 75 640 533
1705452892.42 31067 33480 73 641 627
1705452896.23 31068 33484 46 641 595
1705452911.68 31069 33499 83 641 626
1705452912.67 31070 33500 73 641 488
1705452916.98 31071 33504 95 641 623
1705452934.8 31072 33522 69 641 626
1705452936.7 31073 33524 50 641 624
1705452942.85 31074 33530 57 641 595
1705452947.15 31075 33534 77 641 540
1705452948.02 31076 33535 55 641 590
1705452954.49 31077 33541 93 641 543
1705452956.84 31078 33544 19 641 629
1705452962.91 31079 33550 16 641 637
1705452966.13 31080 33553 29 641 630
1705452967.21 31081 33554 28 641 528
1705452969.95 31082 33556 93 641 625
1705452978.48 31083 33565 37 641 620
1705452993.33 31084 33580 14 641 587
1705453023.96 31085 33610 70 641 629
1705453035.97 31086 33622 64 641 625
1705453038.9 31087 33625 47 641 577
1705453057.59 31088 33644 10 641 629
1705453066.27 31089 33652 70 641 624
1705453069.6 31090 33655 94 641 608
1705453071.54 31091 33657 78 641 626
1705453079.21 31092 33665 37 641 624
1705453086.05 31093 33672 12 641 624
1705453089.54 31094 33675 52 641 624
1705453097.43 31095 33683 33 641 627
1705453108.15 31096 33693 97 641 605
1705453109.72 31097 33695 44 641 612
1705453109.99 31098 33695 61 641 550
1705453110.85 31099 33696 38 641 591
1705453112.63 31100 33698 7 641 614
1705453112.72 31101 33698 7 640 533
1705453123.4 31102 33708 68 641 621
1705453125.74 31103 33710 92 641 624
1705453146.35 31104 33731 46 641 620
1705453158.42 31105 33743 46 641 626
1705453168.42 31106 33753 37 641 622
1705453170.77 31107 33755 62 641 618
1705453177.84 31108 33762 61 641 630
1705453181.05 31109 33765 73 641 623
1705453181.21 31110 33765 80 641 542
1705453185.04 31111 33769 54 641 630
1705453188.19 31112 33772 60 641 615
1705453189.18 31113 33773 50 641 538
1705453204.84 31114 33789 8 641 630
1705453221.25 31115 33805 42 641 628
1705453225.63 31116 33809 71 641 626
1705453234.78 31117 33818 77 641 628
1705453240.11 31118 33824 2 641 628
1705453241.35 31119 33825 17 641 613
1705453246.7 31120 33830 42 641 623
1705453250.01 31121 33833 64 641 614
1705453252.41 31122 33835 95 641 578
1705453259.56 31123 33843 2 641 630
1705453274.95 31124 33858 33 641 556
1705453275.61 31125 33858 90 641 576
1705453279.25 31126 33862 44 641 624
1705453283.65 31127 33866 77 641 591
1705453284.71 31128 33867 73 641 600
1705453288.15 31129 33871 8 641 526
1705453290.12 31130 33872 96 641 632
1705453304.22 31131 33886 98 641 622
1705453313.44 31132 33896 12 641 617
1705453321.54 31133 33904 13 641 622
1705453340.04 31134 33922 56 641 627
1705453340.92 31135 33923 35 641 590
1705453341.29 31136 33923 62 641 555
1705453344.05 31137 33926 29 641 512
1705453352.04 31138 33934 20 641 608
1705453361.7 31139 33943 78 641 625
1705453362.61 31140 33944 59 641 509
1705453374.96 31141 33956 86 641 609
1705453376.91 31142 33958 72 641 629
1705453377.55 31143 33959 27 641 576
1705453378.71 31144 33960 33 641 576
1705453387.19 31145 33968 72 641 628
1705453390.71 31146 33972 15 641 568
1705453392.04 31147 33973 38 641 618
1705453400.68 31148 33981 94 641 614
1705453401.48 31149 33982 65 641 585
1705453406.63 31150 33987 71 641 625
1705453406.73 31151 33987 71 640 533
1705453413.0 31152 33993 91 641 518
1705453415.73 31153 33996 55 641 627
1705453422.23 31154 34002 96 641 522
1705453427.6 31155 34008 24 641 627
1705453442.87 31156 34023 43 641 572
1705453446.95 31157 34027 42 641 620
1705453448.58 31158 34028 96 641 596
1705453452.92 31159 34033 21 641 624
1705453457.7 31160 34037 90 641 612
1705453481.46 31161 34061 58 641 525
1705453483.52 31162 34063 56 641 627
1705453490.38 31163 34070 33 641 518
1705453490.67 31164 34070 52 641 550
1705453492.06 31165 34071 82 641 624
1705453492.78 31166 34072 44 641 583
1705453496.73 31167 34076 31 641 621
1705453508.36 31168 34087 85 641 619
1705453509.04 31169 34088 43 641 573
1705453511.83 31170 34091 13 641 630
1705453512.08 31171 34091 29 641 551
1705453517.58 31172 34096 69 641 629
1705453531.04 31173 34110 8 641 630
1705453533.42 31174 34112 37 641 626
1705453534.84 31175 34113 70 641 623
1705453540.65 31176 34119 42 641 595
1705453543.91 31177 34122 59 641 630
1705453546.67 31178 34125 26 641 627
1705453552.36 31179 34130 87 641 622
1705453552.48 31180 34130 89 641 535
1705453561.46 31181 34139 79 641 584
1705453575.19 31182 34153 44 641 624
1705453577.32 31183 34155 47 641 604
1705453578.74 31184 34156 80 641 600
1705453591.05 31185 34169 3 641 628
1705453596.22 31186 34174 12 641 612
1705453616.73 31187 34194 55 641 631
1705453627.76 31188 34205 50 641 541
1705453631.07 31189 34208 72 641 627
1705453640.36 31190 34217 93 641 629
1705453643.03 31191 34220 50 641 624
1705453651.19 31192 34228 58 641 592
1705453651.76 31193 34229 6 641 569
1705453654.32 31194 34231 53 641 624
1705453657.47 31195 34234 59 641 632
1705453658.98 31196 34236 0 641 590
1705453684.92 31197 34261 88 641 476
1705453685.72 31198 34262 59 641 584
1705453689.24 31199 34266 2 641 632
1705453709.1 31200 34285 81 641 625
1705453714.16 31201 34290 79 641 620
1705453714.54 31202 34291 7 641 556
1705453726.32 31203 34302 77 641 618
1705453738.48 31204 34314 86 641 624
1705453740.54 31205 34316 82 641 624
1705453744.65 31206 34320 85 641 624
1705453756.48 31207 34332 60 641 630
1705453758.67 31208 34334 70 641 618
1705453761.59 31209 34337 53 641 624
1705453763.08 31210 34338 93 641 611
1705453768.05 31211 34343 81 641 626
1705453773.4 31212 34349 7 641 532
1705453776.71 31213 34352 29 641 615
1705453785.66 31214 34361 16 641 622
1705453787.35 31215 34362 75 641 618
1705453790.09 31216 34365 41 641 628
1705453800.0 31217 34375 23 641 632
1705453800.21 31218 34375 35 641 547
1705453824.15 31219 34399 22 641 626
1705453828.06 31220 34403 3 641 630
1705453833.75 31221 34408 65 641 603
1705453839.71 31222 34414 52 641 624
1705453840.05 31223 34414 77 641 554
1705453860.92 31224 34435 56 641 628
1705453873.16 31225 34447 72 641 625
1705453877.52 31226 34452 0 641 623
1705453884.27 31227 34458 66 641 586
1705453885.68 31228 34459 97 641 620
1705453888.21 31229 34462 42 641 632
1705453888.88 31230 34462 99 641 548
1705453894.29 31231 34468 31 641 531
1705453900.63 31232 34474 57 641 416
1705453910.91 31233 34484 77 641 611
1705453916.16 31234 34489 92 641 637
1705453917.53 31235 34491 20 641 618
1705453925.22 31236 34498 80 641 620
1705453935.79 31237 34509 29 641 628
1705453942.99 31238 34516 41 641 637
1705453953.33 31239 34526 66 641 563
1705453955.16 31240 34528 39 641 623
1705453962.54 31241 34535 69 641 619
1705453968.23 31242 34541 29 641 564
1705453970.26 31243 34543 23 641 627
1705453981.98 31244 34554 86 641 620
1705453988.95 31245 34561 74 641 620
1705453992.43 31246 34565 13 641 537
1705454007.29 31247 34579 92 641 598
1705454017.93 31248 34590 47 641 626
1705454019.4 31249 34591 85 641 626
1705454020.8 31250 34593 15 641 623
1705454032.56 31251 34604 83 641 622
1705454044.35 31252 34616 54 641 609
1705454047.71 31253 34619 81 641 625
1705454053.8 31254 34625 81 641 631
1705454055.67 31255 34627 59 641 606
1705454056.41 31256 34628 23 641 582
1705454062.48 31257 34634 21 641 620
1705454065.61 31258 34637 26 641 530
1705454066.49 31259 34638 4 641 532
1705454067.25 31260 34638 71 641 583
1705454069.36 31261 34640 73 641 625
1705454069.92 31262 34641 19 641 508
1705454086.08 31263 34657 27 641 609
1705454088.98 31264 34660 8 641 546
1705454090.49 31265 34661 50 641 628
1705454092.84 31266 34663 77 641 538
1705454094.88 31267 34665 72 641 631
1705454102.23 31268 34672 98 641 553
1705454103.2 31269 34673 85 641 594
1705454106.7 31270 34677 26 641 621
1705454107.04 31271 34677 51 641 554
1705454109.17 31272 34679 55 641 631
1705454111.3 31273 34681 59 641 627
1705454112.99 31274 34683 18 641 614
1705454117.61 31275 34687 71 641 616
1705454128.48 31276 34698 50 641 631
1705454130.77 31277 34700 69 641 609
1705454138.79 31278 34708 64 641 494
1705454140.76 31279 34710 52 641 625
1705454141.33 31280 34710 99 641 570
1705454160.06 31281 34729 64 641 615
1705454162.47 31282 34731 96 641 595
1705454167.61 31283 34737 2 641 621
1705454170.13 31284 34739 44 641 629
1705454174.77 31285 34743 99 641 628
1705454190.41 31286 34759 55 641 600
1705454197.12 31287 34766 19 641 618
1705454199.23 31288 34768 20 641 599
1705454200.23 31289 34769 12 641 599
1705454204.36 31290 34773 16 641 615
1705454207.58 31291 34776 29 641 621
1705454213.02 31292 34781 64 641 536
1705454213.4 31293 34781 93 641 558
1705454216.35 31294 34784 79 641 620
1705454219.64 31295 34787 99 641 595
1705454225.98 31296 34794 24 641 622
1705454232.72 31297 34800 90 641 627
1705454232.85 31298 34800 93 641 538
1705454235.49 31299 34803 48 641 542
1705454240.41 31300 34808 32 641 624
1705454246.21 31301 34814 3 641 594
1705454254.51 31302 34822 24 641 627
1705454262.1 31303 34829 76 641 631
1705454274.16 31304 34841 74 641 622
1705454279.67 31305 34847 16 641 624
1705454282.25 31306 34849 65 641 628
1705454284.0 31307 34851 30 641 606
1705454298.94 31308 34866 17 641 626
1705454325.49 31309 34892 65 641 586
1705454326.53 31310 34893 60 641 531
1705454327.45 31311 34894 42 641 595
1705454330.21 31312 34897 9 641 636
1705454335.21 31313 34902 0 641 628
1705454340.79 31314 34907 50 641 623
1705454346.78 31315 34913 40 641 619
1705454351.88 31316 34918 41 641 619
1705454358.54 31317 34924 99 641 621
1705454365.25 31318 34931 61 641 624
1705454379.3 31319 34945 58 641 626
1705454381.68 31320 34947 87 641 630
1705454384.36 31321 34950 46 641 630
1705454386.01 31322 34952 1 641 592
1705454386.65 31323 34952 56 641 575
1705454395.64 31324 34961 47 641 616
1705454404.16 31325 34969 91 641 594
1705454413.0 31326 34978 67 641 528
1705454420.05 31327 34985 62 641 624
1705454436.82 31328 35002 32 641 622
1705454444.31 31329 35009 72 641 627
1705454452.68 31330 35018 0 641 622
1705454466.57 31331 35031 82 641 556
1705454466.93 31332 35032 9 641 556
1705454480.76 31333 35045 84 641 517
1705454482.53 31334 35047 53 641 626
1705454486.22 31335 35051 13 641 632
1705454505.09 31336 35069 93 641 628
1705454509.09 31337 35073 84 641 622
1705454517.08 31338 35081 74 641 632
1705454519.55 31339 35084 11 641 525
1705454528.78 31340 35093 26 641 598
1705454531.01 31341 35095 39 641 605
1705454553.04 31342 35117 35 641 627
1705454553.81 31343 35118 3 641 582
1705454559.97 31344 35124 11 641 508
1705454565.26 31345 35129 31 641 592
1705454566.41 31346 35130 37 641 578
1705454573.29 31347 35137 16 641 628
1705454593.42 31348 35157 22 641 632
1705454593.86 31349 35157 57 641 561
1705454595.9 31350 35159 52 641 611
1705454597.8 31351 35161 33 641 531
1705454625.92 31352 35189 38 641 628
1705454631.84 31353 35195 21 641 624
1705454632.3 31354 35195 58 641 561
1705454634.14 31355 35197 32 641 604
1705454637.55 31356 35200 65 641 625
1705454641.17 31357 35204 17 641 618
1705454643.57 31358 35206 48 641 622
1705454643.67 31359 35206 48 640 534
1705454645.87 31360 35208 60 641 537
1705454647.82 31361 35210 45 641 555
1705454652.16 31362 35214 70 641 625
1705454653.23 31363 35215 68 641 604
1705454653.61 31364 35215 97 641 557
1705454655.67 31365 35217 93 641 632
1705454656.07 31366 35218 24 641 559
1705454658.44 31367 35220 52 641 516
1705454660.41 31368 35222 39 641 626
1705454673.28 31369 35235 19 641 627
1705454691.52 31370 35253 36 641 581
1705454694.53 31371 35256 28 641 607
1705454702.76 31372 35264 42 641 597
1705454716.32 31373 35277 90 641 627
1705454716.42 31374 35277 90 640 530
1705454717.1 31375 35278 49 641 579
1705454717.7 31376 35279 1 641 575
1705454726.93 31377 35288 15 641 610
1705454735.83 31378 35296 97 641 588
1705454739.7 31379 35300 75 641 620
1705454744.79 31380 35305 75 641 613
1705454764.77 31381 35325 66 641 625
1705454766.74 31382 35327 53 641 594
1705454768.57 31383 35329 27 641 602
1705454768.94 31384 35329 54 641 555
1705454775.79 31385 35336 31 641 627
1705454806.32 31386 35366 78 641 559
1705454808.99 31387 35369 35 641 604
1705454814.57 31388 35374 84 641 627
1705454815.56 31389 35375 74 641 598
1705454821.07 31390 35381 16 641 624
1705454829.58 31391 35389 59 641 510
1705454830.12 31392 35390 4 641 566
1705454835.26 31393 35395 9 641 615
1705454838.54 31394 35398 28 641 605
1705454838.64 31395 35398 28 640 532
1705454841.74 31396 35401 30 641 622
1705454862.4 31397 35421 88 641 611
1705454862.95 31398 35422 34 641 568
1705454863.98 31399 35423 27 641 601
1705454901.77 31400 35461 1 641 512
1705454907.72 31401 35466 88 641 621
1705454913.27 31402 35472 34 641 626
1705454921.08 31403 35480 7 641 556
1705454930.07 31404 35488 98 641 597
1705454930.61 31405 35489 42 641 424
1705454940.01 31406 35498 74 641 632
1705454951.51 31407 35510 16 641 600
1705454952.18 31408 35510 73 641 579
1705454953.39 31409 35511 85 641 612
1705454977.14 31410 35535 53 641 632
1705454983.32 31411 35541 62 641 624
1705454985.68 31412 35543 88 641 622
1705454990.47 31413 35548 58 641 625
1705454996.4 31414 35554 42 641 624
1705455006.81 31415 35564 75 641 632
1705455008.07 31416 35565 92 641 617
1705455008.98 31417 35566 73 641 593
1705455011.93 31418 35569 59 641 630
1705455015.07 31419 35572 64 641 616
1705455015.35 31420 35572 82 641 547
1705455015.99 31421 35573 36 641 578
1705455018.72 31422 35576 1 641 625
1705455021.48 31423 35578 67 641 605
1705455021.79 31424 35578 89 641 553
1705455024.22 31425 35581 23 641 634
1705455024.32 31426 35581 23 640 531
1705455028.17 31427 35585 1 641 626
1705455038.04 31428 35594 79 641 627
1705455042.43 31429 35599 10 641 622
1705455044.98 31430 35601 56 641 576
1705455061.27 31431 35617 77 641 520
1705455070.43 31432 35626 85 641 616
1705455074.56 31433 35630 89 641 580
1705455076.5 31434 35632 74 641 620
1705455077.74 31435 35633 89 641 615
1705455078.39 31436 35634 45 641 579
1705455086.91 31437 35642 88 641 527
1705455092.43 31438 35648 32 641 629
1705455093.34 31439 35649 13 641 595
1705455094.36 31440 35650 6 641 600
1705455098.29 31441 35653 91 641 620
1705455108.81 31442 35664 35 641 627
1705455112.55 31443 35668 0 641 626
1705455112.75 31444 35668 10 641 543
1705455113.39 31445 35668 65 641 525
1705455113.92 31446 35669 9 641 568
1705455115.54 31447 35670 61 641 615
1705455116.15 31448 35671 13 641 572
1705455116.56 31449 35671 44 641 563
1705455122.44 31450 35677 23 641 574
1705455122.87 31451 35677 58 641 563
1705455125.01 31452 35679 62 641 622
1705455125.3 31453 35679 82 641 553
1705455126.11 31454 35680 53 641 588
1705455130.19 31455 35684 53 641 631
1705455147.89 31456 35702 15 641 596
1705455156.41 31457 35710 59 641 628
1705455160.97 31458 35715 6 641 631
1705455161.47 31459 35715 47 641 564
1705455161.91 31460 35715 82 641 563
1705455163.67 31461 35717 49 641 552
1705455165.74 31462 35719 46 641 620
1705455167.99 31463 35721 62 641 568
1705455177.33 31464 35730 88 641 465
1705455179.31 31465 35732 78 641 622
1705455184.99 31466 35738 37 641 622
1705455190.45 31467 35743 74 641 598
1705455190.78 31468 35743 98 641 553
1705455191.5 31469 35744 61 641 584
1705455191.7 31470 35744 71 641 546
1705455198.61 31471 35751 54 641 629
1705455202.42 31472 35755 25 641 625
1705455204.07 31473 35756 80 641 629
1705455209.19 31474 35761 83 641 624
1705455214.3 31475 35766 85 641 626
1705455239.39 31476 35791 88 641 623
1705455248.25 31477 35800 65 641 628
1705455253.1 31478 35805 41 641 632
1705455255.09 31479 35807 30 641 620
1705455259.38 31480 35811 50 641 605
1705455268.75 31481 35820 79 641 508
1705455275.69 31482 35827 64 641 609
1705455280.75 31483 35832 61 641 627
1705455292.91 31484 35844 69 641 509
1705455302.41 31485 35854 11 641 583
1705455303.44 31486 35855 5 641 604
1705455304.39 31487 35855 91 641 598
1705455307.86 31488 35859 29 641 632
1705455318.37 31489 35869 71 641 620
1705455321.72 31490 35872 97 641 613
1705455324.37 31491 35875 53 641 596
1705455324.47 31492 35875 53 640 534
1705455324.63 31493 35875 61 641 544
1705455326.02 31494 35876 90 641 631
1705455330.28 31495 35881 7 641 623
1705455332.1 31496 35882 81 641 627
1705455339.57 31497 35890 18 641 525
1705455344.29 31498 35894 81 641 582
1705455344.57 31499 35895 0 641 550
1705455345.14 31500 35895 47 641 573
1705455346.37 31501 35896 61 641 567
1705455346.99 31502 35897 14 641 576
1705455354.19 31503 35904 25 641 618
1705455355.03 31504 35905 0 641 589
1705455363.01 31505 35912 89 641 630
1705455364.35 31506 35914 14 641 622
1705455366.06 31507 35915 75 641 634
1705455371.3 31508 35920 91 641 627
1705455375.57 31509 35925 9 641 591
1705455379.51 31510 35928 94 641 629
1705455388.66 31511 35938 1 641 618
1705455394.86 31512 35944 13 641 625
1705455397.42 31513 35946 60 641 625
1705455402.29 31514 35951 39 641 514
1705455409.61 31515 35958 62 641 622
1705455425.64 31516 35974 57 641 599
1705455443.2 31517 35992 6 641 584
1705455453.01 31518 36001 78 641 591
1705455458.3 31519 36006 98 641 618
1705455462.55 31520 36011 13 641 607
1705455466.32 31521 36014 83 641 615
1705455466.79 31522 36015 21 641 566
1705455466.89 31523 36015 21 640 534
1705455478.15 31524 36026 39 641 625
1705455485.38 31525 36033 54 641 620
1705455505.41 31526 36053 50 641 620
1705455514.33 31527 36062 33 641 625
1705455516.2 31528 36064 12 641 626
1705455522.02 31529 36069 85 641 619
1705455527.38 31530 36075 11 641 620
1705455528.02 31531 36075 66 641 576
