1706140806.54 12471 56384 5 641 627
1706140817.82 12472 56395 25 641 577
1706140827.67 12473 56405 2 641 618
1706140833.55 12474 56410 81 641 622
1706140838.24 12475 56415 41 641 632
1706140856.8 12476 56433 89 641 604
1706140864.04 12477 56441 4 641 560
1706140877.69 12478 56454 62 641 598
1706140883.5 12479 56460 34 641 608
1706140885.85 12480 56462 61 641 629
1706140888.1 12481 56464 76 641 582
1706140895.02 12482 56471 59 641 628
1706140902.42 12483 56478 90 641 589
1706140904.2 12484 56480 59 641 592
1706140904.58 12485 56480 87 641 566
1706140906.52 12486 56482 72 641 593
1706140912.24 12487 56488 35 641 596
1706140922.67 12488 56498 69 641 468
1706140929.74 12489 56505 67 641 628
1706140930.15 12490 56505 99 641 569
1706140931.17 12491 56506 91 641 489
1706140931.98 12492 56507 63 641 606
1706140934.46 12493 56510 1 641 524
1706140941.38 12494 56516 85 641 627
1706140941.88 12495 56517 26 641 465
1706140946.15 12496 56521 44 641 610
1706140946.79 12497 56521 99 641 587
1706140951.68 12498 56526 79 641 612
1706140952.3 12499 56527 31 641 587
1706140953.45 12500 56528 36 641 612
1706140953.63 12501 56528 44 641 544
1706140956.95 12502 56531 68 641 615
1706140961.93 12503 56536 57 641 628
1706140963.17 12504 56537 72 641 621
1706140964.28 12505 56538 74 641 602
1706140967.06 12506 56541 43 641 629
1706140975.12 12507 56549 41 641 629
1706140975.53 12508 56549 72 641 568
1706140977.28 12509 56551 38 641 628
1706140979.32 12510 56553 33 641 599
1706141011.37 12511 56585 32 641 562
1706141014.58 12512 56588 44 641 626
1706141017.36 12513 56591 13 641 630
1706141018.13 12514 56591 81 641 529
1706141025.7 12515 56599 29 641 631
1706141027.21 12516 56600 70 641 608
1706141028.67 12517 56602 9 641 624
1706141039.03 12518 56612 37 641 505
1706141047.1 12519 56620 35 641 624
1706141056.85 12520 56630 2 641 626
1706141061.8 12521 56634 87 641 613
1706141081.46 12522 56654 47 641 595
1706141091.41 12523 56664 33 641 623
1706141097.51 12524 56670 34 641 619
1706141101.71 12525 56674 45 641 619
1706141115.28 12526 56687 94 641 518
1706141128.41 12527 56701 0 641 595
1706141139.81 12528 56712 32 641 424
1706141145.63 12529 56718 6 641 619
1706141146.78 12530 56719 11 641 631
1706141150.89 12531 56723 13 641 538
1706141152.74 12532 56724 88 641 508
1706141158.98 12533 56731 4 641 618
1706141159.49 12534 56731 45 641 576
1706141162.64 12535 56734 51 641 595
1706141172.92 12536 56744 70 641 629
1706141181.01 12537 56752 71 641 628
1706141181.74 12538 56753 34 641 532
1706141182.7 12539 56754 21 641 618
1706141188.89 12540 56760 31 641 614
1706141192.22 12541 56763 55 641 633
1706141197.59 12542 56768 83 641 539
1706141202.41 12543 56773 55 641 626
1706141205.34 12544 56776 40 641 612
1706141213.66 12545 56784 63 641 629
1706141213.76 12546 56784 63 640 530
1706141215.73 12547 56786 53 641 620
1706141218.36 12548 56789 6 641 628
1706141232.83 12549 56803 45 641 604
1706141235.17 12550 56805 70 641 614
1706141235.33 12551 56805 76 641 545
1706141237.26 12552 56807 59 641 620
1706141240.23 12553 56810 48 641 616
1706141240.6 12554 56810 75 641 566
1706141250.85 12555 56820 92 641 632
1706141254.49 12556 56824 47 641 624
1706141285.93 12557 56855 85 641 624
1706141295.76 12558 56865 60 641 632
1706141301.65 12559 56871 40 641 519
1706141302.11 12560 56871 76 641 572
1706141305.29 12561 56874 86 641 589
1706141327.82 12562 56897 31 641 632
1706141347.25 12563 56916 67 641 585
1706141350.85 12564 56920 18 641 601
1706141364.54 12565 56933 78 641 630
1706141367.22 12566 56936 37 641 630
1706141384.85 12567 56953 92 641 593
1706141395.57 12568 56964 56 641 625
1706141402.44 12569 56971 34 641 625
1706141437.57 12570 57006 41 641 609
1706141439.17 12571 57007 92 641 624
1706141441.2 12572 57009 85 641 590
1706141442.46 12573 57011 2 641 629
1706141445.27 12574 57013 74 641 628
1706141449.75 12575 57018 13 641 575
1706141453.97 12576 57022 25 641 632
1706141457.91 12577 57026 11 641 628
1706141461.26 12578 57029 36 641 632
1706141463.65 12579 57031 66 641 625
1706141474.06 12580 57041 98 641 616
1706141480.94 12581 57048 78 641 618
1706141482.93 12582 57050 68 641 626
1706141485.34 12583 57053 0 641 617
1706141489.24 12584 57056 81 641 625
1706141491.08 12585 57058 56 641 635
1706141494.08 12586 57061 47 641 631
1706141497.77 12587 57065 7 641 622
1706141502.55 12588 57069 76 641 622
1706141503.06 12589 57070 18 641 578
1706141520.09 12590 57087 13 641 581
1706141527.31 12591 57094 26 641 627
1706141527.6 12592 57094 46 641 556
1706141528.56 12593 57095 33 641 619
1706141528.93 12594 57095 60 641 568
1706141529.28 12595 57095 85 641 479
1706141537.11 12596 57103 60 641 630
1706141549.23 12597 57115 64 641 623
1706141549.63 12598 57115 94 641 569
1706141550.23 12599 57116 44 641 589
1706141568.43 12600 57134 57 641 622
1706141571.48 12601 57137 53 641 624
1706141587.3 12602 57153 27 641 542
1706141589.12 12603 57155 1 641 622
1706141638.74 12604 57204 59 641 583
1706141663.72 12605 57229 49 641 626
1706141669.81 12606 57235 50 641 629
1706141678.22 12607 57243 83 641 580
1706141682.57 12608 57248 9 641 610
1706141684.01 12609 57249 43 641 630
1706141688.97 12610 57254 30 641 623
1706141690.57 12611 57255 81 641 620
1706141692.27 12612 57257 42 641 628
1706141697.54 12613 57262 60 641 630
1706141703.61 12614 57268 58 641 572
1706141703.9 12615 57268 77 641 554
1706141708.53 12616 57273 31 641 578
1706141708.63 12617 57273 31 640 534
1706141713.01 12618 57277 61 641 628
1706141719.95 12619 57284 46 641 608
1706141726.53 12620 57290 95 641 626
1706141730.33 12621 57294 66 641 622
1706141738.41 12622 57302 66 641 587
1706141753.21 12623 57317 38 641 628
1706141759.23 12624 57323 30 641 620
1706141777.41 12625 57341 41 641 626
1706141785.13 12626 57349 5 641 618
1706141790.12 12627 57353 96 641 602
1706141798.46 12628 57362 21 641 582
1706141800.64 12629 57364 30 641 632
1706141809.45 12630 57373 3 641 518
1706141810.31 12631 57373 80 641 608
1706141812.34 12632 57375 73 641 633
1706141844.64 12633 57407 98 641 632
1706141845.3 12634 57408 54 641 593
1706141856.64 12635 57419 79 641 598
1706141871.12 12636 57434 20 641 613
1706141885.47 12637 57448 47 641 623
1706141886.85 12638 57449 75 641 630
1706141889.18 12639 57451 99 641 623
1706141899.98 12640 57462 71 641 620
1706141906.91 12641 57469 55 641 392
1706141908.63 12642 57471 18 641 532
1706141911.41 12643 57473 87 641 630
1706141913.13 12644 57475 50 641 610
1706141913.23 12645 57475 50 640 536
1706141917.12 12646 57479 31 641 633
1706141917.69 12647 57479 79 640 368
1706141920.93 12648 57482 94 641 604
1706141921.51 12649 57483 42 641 583
1706141933.21 12650 57495 4 641 618
1706141938.3 12651 57500 4 641 618
1706141938.69 12652 57500 34 641 565
1706141943.41 12653 57504 97 641 633
1706141957.28 12654 57518 75 641 597
1706141957.39 12655 57518 77 641 535
1706141964.65 12656 57525 95 641 542
1706141968.13 12657 57529 33 641 630
1706141970.48 12658 57531 59 641 587
1706141976.66 12659 57537 68 641 616
1706141984.82 12660 57545 75 641 622
1706141986.7 12661 57547 54 641 517
1706141989.42 12662 57550 17 641 627
1706141994.43 12663 57555 9 641 524
1706141994.53 12664 57555 10 640 534
1706142018.28 12665 57578 79 641 435
1706142027.69 12666 57588 12 641 633
1706142043.99 12667 57604 33 641 473
1706142047.65 12668 57607 90 641 622
1706142052.11 12669 57612 27 641 624
1706142052.25 12670 57612 32 641 542
1706142061.29 12671 57621 28 641 576
1706142061.85 12672 57621 74 640 272
1706142066.87 12673 57626 67 641 626
1706142076.82 12674 57636 53 641 623
1706142078.57 12675 57638 19 641 622
1706142081.48 12676 57641 1 641 616
1706142085.13 12677 57644 57 641 630
1706142092.23 12678 57651 58 641 630
1706142096.36 12679 57655 62 641 612
1706142096.53 12680 57655 69 641 544
1706142098.29 12681 57657 36 641 626
1706142105.44 12682 57664 42 641 633
1706142114.84 12683 57673 74 641 630
1706142116.67 12684 57675 48 641 624
1706142117.28 12685 57675 99 641 519
1706142119.11 12686 57677 73 641 622
1706142124.87 12687 57683 40 641 526
1706142128.29 12688 57686 73 641 624
1706142130.3 12689 57688 64 641 600
1706142134.8 12690 57693 5 641 622
1706142140.01 12691 57698 18 641 622
1706142140.51 12692 57698 58 641 577
1706142146.31 12693 57704 29 641 544
1706142151.66 12694 57709 55 641 634
1706142157.78 12695 57715 58 641 527
1706142159.0 12696 57716 71 641 610
1706142159.51 12697 57717 12 641 580
1706142168.54 12698 57726 7 641 563
1706142170.89 12699 57728 33 641 624
1706142191.8 12700 57749 17 641 627
1706142205.23 12701 57762 51 641 633
1706142212.52 12702 57769 72 641 620
1706142213.72 12703 57770 82 641 635
1706142224.82 12704 57781 85 641 553
1706142235.05 12705 57792 0 641 634
1706142241.1 12706 57797 96 641 611
1706142243.7 12707 57800 46 641 595
1706142244.46 12708 57801 14 641 604
1706142248.38 12709 57804 96 641 628
1706142248.8 12710 57805 30 641 572
1706142249.97 12711 57806 37 641 597
1706142256.66 12712 57812 97 641 621
1706142261.9 12713 57818 13 641 628
1706142275.03 12714 57831 17 641 630
1706142294.51 12715 57850 58 641 593
1706142297.33 12716 57853 31 641 624
1706142304.6 12717 57860 49 641 615
1706142310.51 12718 57866 31 641 537
1706142316.69 12719 57872 40 641 618
1706142324.86 12720 57880 48 640 291
1706142335.41 12721 57890 95 641 632
1706142336.85 12722 57892 29 641 628
1706142344.52 12723 57899 87 641 595
1706142348.7 12724 57903 96 641 626
1706142356.07 12725 57911 24 641 624
1706142366.42 12726 57921 51 641 627
1706142368.02 12727 57923 2 641 553
1706142373.26 12728 57928 17 641 625
1706142379.09 12729 57933 92 641 611
1706142381.29 12730 57936 3 641 624
1706142390.29 12731 57944 94 641 624
1706142402.19 12732 57956 76 641 611
1706142406.53 12733 57961 1 641 634
1706142408.27 12734 57962 66 641 631
1706142420.64 12735 57974 95 641 631
1706142422.07 12736 57976 28 641 620
1706142422.53 12737 57976 65 641 572
1706142434.88 12738 57988 91 641 625
1706142450.41 12739 58004 37 641 622
1706142462.25 12740 58016 12 641 390
1706142464.74 12741 58018 53 641 572
1706142466.05 12742 58019 75 641 627
1706142469.07 12743 58022 68 641 629
1706142469.96 12744 58023 47 641 608
1706142470.9 12745 58024 32 641 482
1706142471.15 12746 58024 47 641 554
1706142472.64 12747 58025 87 641 600
1706142473.21 12748 58026 34 641 583
1706142475.5 12749 58028 53 641 595
1706142476.25 12750 58029 19 641 598
1706142477.37 12751 58030 21 641 623
1706142482.46 12752 58035 23 641 632
1706142483.65 12753 58036 33 641 606
1706142498.22 12754 58050 82 641 603
1706142506.68 12755 58059 19 641 630
1706142509.81 12756 58062 23 641 620
1706142523.94 12757 58076 28 641 633
1706142528.44 12758 58080 69 641 622
1706142540.35 12759 58092 52 641 628
1706142552.99 12760 58105 8 641 568
1706142562.93 12761 58114 93 641 631
1706142566.33 12762 58118 25 641 630
1706142574.54 12763 58126 37 641 638
1706142580.42 12764 58132 17 641 630
1706142581.91 12765 58133 56 641 626
1706142585.56 12766 58137 13 641 627
1706142589.76 12767 58141 24 641 620
1706142592.79 12768 58144 18 641 597
1706142593.55 12769 58144 84 641 600
1706142598.92 12770 58150 13 641 631
1706142605.54 12771 58156 66 641 630
1706142605.8 12772 58156 82 641 552
1706142623.66 12773 58174 60 641 622
1706142625.52 12774 58176 37 641 593
1706142626.75 12775 58177 50 641 492
1706142635.68 12776 58186 35 641 604
1706142647.71 12777 58198 29 641 593
1706142649.78 12778 58200 27 641 627
1706142660.11 12779 58210 52 641 627
1706142664.96 12780 58215 28 641 627
1706142666.36 12781 58216 58 641 590
1706142669.3 12782 58219 43 641 624
1706142671.41 12783 58221 45 641 626
1706142690.85 12784 58240 82 641 630
1706142692.33 12785 58242 20 641 632
1706142693.84 12786 58243 62 641 619
1706142696.57 12787 58246 25 641 397
1706142698.75 12788 58248 34 641 628
1706142704.47 12789 58253 97 641 626
1706142704.59 12790 58253 99 641 536
1706142712.02 12791 58261 35 641 630
1706142717.07 12792 58266 31 641 513
1706142742.77 12793 58291 94 641 629
1706142742.87 12794 58291 94 640 531
1706142746.2 12795 58295 19 641 608
1706142752.06 12796 58300 97 641 624
1706142752.68 12797 58301 50 641 422
1706142757.92 12798 58306 64 641 605
1706142778.04 12799 58326 70 641 577
1706142779.12 12800 58327 68 641 585
1706142783.38 12801 58331 85 641 618
1706142785.11 12802 58333 49 641 617
1706142792.67 12803 58340 96 641 630
1706142796.6 12804 58344 80 641 614
1706142804.59 12805 58352 71 641 591
1706142816.1 12806 58364 14 641 624
1706142820.64 12807 58368 59 641 626
1706142823.16 12808 58371 3 641 591
1706142830.36 12809 58378 14 641 624
1706142839.11 12810 58386 81 641 633
1706142856.86 12811 58404 49 641 627
1706142861.84 12812 58409 38 641 518
1706142868.86 12813 58416 32 641 627
1706142877.89 12814 58425 27 641 515
1706142888.66 12815 58435 96 641 619
1706142890.29 12816 58437 50 641 617
1706142894.27 12817 58441 38 641 617
1706142900.43 12818 58447 46 641 627
1706142908.78 12819 58455 72 641 628
1706142910.81 12820 58457 65 641 622
1706142915.28 12821 58462 4 641 629
1706142917.25 12822 58463 92 641 597
1706142918.62 12823 58465 19 641 613
1706142922.12 12824 58468 60 641 617
1706142941.87 12825 58488 28 641 538
1706142947.19 12826 58493 50 641 394
1706142950.59 12827 58496 82 641 617
1706142957.39 12828 58503 53 641 630
1706142960.05 12829 58506 10 641 401
1706142967.83 12830 58513 79 641 628
1706142974.21 12831 58520 8 641 626
1706142984.21 12832 58530 0 641 621
1706142994.57 12833 58540 28 641 626
1706142996.82 12834 58542 45 641 604
1706142997.1 12835 58542 63 641 519
1706142997.5 12836 58542 94 641 569
1706142998.48 12837 58543 83 641 626
1706143008.59 12838 58553 85 641 628
1706143012.6 12839 58557 77 641 622
1706143013.67 12840 58558 74 641 626
1706143026.37 12841 58571 36 641 626
1706143027.15 12842 58572 5 641 601
1706143056.52 12843 58601 36 641 622
1706143078.24 12844 58623 1 641 625
1706143089.73 12845 58634 42 641 625
1706143104.27 12846 58648 88 641 629
1706143105.88 12847 58650 40 641 541
1706143108.86 12848 58653 29 641 600
1706143110.85 12849 58655 19 641 631
