1709424019.83 9374 48914 10 641 632
1709424026.45 9375 48920 63 641 622
1709424028.73 9376 48922 82 641 624
1709424039.47 9377 48933 48 641 625
1709424050.61 9378 48944 55 641 602
1709424050.89 9379 48944 73 641 549
1709424061.68 9380 48955 44 641 616
1709424065.74 9381 48959 42 641 627
1709424066.44 9382 48960 3 641 578
1709424071.58 9383 48965 9 641 631
1709424075.87 9384 48969 29 641 612
1709424078.13 9385 48971 46 641 628
1709424087.3 9386 48980 56 641 409
1709424098.62 9387 48991 80 641 627
1709424100.11 9388 48993 21 641 513
1709424105.39 9389 48998 40 641 625
1709424105.54 9390 48998 46 641 539
1709424122.36 9391 49015 20 641 615
1709424126.81 9392 49019 57 641 359
1709424135.82 9393 49028 49 641 629
1709424147.49 9394 49040 9 641 580
1709424148.96 9395 49041 47 641 583
1709424149.56 9396 49041 99 641 574
1709424152.81 9397 49045 15 641 620
1709424162.97 9398 49055 23 641 628
1709424176.2 9399 49068 39 641 523
1709424186.53 9400 49078 64 641 632
1709424216.33 9401 49108 39 641 617
1709424256.98 9402 49149 0 641 624
1709424262.9 9403 49154 84 641 628
1709424272.56 9404 49164 42 641 497
1709424276.81 9405 49168 58 641 624
1709424279.38 9406 49171 8 641 608
1709424280.59 9407 49172 20 641 613
1709424280.69 9408 49172 20 640 531
1709424293.01 9409 49184 45 641 559
1709424294.57 9410 49185 93 641 622
1709424297.82 9411 49189 9 641 617
1709424302.82 9412 49194 1 641 629
1709424307.6 9413 49198 71 641 612
1709424314.74 9414 49205 77 641 636
1709424317.75 9415 49208 69 641 630
1709424318.58 9416 49209 43 641 589
1709424323.85 9417 49214 62 641 610
1709424329.32 9418 49220 1 641 617
1709424333.39 9419 49224 0 641 620
1709424334.28 9420 49224 79 641 591
1709424337.35 9421 49227 79 641 621
1709424342.73 9422 49233 9 641 628
1709424346.06 9423 49236 34 641 630
1709424354.01 9424 49244 20 641 430
1709424354.43 9425 49244 53 641 561
1709424367.54 9426 49257 57 641 627
1709424369.89 9427 49259 83 641 455
1709424370.43 9428 49260 27 641 569
1709424377.43 9429 49267 19 641 623
1709424388.32 9430 49277 99 641 507
1709424403.01 9431 49292 62 641 577
1709424415.11 9432 49304 64 641 510
1709424429.39 9433 49318 85 641 378
1709424436.93 9434 49326 31 641 589
1709424445.93 9435 49335 23 641 553
1709424446.77 9436 49335 98 641 591
1709424448.4 9437 49337 52 641 619
1709424458.78 9438 49347 82 641 617
1709424463.43 9439 49352 38 641 627
1709424463.62 9440 49352 49 641 545
1709424474.2 9441 49362 99 641 615
1709424488.35 9442 49377 7 641 628
1709424488.73 9443 49377 36 641 556
1709424493.15 9444 49381 70 641 606
1709424501.34 9445 49389 81 641 621
1709424504.3 9446 49392 68 641 600
1709424513.11 9447 49401 40 641 622
1709424521.79 9448 49410 1 641 630
1709424555.88 9449 49444 5 641 512
1709424556.87 9450 49444 96 641 593
1709424565.34 9451 49453 34 641 436
1709424572.03 9452 49459 95 641 622
1709424574.15 9453 49461 99 641 620
1709424578.42 9454 49466 18 641 632
1709424583.46 9455 49471 13 641 622
1709424601.03 9456 49488 62 641 633
1709424610.68 9457 49498 19 641 624
1709424620.4 9458 49507 84 641 625
1709424645.32 9459 49532 69 641 626
1709424674.08 9460 49561 39 641 565
1709424686.61 9461 49573 84 641 613
1709424698.31 9462 49585 46 641 627
1709424699.62 9463 49586 68 641 621
1709424700.6 9464 49587 57 641 504
1709424702.69 9465 49589 57 641 622
1709424706.03 9466 49592 83 641 613
1709424722.46 9467 49609 19 641 627
1709424729.71 9468 49616 35 641 615
1709424732.53 9469 49619 9 641 590
1709424738.6 9470 49625 8 641 623
1709424768.83 9471 49655 26 641 620
1709424773.44 9472 49659 78 641 626
1709424819.51 9473 49705 81 641 619
1709424820.24 9474 49706 45 641 582
1709424820.33 9475 49706 45 640 531
1709424822.72 9476 49708 76 641 625
1709424824.42 9477 49710 37 641 622
1709424826.15 9478 49712 2 641 626
1709424836.55 9479 49722 34 641 536
1709424836.96 9480 49722 66 641 559
1709424837.63 9481 49723 23 641 579
1709424847.88 9482 49733 40 641 627
1709424872.33 9483 49757 78 641 619
1709424883.09 9484 49768 46 641 631
1709424883.59 9485 49768 87 641 569
1709424889.49 9486 49774 68 641 626
1709424899.26 9487 49784 37 641 629
1709424918.78 9488 49803 82 641 626
1709424923.83 9489 49808 79 641 628
1709424924.67 9490 49809 54 641 590
1709424930.99 9491 49815 77 641 624
1709424934.04 9492 49818 73 641 625
1709424939.6 9493 49824 20 641 629
