1708732801.07 51073 20549 27 641 547
1708732802.31 51074 20550 41 641 617
1708732803.51 51075 20551 52 641 613
1708732809.21 51076 20557 13 641 623
1708732831.37 51077 20579 22 641 624
1708732839.87 51078 20587 63 641 625
1708732840.09 51079 20587 76 641 548
1708732845.43 51080 20593 1 641 508
1708732848.68 51081 20596 17 641 625
1708732866.39 51082 20613 81 641 614
1708732882.18 51083 20629 52 641 614
1708732885.2 51084 20632 45 641 620
1708732898.02 51085 20645 19 641 614
1708732907.39 51086 20654 47 641 592
1708732912.75 51087 20659 74 641 622
1708732926.04 51088 20672 95 641 611
1708732940.19 51089 20687 2 641 617
1708732942.4 51090 20689 14 641 629
1708732966.58 51091 20713 25 641 505
1708732966.7 51092 20713 27 641 536
1708732967.48 51093 20713 96 641 589
1708732973.14 51094 20719 53 641 621
1708732997.97 51095 20744 30 641 625
1708733009.07 51096 20755 31 641 629
1708733017.7 51097 20763 86 641 624
1708733018.54 51098 20764 61 641 592
1708733030.54 51099 20776 52 641 624
1708733036.54 51100 20782 44 641 631
1708733040.22 51101 20786 3 641 631
1708733045.39 51102 20791 11 641 599
1708733046.87 51103 20792 50 641 622
1708733047.33 51104 20792 87 641 568
1708733050.9 51105 20796 35 641 618
1708733064.31 51106 20809 68 641 628
1708733066.34 51107 20811 62 641 619
1708733075.21 51108 20820 41 641 557
1708733075.97 51109 20821 8 641 586
1708733078.63 51110 20823 64 641 620
1708733092.68 51111 20837 61 641 621
1708733093.55 51112 20838 40 641 591
1708733103.12 51113 20847 88 641 624
1708733105.4 51114 20850 7 641 628
1708733109.86 51115 20854 44 641 602
1708733115.06 51116 20859 55 641 625
1708733118.86 51117 20863 26 641 630
1708733137.29 51118 20881 62 641 611
1708733137.63 51119 20881 87 641 556
1708733139.45 51120 20883 60 641 533
1708733143.7 51121 20887 76 641 604
1708733160.54 51122 20904 52 641 612
1708733165.82 51123 20909 71 641 596
1708733173.68 51124 20917 49 641 631
1708733176.63 51125 20920 35 641 626
1708733190.68 51126 20934 32 641 624
1708733200.5 51127 20944 6 641 542
1708733214.02 51128 20957 50 641 631
1708733232.82 51129 20976 23 641 630
1708733233.45 51130 20976 76 641 571
1708733237.94 51131 20981 16 641 620
1708733241.02 51132 20984 14 641 622
1708733246.54 51133 20989 58 641 626
1708733250.7 51134 20993 65 641 541
1708733252.19 51135 20995 4 641 488
1708733262.88 51136 21005 65 641 627
1708733284.08 51137 21026 78 641 608
1708733288.79 51138 21031 40 641 608
1708733290.99 51139 21033 52 641 632
1708733291.98 51140 21034 42 640 438
1708733294.0 51141 21036 35 641 624
1708733317.61 51142 21059 89 641 527
1708733320.52 51143 21062 70 641 625
1708733343.64 51144 21085 75 641 614
1708733349.07 51145 21091 9 641 601
1708733349.71 51146 21091 64 641 540
1708733359.27 51147 21101 11 641 623
1708733359.98 51148 21101 73 641 582
1708733367.5 51149 21109 17 641 540
1708733369.16 51150 21110 73 641 489
1708733385.08 51151 21126 57 641 624
1708733394.26 51152 21135 66 641 630
1708733403.1 51153 21144 42 641 598
1708733403.75 51154 21144 98 641 510
1708733407.99 51155 21149 12 641 631
1708733408.27 51156 21149 30 641 551
1708733414.8 51157 21155 75 641 602
1708733428.58 51158 21169 45 641 550
1708733432.48 51159 21173 26 641 507
1708733436.35 51160 21177 4 641 626
1708733455.36 51161 21195 98 641 628
1708733458.26 51162 21198 79 641 536
1708733464.25 51163 21204 69 641 630
1708733465.77 51164 21206 12 641 598
1708733468.25 51165 21208 51 641 630
1708733468.71 51166 21208 87 641 515
1708733487.01 51167 21227 10 641 633
1708733505.21 51168 21245 22 641 628
1708733505.43 51169 21245 35 641 546
1708733514.67 51170 21254 50 641 621
1708733518.75 51171 21258 49 641 597
1708733522.12 51172 21261 77 641 616
1708733523.2 51173 21262 76 641 611
1708733535.44 51174 21274 93 641 598
1708733535.65 51175 21275 4 641 545
1708733540.08 51176 21279 39 641 606
1708733544.25 51177 21283 46 641 578
1708733544.64 51178 21283 76 641 560
1708733564.81 51179 21303 85 641 621
1708733568.81 51180 21307 76 641 591
1708733574.86 51181 21313 73 641 600
1708733591.43 51182 21330 22 641 619
1708733623.73 51183 21362 47 641 590
1708733624.23 51184 21362 88 641 569
1708733626.19 51185 21364 75 641 620
1708733629.65 51186 21368 11 641 629
1708733633.29 51187 21371 66 641 620
1708733635.02 51188 21373 31 641 628
1708733666.66 51189 21404 88 641 604
1708733675.7 51190 21413 84 641 553
1708733677.61 51191 21415 66 641 497
1708733681.64 51192 21419 60 641 571
1708733684.86 51193 21422 72 641 563
1708733688.96 51194 21426 74 641 613
1708733697.5 51195 21435 19 641 614
1708733713.79 51196 21451 41 641 616
1708733717.6 51197 21455 12 641 441
1708733731.71 51198 21469 15 641 629
1708733777.33 51199 21514 73 641 609
1708733791.78 51200 21529 10 641 616
1708733810.46 51201 21547 71 641 617
1708733811.35 51202 21548 50 641 599
1708733822.47 51203 21559 54 641 579
1708733835.96 51204 21572 95 641 629
1708733841.12 51205 21578 3 641 628
1708733842.46 51206 21579 28 641 610
1708733857.16 51207 21593 90 641 615
1708733874.98 51208 21611 64 641 623
1708733877.47 51209 21614 5 641 632
1708733885.04 51210 21621 53 641 580
1708733889.08 51211 21625 48 641 622
1708733890.55 51212 21626 86 641 605
1708733904.6 51213 21640 83 641 614
1708733911.32 51214 21647 46 641 529
1708733915.68 51215 21651 73 641 542
1708733918.57 51216 21654 52 641 615
1708733935.56 51217 21671 44 641 580
1708733947.69 51218 21683 49 641 528
1708733958.2 51219 21693 92 641 599
1708733968.92 51220 21704 55 641 618
1708733994.27 51221 21729 83 641 465
1708733998.35 51222 21733 83 641 622
1708734002.58 51223 21737 97 641 620
1708734014.88 51224 21750 18 641 533
1708734018.92 51225 21754 13 641 622
1708734023.69 51226 21758 81 641 609
1708734031.79 51227 21766 82 641 506
1708734033.46 51228 21768 40 641 623
1708734053.1 51229 21787 96 641 630
1708734057.86 51230 21792 64 641 624
1708734059.3 51231 21793 98 641 615
1708734069.65 51232 21804 26 641 627
1708734075.72 51233 21810 24 641 631
1708734089.84 51234 21824 28 641 630
1708734094.48 51235 21828 83 641 624
1708734104.31 51236 21838 57 641 618
1708734106.64 51237 21840 81 641 621
1708734108.09 51238 21842 17 641 625
1708734123.56 51239 21857 56 641 624
1708734127.86 51240 21861 78 641 632
1708734137.6 51241 21871 44 641 616
1708734141.11 51242 21874 86 641 592
1708734142.53 51243 21876 18 641 603
1708734143.37 51244 21876 93 641 595
1708734149.12 51245 21882 59 641 540
1708734149.31 51246 21882 69 641 547
1708734152.34 51247 21885 63 641 606
1708734163.41 51248 21896 62 641 618
1708734174.21 51249 21907 33 641 605
1708734175.7 51250 21908 73 641 626
1708734178.82 51251 21911 76 641 556
1708734178.92 51252 21911 76 640 535
1708734183.15 51253 21915 90 641 620
1708734191.71 51254 21924 39 641 564
1708734203.78 51255 21936 38 641 628
1708734204.67 51256 21937 18 641 600
1708734219.63 51257 21952 6 641 626
1708734220.69 51258 21953 3 641 612
1708734227.35 51259 21959 61 641 605
1708734246.03 51260 21978 21 641 592
1708734250.89 51261 21982 98 641 616
1708734253.05 51262 21985 5 641 559
1708734256.72 51263 21988 63 641 624
1708734260.62 51264 21992 45 641 624
1708734263.32 51265 21995 6 641 628
1708734264.99 51266 21996 63 641 629
1708734275.22 51267 22006 78 641 612
1708734280.4 51268 22011 88 641 623
1708734286.16 51269 22017 55 641 627
1708734286.34 51270 22017 63 641 540
1708734290.06 51271 22021 26 641 492
1708734298.5 51272 22029 61 641 627
1708734304.37 51273 22035 40 641 627
1708734343.04 51274 22074 1 641 603
1708734365.35 51275 22096 26 641 564
1708734372.24 51276 22103 7 641 630
1708734374.31 51277 22105 5 641 620
1708734378.72 51278 22109 37 641 513
1708734387.54 51279 22118 11 641 629
1708734392.51 51280 22122 99 641 606
1708734407.8 51281 22138 20 641 632
1708734415.58 51282 22145 90 641 628
1708734426.66 51283 22156 89 641 611
1708734447.25 51284 22177 42 641 629
1708734451.15 51285 22181 22 641 611
1708734468.5 51286 22198 50 641 605
1708734470.96 51287 22200 88 641 617
1708734482.77 51288 22212 60 641 515
1708734494.69 51289 22224 44 641 626
1708734511.64 51290 22241 31 641 517
1708734521.51 51291 22251 10 641 626
1708734522.94 51292 22252 43 641 620
1708734525.14 51293 22254 54 641 627
1708734546.34 51294 22275 67 641 615
1708734548.47 51295 22277 71 641 620
1708734569.17 51296 22298 34 641 622
1708734570.56 51297 22299 64 641 630
1708734572.77 51298 22301 76 641 627
1708734579.34 51299 22308 25 641 570
1708734590.53 51300 22319 36 641 615
1708734597.79 51301 22326 53 641 625
1708734614.94 51302 22343 61 641 601
1708734618.08 51303 22346 65 641 624
1708734622.65 51304 22351 14 641 624
1708734624.94 51305 22353 33 641 628
1708734636.15 51306 22364 46 641 624
1708734637.15 51307 22365 37 641 610
1708734647.2 51308 22375 34 641 623
1708734657.95 51309 22386 0 641 625
1708734669.39 51310 22397 36 641 617
1708734678.26 51311 22406 14 641 627
1708734678.6 51312 22406 39 641 558
1708734687.28 51313 22414 99 641 628
1708734698.82 51314 22426 44 641 624
1708734704.01 51315 22431 54 641 608
1708734711.14 51316 22438 58 641 624
1708734712.25 51317 22439 60 641 457
1708734721.97 51318 22449 23 641 568
1708734724.58 51319 22451 75 641 564
1708734735.29 51320 22462 37 641 623
1708734760.61 51321 22487 63 641 620
1708734767.12 51322 22494 5 641 630
1708734770.31 51323 22497 16 641 618
1708734782.01 51324 22508 77 641 511
1708734783.09 51325 22509 76 641 616
1708734784.91 51326 22511 49 641 628
1708734799.55 51327 22526 5 641 626
1708734801.81 51328 22528 22 641 628
1708734803.56 51329 22529 88 641 609
1708734807.08 51330 22533 31 641 620
1708734814.73 51331 22540 88 641 632
1708734818.62 51332 22544 68 641 620
1708734819.2 51333 22545 16 641 579
1708734859.52 51334 22585 43 641 512
1708734864.64 51335 22590 48 641 580
1708734867.7 51336 22593 44 641 632
1708734868.07 51337 22593 71 641 563
1708734898.3 51338 22623 88 641 628
1708734915.01 51339 22640 52 641 606
1708734918.33 51340 22643 75 641 628
1708734921.91 51341 22647 24 641 636
1708734926.8 51342 22652 5 641 632
1708734940.24 51343 22665 40 641 626
1708734948.89 51344 22673 96 641 633
1708734954.12 51345 22679 11 641 610
1708734958.36 51346 22683 26 641 629
1708734970.93 51347 22695 74 641 622
1708734973.93 51348 22698 65 641 612
1708734977.22 51349 22701 86 641 618
1708734980.73 51350 22705 28 641 617
1708734990.65 51351 22715 12 641 596
1708734991.52 51352 22715 89 641 601
1708735001.45 51353 22725 74 641 630
1708735025.98 51354 22750 20 641 622
1708735026.57 51355 22750 69 641 529
1708735033.92 51356 22757 96 641 612
1708735034.4 51357 22758 34 641 574
1708735044.47 51358 22768 33 641 622
1708735046.04 51359 22769 80 641 619
1708735052.11 51360 22775 78 641 612
1708735055.21 51361 22778 79 641 415
1708735056.7 51362 22780 18 641 611
1708735059.9 51363 22783 29 641 544
1708735061.43 51364 22784 72 641 627
1708735070.22 51365 22793 42 641 548
1708735072.97 51366 22796 8 641 622
1708735077.5 51367 22800 52 641 615
1708735082.51 51368 22805 44 641 624
1708735088.87 51369 22811 72 641 607
1708735101.13 51370 22823 89 641 632
1708735101.9 51371 22824 57 641 600
1708735109.43 51372 22832 1 641 621
1708735133.93 51373 22856 45 641 610
1708735140.59 51374 22863 3 641 633
1708735143.04 51375 22865 39 641 624
1708735144.09 51376 22866 35 641 593
1708735157.87 51377 22880 5 641 616
1708735158.77 51378 22880 85 640 471
1708735175.21 51379 22897 22 641 615
1708735175.78 51380 22897 70 641 583
1708735185.52 51381 22907 35 641 627
1708735195.44 51382 22917 19 641 613
1708735196.73 51383 22918 38 641 636
1708735199.4 51384 22920 96 641 579
1708735210.33 51385 22931 81 641 623
1708735210.45 51386 22931 83 641 537
1708735224.87 51387 22946 18 641 626
1708735227.25 51388 22948 47 641 603
1708735231.25 51389 22952 38 641 604
1708735244.22 51390 22965 27 641 623
1708735245.68 51391 22966 64 641 620
1708735256.28 51392 22977 15 641 635
1708735258.54 51393 22979 31 641 611
1708735259.25 51394 22979 94 641 533
1708735260.26 51395 22980 86 641 618
1708735264.0 51396 22984 51 641 576
1708735264.54 51397 22984 96 641 577
1708735267.48 51398 22987 80 641 611
1708735271.73 51399 22991 96 641 529
1708735276.49 51400 22996 63 641 563
1708735276.76 51401 22996 81 641 553
1708735278.28 51402 22998 23 641 625
1708735283.47 51403 23003 34 641 628
1708735288.85 51404 23008 63 641 623
1708735299.26 51405 23018 96 641 620
1708735305.79 51406 23025 40 641 600
1708735309.97 51407 23029 49 641 626
1708735313.02 51408 23032 46 641 626
1708735315.69 51409 23035 4 641 595
1708735345.83 51410 23065 11 641 627
1708735351.89 51411 23071 9 641 627
1708735366.33 51412 23085 45 641 611
1708735371.27 51413 23090 30 641 628
1708735395.47 51414 23114 44 641 623
1708735398.91 51415 23117 79 641 501
