1704758418.22 45207 4419 90 641 621
1704758425.73 45208 4427 33 641 631
1704758429.91 45209 4431 43 641 627
1704758430.01 45210 4431 43 640 528
1704758438.76 45211 4440 11 641 598
1704758439.09 45212 4440 34 641 551
1704758439.74 45213 4440 91 641 499
1704758452.41 45214 4453 50 641 626
1704758458.08 45215 4459 8 641 605
1704758460.05 45216 4460 96 641 624
1704758480.18 45217 4481 2 641 627
1704758485.34 45218 4486 10 641 623
1704758501.61 45219 4502 30 641 628
1704758503.39 45220 4503 99 641 630
1704758515.07 45221 4515 59 641 618
1704758519.4 45222 4519 83 641 621
1704758524.87 45223 4525 22 641 597
1704758526.95 45224 4527 21 641 627
1704758529.62 45225 4529 79 641 592
1704758530.82 45226 4530 90 641 600
1704758534.41 45227 4534 40 641 570
1704758537.46 45228 4537 36 641 630
1704758550.69 45229 4550 52 641 598
1704758553.85 45230 4553 59 641 589
1704758561.31 45231 4560 97 641 615
1704758568.1 45232 4567 67 641 556
1704758572.74 45233 4572 24 641 628
1704758573.13 45234 4572 54 641 552
1704758615.1 45235 4614 47 641 621
1704758615.33 45236 4614 61 641 542
1704758620.7 45237 4619 89 641 632
1704758620.96 45238 4620 6 641 546
1704758634.69 45239 4633 72 641 622
1704758635.19 45240 4634 13 641 562
1704758657.02 45241 4655 89 641 631
1704758666.93 45242 4665 72 641 625
1704758677.67 45243 4676 38 641 628
1704758682.09 45244 4680 72 641 622
1704758684.07 45245 4682 61 641 626
1704758692.44 45246 4690 90 641 605
1704758693.57 45247 4691 94 641 595
1704758698.91 45248 4697 20 641 617
1704758704.1 45249 4702 30 641 623
1704758710.19 45250 4708 31 641 604
1704758722.3 45251 4720 35 641 625
1704758737.27 45252 4735 24 641 629
1704758757.32 45253 4755 22 641 606
1704758759.75 45254 4757 56 641 632
1704758773.55 45255 4771 29 641 629
1704758777.56 45256 4775 21 641 483
1704758783.34 45257 4780 91 641 543
1704758791.97 45258 4789 46 641 629
1704758808.35 45259 4805 77 641 608
1704758814.7 45260 4812 3 641 599
1704758816.5 45261 4813 75 641 633
1704758822.76 45262 4819 93 641 622
1704758823.79 45263 4820 87 641 589
1704758841.9 45264 4838 91 641 625
1704758846.13 45265 4843 5 641 541
1704758849.72 45266 4846 56 641 460
1704758855.51 45267 4852 26 641 627
1704758867.84 45268 4864 51 641 597
1704758873.92 45269 4870 51 641 572
1704758878.19 45270 4874 70 641 534
1704758890.7 45271 4887 13 641 630
1704758891.13 45272 4887 47 641 554
1704758900.98 45273 4897 24 641 622
1704758906.63 45274 4902 80 641 632
1704758910.18 45275 4906 27 641 620
1704758916.31 45276 4912 31 641 596
1704758919.22 45277 4915 13 641 630
1704758921.73 45278 4917 55 641 538
1704758923.15 45279 4918 88 641 549
1704758923.36 45280 4919 1 641 546
1704758930.11 45281 4925 68 641 613
1704758935.43 45282 4930 92 641 593
1704758941.49 45283 4936 90 641 621
1704758945.15 45284 4940 47 641 614
1704758945.65 45285 4940 88 641 562
1704758962.99 45286 4958 15 641 494
1704758968.51 45287 4963 59 641 620
1704758974.13 45288 4969 13 641 630
1704758976.76 45289 4971 67 641 621
1704758980.87 45290 4975 70 641 616
1704758982.76 45291 4977 50 641 621
1704758982.85 45292 4977 50 640 534
1704758984.09 45293 4978 66 641 608
1704758984.67 45294 4979 15 641 568
1704758984.81 45295 4979 20 641 537
1704758987.91 45296 4982 22 641 556
1704758998.4 45297 4992 63 641 626
1704759004.84 45298 4998 99 641 628
1704759012.91 45299 5006 97 641 525
1704759015.48 45300 5009 46 641 616
1704759027.71 45301 5021 61 641 624
1704759032.27 45302 5026 9 641 617
1704759038.45 45303 5032 19 641 599
1704759047.0 45304 5040 66 641 626
1704759062.7 45305 5056 28 641 627
1704759066.78 45306 5060 27 641 622
1704759066.96 45307 5060 37 641 540
1704759075.4 45308 5068 73 641 581
1704759078.05 45309 5071 29 641 623
1704759080.9 45310 5074 5 641 620
1704759085.04 45311 5078 11 641 625
1704759091.61 45312 5084 60 641 557
1704759095.54 45313 5088 44 641 629
1704759109.4 45314 5102 23 641 630
1704759111.97 45315 5104 71 641 603
1704759112.4 45316 5105 5 641 556
1704759113.8 45317 5106 36 641 598
1704759113.99 45318 5106 46 641 492
1704759114.37 45319 5106 76 641 556
1704759122.62 45320 5114 93 641 625
1704759127.66 45321 5119 88 641 621
1704759127.75 45322 5119 88 640 533
1704759135.28 45323 5127 33 641 574
1704759140.57 45324 5132 55 641 630
1704759143.41 45325 5135 30 641 631
1704759153.92 45326 5145 74 641 623
1704759157.53 45327 5149 26 641 628
1704759171.72 45328 5163 38 641 625
1704759172.09 45329 5163 66 641 554
1704759172.51 45330 5163 99 641 556
1704759173.7 45331 5165 9 641 602
1704759188.83 45332 5180 16 641 627
1704759200.47 45333 5191 72 641 625
1704759203.25 45334 5194 41 641 626
1704759212.77 45335 5203 85 641 628
1704759216.02 45336 5207 2 641 510
1704759229.3 45337 5220 22 641 625
1704759230.19 45338 5221 2 641 580
1704759231.71 45339 5222 46 641 618
1704759237.19 45340 5227 85 641 618
1704759281.9 45341 5272 52 641 625
1704759284.32 45342 5274 85 641 627
1704759286.14 45343 5276 59 641 631
1704759290.76 45344 5281 12 641 625
1704759292.9 45345 5283 18 641 613
1704759297.72 45346 5287 91 641 623
1704759301.9 45347 5292 1 641 620
1704759307.66 45348 5297 68 641 630
1704759310.59 45349 5300 52 641 588
1704759311.72 45350 5301 57 641 597
1704759312.23 45351 5301 99 641 563
1704759323.73 45352 5313 41 641 630
1704759325.4 45353 5315 0 641 579
1704759332.97 45354 5322 49 641 568
1704759334.03 45355 5323 46 641 590
1704759338.29 45356 5327 63 641 588
1704759341.0 45357 5330 25 641 619
1704759343.33 45358 5332 49 641 621
1704759354.92 45359 5344 1 641 625
1704759360.08 45360 5349 8 641 629
1704759360.5 45361 5349 42 641 558
1704759363.3 45362 5352 13 641 614
1704759374.84 45363 5363 59 641 609
1704759379.71 45364 5368 37 641 627
1704759382.75 45365 5371 32 641 622
1704759390.08 45366 5378 57 641 571
1704759397.63 45367 5386 4 641 608
1704759403.36 45368 5391 69 641 617
1704759404.53 45369 5392 77 641 598
1704759404.75 45370 5392 91 641 544
1704759434.85 45371 5422 95 641 622
1704759442.36 45372 5430 38 641 623
1704759443.1 45373 5431 3 641 576
1704759456.89 45374 5444 75 641 618
1704759458.01 45375 5445 77 641 595
1704759465.56 45376 5453 24 641 629
1704759473.44 45377 5461 4 641 629
1704759474.09 45378 5461 60 641 567
1704759476.59 45379 5464 2 641 617
1704759476.68 45380 5464 2 640 535
1704759489.85 45381 5477 12 641 619
1704759494.01 45382 5481 20 641 585
1704759500.35 45383 5487 45 641 555
1704759514.08 45384 5501 10 641 620
1704759519.93 45385 5506 86 641 623
1704759523.6 45386 5510 45 641 628
1704759524.39 45387 5511 14 641 579
1704759524.48 45388 5511 14 640 533
1704759525.63 45389 5512 21 641 601
1704759540.4 45390 5526 91 641 577
1704759556.03 45391 5542 46 641 569
1704759564.1 45392 5550 46 641 476
1704759567.6 45393 5553 87 641 470
1704759567.7 45394 5553 87 640 531
1704759571.37 45395 5557 46 641 620
1704759571.68 45396 5557 68 641 551
1704759574.74 45397 5560 65 641 629
1704759578.97 45398 5564 79 641 614
1704759588.33 45399 5574 7 641 630
1704759601.39 45400 5587 6 641 629
1704759601.72 45401 5587 30 641 550
1704759604.76 45402 5590 25 641 628
1704759610.02 45403 5595 43 641 618
1704759611.28 45404 5596 60 641 603
1704759617.44 45405 5602 68 641 492
1704759628.13 45406 5613 29 641 624
1704759629.68 45407 5614 75 641 618
1704759630.44 45408 5615 42 641 572
1704759632.09 45409 5616 98 641 594
1704759636.96 45410 5621 77 641 622
1704759638.42 45411 5623 14 641 610
1704759642.9 45412 5627 54 641 516
1704759651.84 45413 5636 39 641 626
1704759659.98 45414 5644 46 641 621
1704759664.99 45415 5649 38 641 629
1704759667.96 45416 5652 26 641 614
1704759668.37 45417 5652 58 641 555
1704759671.62 45418 5655 74 641 607
1704759675.79 45419 5659 83 641 521
1704759691.71 45420 5675 67 641 619
1704759693.61 45421 5677 48 641 610
1704759705.39 45422 5689 18 641 630
1704759711.3 45423 5695 0 641 627
1704759713.75 45424 5697 36 641 538
1704759714.31 45425 5697 83 641 564
1704759731.46 45426 5714 91 641 627
1704759731.68 45427 5715 5 641 543
1704759735.07 45428 5718 35 641 628
1704759738.27 45429 5721 46 641 632
1704759739.33 45430 5722 44 641 593
1704759744.5 45431 5727 52 641 622
1704759748.87 45432 5731 80 641 614
1704759766.06 45433 5748 92 641 506
1704759772.01 45434 5754 78 641 625
1704759774.16 45435 5756 84 641 620
1704759777.56 45436 5760 15 641 626
1704759781.18 45437 5763 68 641 628
1704759783.4 45438 5765 82 641 611
1704759788.61 45439 5770 95 641 625
1704759788.88 45440 5771 13 641 545
1704759795.22 45441 5777 38 641 628
1704759814.39 45442 5796 49 641 613
1704759819.88 45443 5801 90 641 629
1704759824.66 45444 5806 59 641 627
1704759831.52 45445 5813 37 641 629
1704759832.94 45446 5814 70 641 609
1704759835.07 45447 5816 74 641 518
1704759838.59 45448 5820 18 641 625
1704759838.69 45449 5820 18 640 533
1704759845.47 45450 5826 89 641 540
1704759869.52 45451 5850 87 641 629
1704759869.95 45452 5851 21 641 558
1704759870.79 45453 5851 96 641 580
1704759882.45 45454 5863 54 641 617
1704759887.77 45455 5868 78 641 622
1704759893.17 45456 5874 9 641 429
1704759893.47 45457 5874 30 641 549
1704759894.81 45458 5875 56 641 511
1704759903.46 45459 5884 13 641 623
1704759905.65 45460 5886 23 641 577
1704759907.55 45461 5888 5 641 580
1704759909.78 45462 5890 19 641 622
1704759919.45 45463 5899 79 641 629
1704759922.8 45464 5903 5 641 541
1704759925.07 45465 5905 23 641 537
1704759929.1 45466 5909 17 641 610
1704759946.53 45467 5926 53 641 625
1704759958.01 45468 5937 94 641 534
1704759968.38 45469 5948 23 641 621
1704759969.07 45470 5948 83 641 570
1704759970.97 45471 5950 64 641 609
1704759973.79 45472 5953 37 641 617
1704759984.77 45473 5964 27 641 524
1704759991.36 45474 5970 78 641 624
1704759997.44 45475 5976 77 641 623
1704759998.8 45476 5978 5 641 521
1704760004.74 45477 5983 91 641 616
1704760010.34 45478 5989 42 641 621
1704760021.8 45479 6000 81 641 626
1704760027.67 45480 6006 60 641 626
1704760051.1 45481 6029 96 641 628
1704760060.07 45482 6038 85 641 419
1704760066.35 45483 6045 5 641 608
1704760070.71 45484 6049 32 641 407
1704760071.6 45485 6050 12 641 582
1704760074.51 45486 6052 94 641 635
1704760081.04 45487 6059 38 641 621
1704760088.26 45488 6066 52 641 607
1704760092.1 45489 6070 27 641 610
1704760097.99 45490 6076 8 641 625
1704760109.74 45491 6087 75 641 616
1704760127.41 45492 6105 35 641 613
1704760131.77 45493 6109 62 641 577
1704760138.29 45494 6116 7 641 623
1704760145.44 45495 6123 14 641 521
1704760156.75 45496 6134 36 641 629
1704760166.97 45497 6144 51 640 404
1704760170.49 45498 6147 94 641 520
1704760183.96 45499 6161 33 641 605
1704760184.75 45500 6162 3 641 575
1704760190.91 45501 6168 11 641 531
1704760191.43 45502 6168 55 641 561
1704760192.75 45503 6169 78 641 608
1704760205.92 45504 6182 88 641 408
1704760207.99 45505 6184 86 641 626
1704760210.56 45506 6187 35 641 627
1704760210.66 45507 6187 36 641 534
1704760210.75 45508 6187 36 640 532
1704760214.31 45509 6190 84 641 440
1704760214.67 45510 6191 11 641 555
1704760216.9 45511 6193 25 641 627
1704760231.05 45512 6207 32 641 625
1704760256.8 45513 6233 1 641 624
1704760273.04 45514 6249 19 641 621
1704760275.37 45515 6251 43 641 621
1704760278.09 45516 6254 6 641 627
1704760289.11 45517 6265 1 641 589
1704760297.31 45518 6273 14 641 617
1704760299.6 45519 6275 34 641 627
1704760301.87 45520 6277 52 641 596
1704760319.16 45521 6294 74 641 628
1704760321.47 45522 6296 96 641 618
1704760345.86 45523 6321 29 641 630
1704760346.52 45524 6321 85 641 568
1704760347.72 45525 6322 97 641 600
1704760353.03 45526 6328 20 641 591
1704760354.36 45527 6329 44 641 606
1704760364.31 45528 6339 31 641 564
1704760368.42 45529 6343 33 641 617
1704760368.89 45530 6343 71 641 559
1704760369.38 45531 6344 12 641 565
1704760370.73 45532 6345 38 641 587
1704760373.28 45533 6347 84 641 635
1704760387.73 45534 6362 22 641 578
1704760398.36 45535 6372 77 641 626
1704760403.75 45536 6378 8 641 578
1704760409.25 45537 6383 49 641 618
1704760435.33 45538 6409 51 641 625
1704760445.02 45539 6419 12 641 435
1704760455.58 45540 6429 60 641 624
1704760461.36 45541 6435 29 641 553
1704760463.58 45542 6437 43 641 627
1704760466.87 45543 6440 63 641 632
1704760472.88 45544 6446 56 641 608
1704760475.47 45545 6449 6 641 557
1704760478.13 45546 6451 64 641 631
1704760484.19 45547 6457 62 641 622
1704760489.29 45548 6462 63 641 616
1704760493.9 45549 6467 15 641 617
1704760499.44 45550 6472 60 641 627
1704760499.53 45551 6472 61 640 530
1704760502.73 45552 6475 73 641 623
1704760503.08 45553 6476 0 641 553
1704760524.0 45554 6496 85 641 624
1704760525.01 45555 6497 77 641 588
1704760528.49 45556 6501 17 641 586
1704760534.16 45557 6506 75 641 624
1704760535.92 45558 6508 42 641 629
1704760539.35 45559 6511 76 641 613
1704760542.62 45560 6514 95 641 610
1704760544.04 45561 6516 28 641 537
1704760545.62 45562 6517 77 641 622
1704760561.92 45563 6534 0 641 611
1704760571.26 45564 6543 26 641 632
1704760572.11 45565 6544 2 641 579
1704760578.47 45566 6550 30 641 624
1704760587.56 45567 6559 31 641 608
1704760589.68 45568 6561 34 641 514
1704760596.09 45569 6567 66 641 633
1704760599.05 45570 6570 54 641 628
1704760615.48 45571 6586 90 641 622
1704760615.65 45572 6586 97 641 539
1704760617.25 45573 6588 48 641 616
1704760617.36 45574 6588 51 641 535
1704760632.35 45575 6603 42 641 623
1704760633.39 45576 6604 38 641 590
1704760641.67 45577 6612 58 641 615
1704760651.91 45578 6622 73 641 605
1704760653.45 45579 6624 18 641 613
1704760670.47 45580 6641 13 641 456
1704760676.59 45581 6647 17 641 625
1704760680.1 45582 6650 60 641 626
1704760688.58 45583 6659 0 641 628
1704760694.58 45584 6664 92 641 621
1704760702.16 45585 6672 42 641 602
1704760702.99 45586 6673 15 641 576
1704760709.4 45587 6679 48 641 628
1704760713.21 45588 6683 21 641 608
1704760717.09 45589 6687 0 641 635
1704760719.15 45590 6688 97 641 610
1704760721.43 45591 6691 17 641 497
1704760722.81 45592 6692 46 641 545
1704760736.57 45593 6706 15 641 464
1704760740.42 45594 6709 91 641 631
1704760743.76 45595 6713 16 641 513
1704760754.98 45596 6724 31 641 627
1704760757.03 45597 6726 27 641 578
1704760757.98 45598 6727 13 641 586
1704760760.55 45599 6729 61 641 595
1704760761.76 45600 6730 73 641 598
1704760781.37 45601 6750 28 641 627
1704760786.72 45602 6755 54 641 631
1704760789.27 45603 6758 1 641 631
1704760801.43 45604 6770 9 641 596
1704760801.7 45605 6770 27 641 547
1704760826.53 45606 6795 4 641 624
1704760827.25 45607 6795 67 641 570
1704760838.95 45608 6807 30 641 629
1704760850.27 45609 6818 54 641 591
1704760865.28 45610 6833 47 641 621
1704760866.79 45611 6834 89 641 616
1704760873.24 45612 6841 26 641 624
1704760884.44 45613 6852 39 641 578
1704760884.81 45614 6852 67 641 554
1704760894.42 45615 6862 20 641 565
1704760896.56 45616 6864 25 641 620
1704760905.92 45617 6873 53 641 625
1704760914.03 45618 6881 55 641 521
1704760922.28 45619 6889 72 641 446
1704760935.06 45620 6902 42 641 615
1704760940.08 45621 6907 36 641 623
1704760962.26 45622 6929 47 641 606
1704760969.92 45623 6937 5 641 574
1704760982.45 45624 6949 51 641 627
1704760982.55 45625 6949 51 640 532
1704760991.98 45626 6958 88 641 534
1704760996.34 45627 6963 16 641 630
1704761015.7 45628 6982 44 641 560
1704761018.18 45629 6984 84 641 624
1704761022.41 45630 6988 99 641 616
1704761026.92 45631 6993 42 641 624
1704761037.3 45632 7003 72 641 628
1704761044.53 45633 7010 87 641 624
1704761044.82 45634 7011 7 641 435
1704761048.06 45635 7014 22 641 601
1704761048.74 45636 7014 82 641 571
1704761058.96 45637 7024 96 641 583
1704761060.35 45638 7026 26 641 608
1704761062.61 45639 7028 44 641 617
1704761072.0 45640 7037 75 641 553
1704761075.08 45641 7040 74 641 630
1704761079.02 45642 7044 60 641 617
1704761087.15 45643 7052 65 641 632
1704761091.48 45644 7056 89 641 630
1704761092.88 45645 7058 20 641 605
1704761099.2 45646 7064 44 641 624
1704761108.0 45647 7073 16 641 607
1704761116.8 45648 7081 88 641 627
1704761117.49 45649 7082 48 641 573
1704761130.43 45650 7095 35 641 622
1704761131.62 45651 7096 45 641 576
1704761134.11 45652 7098 85 641 627
1704761134.86 45653 7099 51 641 574
1704761149.35 45654 7113 92 641 627
1704761154.22 45655 7118 70 641 553
1704761155.92 45656 7120 32 641 625
1704761160.09 45657 7124 41 641 604
1704761169.29 45658 7133 53 641 630
1704761175.04 45659 7139 19 641 557
1704761182.05 45660 7146 12 641 628
1704761189.32 45661 7153 31 641 607
1704761193.55 45662 7157 46 641 624
1704761208.94 45663 7172 78 641 583
1704761212.66 45664 7176 41 641 630
1704761227.25 45665 7190 92 641 575
1704761231.78 45666 7195 36 641 625
1704761235.45 45667 7198 95 641 626
1704761239.75 45668 7203 16 641 633
1704761241.22 45669 7204 55 641 612
1704761246.49 45670 7209 73 641 558
1704761248.45 45671 7211 61 641 613
1704761248.55 45672 7211 61 640 530
1704761256.19 45673 7219 18 641 626
1704761258.12 45674 7221 2 641 613
1704761260.6 45675 7223 42 641 516
1704761263.87 45676 7226 60 641 624
1704761275.31 45677 7237 96 641 630
1704761280.17 45678 7242 75 641 616
1704761290.92 45679 7253 42 641 628
1704761293.56 45680 7255 97 641 609
1704761294.15 45681 7256 47 641 565
1704761299.58 45682 7261 82 641 621
1704761303.3 45683 7265 45 641 628
1704761303.88 45684 7265 94 641 565
1704761305.37 45685 7267 34 641 618
1704761314.3 45686 7276 19 641 624
1704761316.31 45687 7278 11 641 619
1704761318.47 45688 7280 19 641 621
1704761328.88 45689 7290 52 641 487
1704761331.0 45690 7292 55 641 627
1704761333.46 45691 7294 93 641 596
1704761336.82 45692 7298 20 641 512
1704761341.92 45693 7303 21 641 624
1704761342.17 45694 7303 37 641 544
1704761342.78 45695 7303 89 641 570
1704761347.27 45696 7308 30 641 633
1704761366.57 45697 7327 52 641 625
1704761367.33 45698 7328 19 641 577
1704761379.89 45699 7340 68 641 616
1704761384.51 45700 7345 21 641 623
1704761385.81 45701 7346 42 641 602
1704761390.15 45702 7350 68 641 616
1704761403.41 45703 7363 87 641 630
1704761406.69 45704 7367 6 641 627
1704761415.99 45705 7376 29 641 616
1704761440.29 45706 7400 53 641 623
1704761440.39 45707 7400 53 640 533
1704761440.56 45708 7400 62 641 540
1704761444.64 45709 7404 61 641 632
1704761448.69 45710 7408 58 641 630
1704761448.94 45711 7408 74 641 545
1704761458.31 45712 7418 4 641 627
1704761472.44 45713 7432 9 641 625
1704761479.43 45714 7439 1 641 621
1704761484.41 45715 7443 91 641 620
1704761492.26 45716 7451 67 641 482
1704761500.97 45717 7460 30 641 627
1704761501.13 45718 7460 37 641 541
1704761503.52 45719 7462 68 641 618
1704761510.96 45720 7470 4 641 596
1704761515.37 45721 7474 36 641 632
1704761521.94 45722 7480 85 641 633
1704761524.24 45723 7483 6 641 613
1704761525.88 45724 7484 61 641 609
1704761527.82 45725 7486 46 641 561
1704761529.78 45726 7488 34 641 637
1704761533.65 45727 7492 12 641 619
1704761534.74 45728 7493 13 641 592
1704761546.49 45729 7504 80 641 631
1704761547.28 45730 7505 50 641 579
1704761569.64 45731 7527 79 641 601
1704761570.54 45732 7528 60 641 515
1704761577.92 45733 7535 90 641 615
1704761583.98 45734 7541 88 641 636
1704761588.7 45735 7546 52 641 623
1704761593.77 45736 7551 51 641 603
1704761603.06 45737 7560 72 641 626
1704761609.3 45738 7566 87 641 568
1704761616.29 45739 7573 78 641 558
1704761617.06 45740 7574 46 641 570
1704761619.99 45741 7577 31 641 620
1704761620.33 45742 7577 56 641 555
1704761628.19 45743 7585 34 641 627
1704761630.44 45744 7587 50 641 584
1704761646.87 45745 7603 85 641 621
1704761661.91 45746 7618 82 641 622
1704761663.25 45747 7620 7 641 606
1704761674.63 45748 7631 38 641 632
1704761687.73 45749 7644 41 641 602
1704761699.9 45750 7656 50 641 601
1704761700.68 45751 7657 20 641 574
1704761713.71 45752 7670 16 641 617
1704761725.9 45753 7682 27 641 624
1704761741.58 45754 7697 88 641 631
1704761751.93 45755 7708 15 641 608
1704761752.89 45756 7709 2 641 586
1704761761.43 45757 7717 48 641 626
1704761766.6 45758 7722 56 641 581
1704761772.57 45759 7728 44 641 570
1704761773.34 45760 7729 12 641 576
1704761780.37 45761 7736 7 641 609
1704761780.73 45762 7736 34 641 553
1704761786.82 45763 7742 35 641 508
1704761787.49 45764 7742 93 641 570
1704761788.48 45765 7743 83 641 588
1704761803.04 45766 7758 31 641 625
1704761812.32 45767 7767 51 641 621
1704761812.62 45768 7767 72 641 548
1704761823.67 45769 7778 69 640 262
1704761832.61 45770 7787 55 641 551
1704761832.99 45771 7787 84 641 551
1704761833.27 45772 7788 3 641 547
1704761833.46 45773 7788 14 641 540
1704761834.29 45774 7788 88 641 584
1704761840.81 45775 7795 32 641 609
1704761849.4 45776 7803 82 641 626
1704761860.99 45777 7815 34 641 582
1704761870.68 45778 7824 95 641 619
1704761871.63 45779 7825 81 641 588
1704761874.94 45780 7829 3 641 621
1704761878.83 45781 7832 84 641 592
1704761882.23 45782 7836 15 641 571
1704761893.73 45783 7847 57 641 628
1704761897.62 45784 7851 37 641 622
1704761901.24 45785 7854 91 641 424
1704761911.74 45786 7865 33 641 621
1704761920.33 45787 7873 83 641 629
1704761939.88 45788 7893 31 641 569
1704761945.04 45789 7898 39 641 557
1704761953.83 45790 7907 9 641 539
1704761954.02 45791 7907 20 641 543
1704761955.57 45792 7908 66 641 621
1704761959.67 45793 7912 67 641 627
1704761968.47 45794 7921 39 641 626
1704761968.57 45795 7921 39 640 533
1704761968.74 45796 7921 48 641 539
1704761980.93 45797 7933 60 641 627
1704761984.2 45798 7936 78 641 458
1704761993.67 45799 7946 17 641 629
1704762014.2 45800 7966 64 641 588
1704762019.14 45801 7971 50 641 611
1704762030.95 45802 7983 23 641 572
1704762057.68 45803 8009 90 641 564
1704762058.39 45804 8010 52 641 574
1704762059.21 45805 8011 25 641 580
1704762067.12 45806 8019 9 641 627
1704762072.2 45807 8024 9 641 630
1704762076.08 45808 8027 89 641 554
1704762076.19 45809 8027 90 641 535
1704762078.63 45810 8030 25 641 607
1704762082.42 45811 8033 96 641 632
1704762085.84 45812 8037 30 641 613
1704762099.82 45813 8051 20 641 620
1704762101.81 45814 8053 11 641 616
1704762111.48 45815 8062 70 641 616
1704762114.42 45816 8065 55 641 616
1704762127.48 45817 8078 53 641 627
1704762145.57 45818 8096 55 641 514
1704762164.48 45819 8115 39 641 627
1704762168.53 45820 8119 36 641 572
1704762176.83 45821 8127 58 641 622
1704762179.99 45822 8130 66 641 631
1704762184.61 45823 8135 20 641 626
1704762186.34 45824 8136 84 641 627
1704762196.44 45825 8146 86 641 636
1704762204.98 45826 8155 32 641 621
1704762206.14 45827 8156 39 641 524
1704762210.87 45828 8161 3 641 506
1704762213.13 45829 8163 21 641 629
1704762216.01 45830 8166 1 641 621
1704762218.88 45831 8168 79 641 616
1704762220.2 45832 8170 2 641 423
1704762220.52 45833 8170 26 641 553
1704762226.61 45834 8176 26 641 618
1704762232.7 45835 8182 27 641 527
1704762232.8 45836 8182 27 640 533
1704762238.74 45837 8188 13 641 527
1704762254.14 45838 8203 46 641 619
1704762273.54 45839 8222 79 641 526
1704762274.11 45840 8223 28 641 565
1704762275.23 45841 8224 30 641 598
1704762281.45 45842 8230 44 641 632
1704762287.68 45843 8236 58 641 617
1704762295.38 45844 8244 20 641 630
1704762307.06 45845 8255 80 641 530
1704762308.35 45846 8257 0 641 536
1704762311.81 45847 8260 38 641 627
1704762318.05 45848 8266 54 641 615
1704762318.65 45849 8267 5 641 567
1704762318.8 45850 8267 11 641 538
1704762320.36 45851 8268 58 641 625
1704762324.82 45852 8272 95 641 622
1704762328.26 45853 8276 32 641 623
1704762333.6 45854 8281 57 641 620
1704762336.84 45855 8284 73 641 627
1704762341.55 45856 8289 35 641 626
1704762363.68 45857 8311 43 641 621
1704762363.78 45858 8311 43 640 530
1704762365.05 45859 8312 62 641 607
1704762373.99 45860 8321 48 641 411
1704762378.67 45861 8326 8 641 586
1704762380.32 45862 8327 64 641 627
1704762398.04 45863 8345 28 641 636
1704762414.24 45864 8361 41 641 594
1704762415.18 45865 8362 26 641 587
1704762417.85 45866 8364 83 641 594
1704762419.3 45867 8366 20 641 614
1704762419.51 45868 8366 31 641 541
1704762426.83 45869 8373 56 641 620
1704762438.24 45870 8384 89 641 627
1704762440.07 45871 8386 63 641 511
1704762451.64 45872 8398 12 641 621
1704762453.45 45873 8399 84 641 583
1704762456.7 45874 8403 1 641 624
1704762457.87 45875 8404 9 641 598
1704762459.79 45876 8405 92 641 638
1704762462.85 45877 8408 89 641 604
1704762464.21 45878 8410 16 641 610
1704762464.71 45879 8410 57 641 497
1704762465.43 45880 8411 20 641 577
1704762473.3 45881 8418 99 641 595
1704762482.89 45882 8428 51 641 621
1704762483.02 45883 8428 55 641 535
1704762492.98 45884 8438 42 641 524
1704762497.6 45885 8442 96 641 612
1704762501.56 45886 8446 83 641 597
1704762501.75 45887 8446 92 641 543
1704762502.54 45888 8447 63 641 578
1704762504.06 45889 8449 7 641 621
1704762506.09 45890 8451 1 641 614
1704762506.8 45891 8451 63 641 575
1704762507.15 45892 8451 88 641 550
1704762507.97 45893 8452 62 641 585
1704762508.88 45894 8453 43 641 588
1704762510.24 45895 8454 70 641 611
1704762517.42 45896 8461 80 641 618
1704762524.03 45897 8468 32 641 628
1704762527.49 45898 8471 70 641 550
1704762529.73 45899 8473 85 641 534
1704762529.95 45900 8473 98 641 543
1704762539.45 45901 8483 41 641 623
1704762544.88 45902 8488 75 641 619
1704762545.86 45903 8489 64 641 589
1704762553.96 45904 8497 66 641 619
1704762556.3 45905 8499 91 641 624
1704762565.56 45906 8509 8 641 505
1704762568.06 45907 8511 51 641 448
1704762582.59 45908 8525 96 641 624
1704762592.47 45909 8535 76 641 629
1704762628.3 45910 8571 55 641 377
1704762629.89 45911 8573 5 641 453
1704762639.36 45912 8582 45 641 628
1704762653.88 45913 8596 89 641 510
1704762654.42 45914 8597 35 641 566
1704762654.79 45915 8597 63 641 553
1704762661.81 45916 8604 57 641 570
1704762670.25 45917 8612 94 641 468
1704762673.86 45918 8616 45 641 631
1704762679.14 45919 8621 65 641 571
1704762682.29 45920 8624 72 641 629
1704762684.33 45921 8626 66 641 617
1704762684.98 45922 8627 23 641 570
1704762693.9 45923 8636 7 641 630
1704762700.49 45924 8642 57 641 624
1704762702.54 45925 8644 55 641 615
1704762703.16 45926 8645 8 641 569
1704762703.4 45927 8645 23 641 494
1704762707.49 45928 8649 23 641 622
1704762708.01 45929 8649 66 641 563
1704762708.17 45930 8649 73 641 543
1704762710.98 45931 8652 46 641 606
1704762726.06 45932 8667 46 641 634
1704762728.97 45933 8670 29 641 624
1704762733.79 45934 8675 2 641 626
1704762737.62 45935 8678 77 641 614
1704762744.25 45936 8685 32 641 625
1704762745.38 45937 8686 36 641 552
1704762748.28 45938 8689 18 641 609
1704762751.98 45939 8692 79 641 617
1704762764.64 45940 8705 38 641 620
1704762774.89 45941 8715 55 641 628
1704762780.65 45942 8721 23 641 580
1704762785.18 45943 8725 67 641 578
1704762787.54 45944 8727 95 641 604
1704762799.74 45945 8740 7 641 632
1704762815.39 45946 8755 65 641 586
1704762819.59 45947 8759 76 641 454
1704762820.35 45948 8760 43 641 576
1704762820.7 45949 8760 70 641 554
1704762822.04 45950 8761 95 641 611
1704762827.53 45951 8767 36 641 536
1704762844.85 45952 8784 60 641 598
1704762845.45 45953 8785 11 641 565
1704762866.3 45954 8805 89 641 508
1704762867.49 45955 8807 0 641 458
1704762872.62 45956 8812 4 641 624
1704762885.42 45957 8824 77 641 620
1704762885.54 45958 8824 80 641 537
1704762893.25 45959 8832 43 641 630
1704762900.48 45960 8839 58 641 621
1704762921.81 45961 8860 85 641 631
1704762941.26 45962 8880 23 641 625
1704762941.91 45963 8880 79 641 568
1704762943.72 45964 8882 51 641 632
1704762950.5 45965 8889 21 641 620
1704762954.38 45966 8893 1 641 625
1704762958.53 45967 8897 7 641 627
1704762958.8 45968 8897 25 641 545
1704762980.18 45969 8918 56 641 631
1704762986.37 45970 8924 67 641 579
1704762988.87 45971 8927 9 641 564
1704762995.48 45972 8933 62 641 626
1704762998.75 45973 8936 80 641 527
1704763001.15 45974 8939 12 641 607
1704763004.79 45975 8942 67 641 557
1704763010.06 45976 8947 85 641 622
1704763025.79 45977 8963 51 641 617
1704763027.8 45978 8965 44 641 607
1704763051.69 45979 8989 27 641 628
1704763055.84 45980 8993 33 641 634
1704763056.84 45981 8994 24 641 589
1704763057.93 45982 8995 24 641 569
1704763061.29 45983 8998 51 641 622
1704763070.5 45984 9007 64 641 624
1704763071.53 45985 9008 58 641 590
1704763079.11 45986 9016 7 641 622
1704763085.88 45987 9022 76 641 614
1704763097.26 45988 9034 7 641 624
1704763104.06 45989 9040 79 641 569
1704763104.84 45990 9041 47 641 505
1704763105.93 45991 9042 47 641 599
1704763108.01 45992 9044 46 641 627
1704763111.58 45993 9047 95 641 629
1704763112.89 45994 9049 17 641 606
1704763113.44 45995 9049 63 641 564
1704763116.33 45996 9052 44 641 561
1704763118.9 45997 9054 92 641 632
1704763125.4 45998 9061 34 641 621
1704763139.11 45999 9074 98 641 449
1704763140.4 46000 9076 17 641 451
1704763141.86 46001 9077 55 641 615
1704763161.42 46002 9097 4 641 635
1704763163.29 46003 9098 82 641 591
1704763166.97 46004 9102 42 641 536
1704763171.57 46005 9106 93 641 625
1704763182.97 46006 9118 26 641 623
1704763184.04 46007 9119 24 641 592
1704763189.04 46008 9124 15 641 630
1704763209.4 46009 9144 45 641 623
1704763210.6 46010 9145 56 641 600
1704763212.28 46011 9147 15 641 627
1704763215.92 46012 9150 70 641 525
1704763218.84 46013 9153 54 641 622
1704763222.2 46014 9156 81 641 622
1704763228.01 46015 9162 53 641 624
1704763231.25 46016 9165 69 641 544
1704763231.43 46017 9165 78 641 541
1704763233.76 46018 9168 2 641 630
1704763233.85 46019 9168 2 640 529
1704763237.21 46020 9171 31 641 626
1704763239.79 46021 9173 80 641 574
1704763248.97 46022 9182 90 641 621
1704763250.55 46023 9184 38 641 554
1704763259.32 46024 9193 8 641 619
1704763259.45 46025 9193 12 641 537
1704763263.84 46026 9197 42 641 595
1704763270.09 46027 9203 59 641 617
1704763275.51 46028 9208 93 641 627
1704763275.82 46029 9209 16 641 401
1704763276.69 46030 9209 93 641 586
1704763276.89 46031 9210 5 641 541
1704763280.8 46032 9213 87 641 630
1704763295.3 46033 9228 30 641 609
1704763310.8 46034 9243 73 641 629
1704763327.37 46035 9260 23 641 627
1704763330.85 46036 9263 62 641 535
1704763332.77 46037 9265 45 641 630
1704763339.33 46038 9271 93 641 612
1704763342.61 46039 9275 12 641 630
1704763344.95 46040 9277 37 641 615
1704763346.93 46041 9279 26 641 614
1704763358.04 46042 9290 30 641 540
1704763359.04 46043 9291 21 641 590
1704763363.72 46044 9295 80 641 625
1704763364.62 46045 9296 61 641 463
1704763368.77 46046 9300 67 641 594
1704763369.79 46047 9301 60 641 589
1704763382.76 46048 9314 49 641 624
1704763391.24 46049 9322 90 641 625
1704763403.53 46050 9335 11 641 576
1704763411.8 46051 9343 30 641 629
1704763418.27 46052 9349 68 641 628
1704763422.65 46053 9353 97 641 536
1704763426.49 46054 9357 72 641 626
1704763427.18 46055 9358 32 641 572
1704763428.18 46056 9359 24 641 592
1704763428.57 46057 9359 53 641 554
1704763434.69 46058 9365 57 641 622
1704763435.72 46059 9366 51 641 588
1704763441.34 46060 9372 5 641 627
1704763442.04 46061 9372 67 641 572
1704763443.02 46062 9373 56 641 590
1704763445.05 46063 9375 50 641 575
1704763450.19 46064 9380 55 641 622
1704763452.98 46065 9383 25 641 515
1704763463.66 46066 9393 85 641 573
1704763464.86 46067 9394 97 641 598
1704763468.94 46068 9398 96 641 625
1704763470.64 46069 9400 58 641 625
1704763482.99 46070 9412 84 641 631
1704763483.88 46071 9413 65 641 584
1704763487.78 46072 9417 46 641 609
1704763488.17 46073 9417 76 641 554
1704763488.99 46074 9418 49 641 581
1704763492.23 46075 9421 64 641 628
1704763492.49 46076 9421 82 641 547
1704763501.69 46077 9430 93 641 619
1704763503.56 46078 9432 72 641 542
1704763504.5 46079 9433 57 641 587
1704763513.01 46080 9442 0 641 630
1704763520.02 46081 9448 93 641 618
1704763526.75 46082 9455 57 641 630
1704763537.17 46083 9465 91 641 596
1704763537.49 46084 9466 14 641 491
1704763544.31 46085 9472 88 641 629
1704763549.6 46086 9478 9 641 623
1704763549.85 46087 9478 25 641 545
1704763551.56 46088 9479 87 641 613
1704763564.67 46089 9492 90 641 550
1704763567.07 46090 9495 21 641 627
1704763603.64 46091 9531 73 641 620
1704763604.94 46092 9532 94 641 607
1704763609.94 46093 9537 85 641 627
1704763610.59 46094 9538 40 641 570
1704763610.68 46095 9538 40 640 528
1704763612.44 46096 9540 8 641 616
1704763615.06 46097 9542 61 641 625
1704763620.52 46098 9547 99 641 617
1704763622.07 46099 9549 44 641 618
1704763625.43 46100 9552 72 641 631
1704763634.18 46101 9561 39 641 581
1704763662.99 46102 9590 14 641 625
1704763663.51 46103 9590 57 641 565
1704763665.17 46104 9592 14 641 615
1704763669.43 46105 9596 32 641 618
1704763671.74 46106 9598 54 641 630
1704763673.12 46107 9599 83 641 610
1704763675.56 46108 9602 19 641 615
1704763679.32 46109 9605 86 641 616
1704763698.17 46110 9624 64 641 475
1704763703.8 46111 9630 19 641 625
1704763705.76 46112 9632 7 641 615
1704763713.93 46113 9640 15 639 226
1704763715.23 46114 9641 36 641 605
1704763716.16 46115 9642 21 641 589
1704763722.34 46116 9648 31 641 621
1704763723.66 46117 9649 54 641 605
1704763725.01 46118 9650 80 641 609
1704763729.52 46119 9655 22 641 619
1704763743.0 46120 9668 64 641 621
1704763749.7 46121 9675 25 641 584
1704763754.56 46122 9680 4 641 627
1704763757.28 46123 9682 67 641 625
1704763758.07 46124 9683 37 641 577
1704763766.53 46125 9691 75 641 623
1704763773.49 46126 9698 63 641 630
1704763779.97 46127 9705 3 641 440
1704763780.65 46128 9705 62 641 574
1704763786.06 46129 9710 94 641 620
1704763788.78 46130 9713 57 641 623
1704763789.65 46131 9714 36 641 583
1704763790.81 46132 9715 43 641 499
1704763806.34 46133 9730 89 641 627
1704763807.95 46134 9732 41 641 620
1704763808.28 46135 9732 64 641 550
1704763808.75 46136 9733 3 641 561
1704763813.47 46137 9737 67 641 625
1704763817.24 46138 9741 35 641 629
1704763821.29 46139 9745 31 641 623
1704763821.83 46140 9745 76 641 566
1704763822.79 46141 9746 63 641 590
1704763828.2 46142 9751 95 641 622
1704763839.48 46143 9763 15 641 613
1704763839.57 46144 9763 15 640 531
1704763840.57 46145 9764 7 641 591
1704763843.28 46146 9766 70 641 625
1704763853.61 46147 9776 94 641 577
1704763855.1 46148 9778 34 641 615
1704763872.81 46149 9795 99 641 586
1704763875.24 46150 9798 33 641 618
1704763880.87 46151 9803 88 641 627
1704763883.25 46152 9806 17 641 553
1704763885.82 46153 9808 65 641 588
1704763921.28 46154 9844 6 641 621
1704763923.07 46155 9845 76 641 579
1704763929.25 46156 9851 86 641 631
1704763933.05 46157 9855 57 641 617
1704763935.64 46158 9858 7 641 629
1704763939.59 46159 9861 94 641 627
1704763942.35 46160 9864 61 641 626
1704763942.65 46161 9864 82 641 551
1704763946.38 46162 9868 46 641 623
1704763950.82 46163 9872 82 641 600
1704763953.46 46164 9875 37 641 592
1704763956.73 46165 9878 55 641 625
1704763964.48 46166 9886 22 641 624
1704763975.16 46167 9896 82 641 624
1704763990.72 46168 9912 31 641 621
1704763997.07 46169 9918 57 641 529
1704763997.19 46170 9918 60 641 535
1704763999.18 46171 9920 50 641 630
1704764006.39 46172 9927 62 641 630
1704764011.22 46173 9932 37 641 629
1704764016.94 46174 9938 1 641 633
1704764025.61 46175 9946 60 641 631
1704764027.4 46176 9948 30 641 627
1704764028.46 46177 9949 27 641 553
1704764029.44 46178 9950 16 641 588
1704764029.72 46179 9950 36 641 549
1704764037.49 46180 9958 4 641 625
1704764037.6 46181 9958 7 641 537
1704764038.32 46182 9958 70 641 579
1704764039.97 46183 9960 26 641 624
1704764042.35 46184 9962 56 641 584
1704764053.34 46185 9973 47 641 618
1704764054.54 46186 9974 59 641 601
1704764060.4 46187 9980 36 641 465
1704764061.68 46188 9981 55 641 604
1704764069.46 46189 9989 25 641 623
1704764094.67 46190 10014 40 641 619
1704764100.85 46191 10020 49 641 626
1704764104.05 46192 10023 60 641 629
1704764109.79 46193 10029 25 641 608
1704764111.88 46194 10031 25 641 617
1704764116.54 46195 10035 81 641 623
1704764116.86 46196 10036 5 641 552
1704764120.46 46197 10039 56 641 624
1704764121.93 46198 10040 94 641 614
1704764128.62 46199 10047 55 641 627
1704764131.98 46200 10050 81 641 617
1704764132.37 46201 10051 11 641 555
1704764140.85 46202 10059 50 641 623
1704764141.76 46203 10060 32 641 584
1704764141.87 46204 10060 33 641 483
1704764153.19 46205 10071 57 641 501
1704764157.56 46206 10075 85 641 628
1704764165.54 46207 10083 74 641 629
1704764174.72 46208 10092 84 641 512
1704764183.24 46209 10101 27 641 621
1704764183.54 46210 10101 48 641 550
1704764191.82 46211 10109 67 641 631
1704764193.95 46212 10111 71 641 572
1704764199.8 46213 10117 47 641 623
1704764202.3 46214 10119 87 641 619
1704764205.23 46215 10122 71 641 631
1704764209.96 46216 10127 35 641 628
1704764212.18 46217 10129 48 641 623
1704764212.38 46218 10129 59 641 544
1704764219.77 46219 10136 89 641 616
1704764229.38 46220 10146 41 641 624
1704764232.1 46221 10149 5 641 622
1704764237.51 46222 10154 37 641 626
1704764237.84 46223 10154 60 641 554
1704764243.98 46224 10160 65 641 628
1704764252.35 46225 10168 94 641 627
1704764257.32 46226 10173 83 641 608
1704764258.73 46227 10175 14 641 612
1704764264.22 46228 10180 54 641 619
1704764269.82 46229 10186 5 641 630
1704764270.29 46230 10186 43 641 560
1704764271.06 46231 10187 11 641 578
1704764273.05 46232 10189 1 641 464
1704764274.46 46233 10190 33 641 612
1704764279.29 46234 10195 7 641 624
1704764285.21 46235 10200 90 641 628
1704764300.07 46236 10215 68 641 628
1704764318.27 46237 10233 81 641 622
1704764319.94 46238 10235 39 641 621
1704764321.42 46239 10236 78 641 614
1704764324.42 46240 10239 69 641 625
1704764326.94 46241 10242 12 641 576
1704764335.29 46242 10250 39 641 623
1704764335.6 46243 10250 60 641 548
1704764342.0 46244 10256 92 641 630
1704764345.62 46245 10260 44 641 631
1704764358.3 46246 10273 4 641 624
1704764364.74 46247 10279 40 641 622
1704764368.29 46248 10282 86 641 623
1704764369.18 46249 10283 66 641 582
1704764372.51 46250 10286 90 641 520
1704764385.35 46251 10299 66 641 629
1704764392.37 46252 10306 60 641 622
1704764401.28 46253 10315 42 641 625
1704764403.26 46254 10317 31 641 618
1704764403.68 46255 10317 63 641 555
1704764412.53 46256 10326 39 641 605
1704764418.19 46257 10331 97 641 615
1704764420.49 46258 10334 18 641 595
1704764422.76 46259 10336 35 641 566
1704764430.45 46260 10343 97 641 535
1704764431.58 46261 10345 0 641 594
1704764447.21 46262 10360 56 641 525
1704764450.73 46263 10363 99 641 568
1704764455.39 46264 10368 56 641 623
1704764459.25 46265 10372 33 641 628
1704764462.04 46266 10375 3 641 620
1704764463.2 46267 10376 10 641 597
1704764479.42 46268 10392 25 641 592
1704764484.51 46269 10397 25 641 623
1704764496.31 46270 10408 97 641 623
1704764498.97 46271 10411 54 641 628
1704764508.91 46272 10421 39 641 634
1704764512.48 46273 10424 88 641 625
1704764513.51 46274 10425 81 641 587
1704764516.13 46275 10428 34 641 609
1704764516.29 46276 10428 40 641 540
1704764519.45 46277 10431 47 641 624
1704764530.55 46278 10442 49 641 628
1704764538.05 46279 10449 90 641 628
1704764545.45 46280 10457 21 641 621
1704764552.12 46281 10463 80 641 623
1704764559.09 46282 10470 68 641 627
1704764562.7 46283 10474 21 641 632
1704764577.42 46284 10488 85 641 626
1704764582.93 46285 10494 27 641 612
1704764583.2 46286 10494 45 641 544
1704764583.3 46287 10494 45 640 531
1704764587.29 46288 10498 36 641 511
1704764609.66 46289 10520 65 641 528
1704764619.32 46290 10530 23 641 620
1704764623.84 46291 10534 66 641 383
1704764643.49 46292 10554 24 641 630
1704764643.89 46293 10554 54 641 466
1704764645.46 46294 10556 3 641 619
1704764648.33 46295 10558 81 641 602
1704764651.8 46296 10562 18 641 620
1704764652.27 46297 10562 56 640 281
1704764654.89 46298 10565 9 641 496
1704764657.93 46299 10568 4 641 596
1704764659.34 46300 10569 36 641 610
1704764660.97 46301 10570 90 641 570
1704764665.36 46302 10575 19 641 628
1704764672.59 46303 10582 33 641 623
1704764674.45 46304 10584 10 641 620
1704764678.43 46305 10587 99 641 627
1704764707.73 46306 10617 22 641 622
1704764710.77 46307 10620 17 641 624
1704764711.85 46308 10621 15 641 546
1704764713.48 46309 10622 69 641 622
1704764716.05 46310 10625 16 641 629
1704764718.87 46311 10627 89 641 536
1704764729.16 46312 10638 10 641 527
1704764729.64 46313 10638 49 641 556
1704764733.61 46314 10642 37 641 521
1704764735.72 46315 10644 39 641 626
1704764735.88 46316 10644 45 641 539
1704764738.96 46317 10647 44 641 628
1704764747.54 46318 10655 93 641 614
1704764751.9 46319 10660 20 641 628
1704764753.52 46320 10661 72 641 619
1704764754.67 46321 10662 78 641 598
1704764770.29 46322 10678 33 641 620
1704764771.62 46323 10679 56 641 606
1704764774.17 46324 10682 2 641 590
1704764777.04 46325 10684 80 641 592
1704764780.83 46326 10688 50 641 520
1704764784.82 46327 10692 40 641 626
1704764788.26 46328 10695 75 641 630
1704764795.34 46329 10702 74 641 632
1704764800.41 46330 10707 73 641 593
1704764826.23 46331 10733 48 641 625
1704764836.58 46332 10743 74 641 606
1704764840.03 46333 10747 10 641 554
1704764842.75 46334 10749 73 641 626
1704764844.6 46335 10751 49 641 630
1704764846.94 46336 10753 73 641 629
1704764850.54 46337 10757 24 641 634
1704764878.19 46338 10784 82 641 629
1704764878.73 46339 10785 27 641 560
1704764884.09 46340 10790 54 641 624
1704764893.48 46341 10799 85 641 630
1704764898.82 46342 10805 10 641 622
1704764902.79 46343 10808 98 641 602
1704764909.19 46344 10815 29 641 628
1704764911.59 46345 10817 60 641 610
1704764923.32 46346 10829 25 641 621
1704764923.68 46347 10829 52 641 553
1704764924.2 46348 10829 95 641 561
1704764933.35 46349 10839 2 641 570
1704764934.34 46350 10839 91 641 588
1704764947.69 46351 10853 18 641 609
1704764949.05 46352 10854 44 641 608
1704764950.56 46353 10855 86 641 552
1704764953.64 46354 10858 84 641 458
1704764956.69 46355 10861 80 641 601
1704764959.65 46356 10864 67 641 625
1704764960.2 46357 10865 13 641 564
1704764968.77 46358 10873 61 641 629
1704764970.01 46359 10874 76 641 602
1704764983.92 46360 10888 58 641 621
1704764990.12 46361 10894 70 641 628
1704765007.71 46362 10912 21 641 627
1704765019.26 46363 10923 68 641 592
1704765019.41 46364 10923 74 641 525
1704765022.62 46365 10926 86 641 591
1704765026.16 46366 10930 30 641 622
1704765027.12 46367 10931 17 641 586
1704765027.22 46368 10931 17 640 531
1704765034.47 46369 10938 34 641 587
1704765061.45 46370 10965 25 641 617
1704765062.24 46371 10965 94 641 577
1704765066.34 46372 10969 95 641 628
1704765069.02 46373 10972 54 641 602
1704765079.55 46374 10982 99 641 627
1704765081.28 46375 10984 62 641 591
1704765081.91 46376 10985 16 641 568
1704765083.39 46377 10986 54 641 615
1704765087.86 46378 10990 92 641 620
1704765099.8 46379 11002 77 641 632
1704765103.37 46380 11006 25 641 626
1704765104.88 46381 11007 67 641 613
1704765109.25 46382 11011 95 641 478
1704765116.39 46383 11019 0 641 593
1704765130.52 46384 11033 6 641 625
1704765137.92 46385 11040 37 641 591
1704765145.11 46386 11047 48 641 608
1704765145.87 46387 11048 15 641 510
1704765150.61 46388 11052 80 641 632
1704765155.46 46389 11057 56 641 512
1704765156.57 46390 11058 57 641 596
1704765158.0 46391 11059 92 641 613
1704765163.19 46392 11065 3 641 604
1704765170.32 46393 11072 8 641 624
1704765184.66 46394 11086 34 641 621
1704765186.01 46395 11087 60 641 607
1704765188.46 46396 11089 96 641 626
1704765188.82 46397 11090 23 641 551
1704765197.77 46398 11099 9 641 624
1704765200.98 46399 11102 21 641 624
1704765204.66 46400 11105 79 641 627
1704765204.76 46401 11105 79 640 533
1704765213.71 46402 11114 67 641 607
1704765214.72 46403 11115 59 641 591
1704765221.85 46404 11122 63 641 621
1704765226.11 46405 11126 80 641 626
1704765228.99 46406 11129 59 641 628
1704765230.31 46407 11130 81 641 480
1704765233.4 46408 11133 81 641 622
1704765249.9 46409 11150 24 641 632
1704765253.4 46410 11153 65 641 624
1704765259.39 46411 11159 55 641 593
1704765260.2 46412 11160 26 641 580
1704765260.96 46413 11160 92 641 577
1704765265.29 46414 11165 16 641 626
1704765268.58 46415 11168 36 641 454
1704765272.29 46416 11171 98 641 496
1704765272.39 46417 11171 98 640 530
1704765276.38 46418 11175 89 641 627
1704765286.87 46419 11186 29 641 591
1704765290.59 46420 11189 93 641 620
1704765293.15 46421 11192 39 641 540
1704765301.07 46422 11200 23 641 571
1704765302.65 46423 11201 71 641 619
1704765306.71 46424 11205 68 641 625
1704765308.31 46425 11207 19 641 585
1704765313.01 46426 11211 80 641 628
1704765315.74 46427 11214 43 641 624
1704765322.0 46428 11220 60 641 628
1704765327.82 46429 11226 35 641 625
1704765327.99 46430 11226 42 641 540
1704765332.15 46431 11230 49 641 628
1704765332.82 46432 11231 7 641 571
1704765336.43 46433 11234 59 641 544
1704765338.79 46434 11236 86 641 624
1704765342.36 46435 11240 34 641 633
1704765342.98 46436 11240 87 641 572
1704765348.92 46437 11246 72 641 582
1704765351.05 46438 11248 77 641 527
1704765359.49 46439 11257 12 641 609
1704765360.6 46440 11258 14 641 597
1704765366.9 46441 11264 35 641 626
1704765368.51 46442 11265 87 641 605
1704765381.61 46443 11278 89 641 619
1704765385.42 46444 11282 60 641 619
1704765388.08 46445 11285 17 641 625
1704765391.69 46446 11288 69 641 621
1704765398.53 46447 11295 44 641 628
1704765402.59 46448 11299 41 641 632
1704765406.87 46449 11303 61 641 363
1704765422.43 46450 11319 9 641 624
1704765423.05 46451 11319 62 641 568
1704765423.51 46452 11319 98 641 562
1704765436.92 46453 11333 31 641 624
1704765445.45 46454 11341 75 641 616
1704765452.6 46455 11348 82 641 628
1704765462.43 46456 11358 57 641 626
1704765469.16 46457 11365 22 641 604
1704765470.0 46458 11365 96 641 581
1704765471.77 46459 11367 64 641 630
1704765479.4 46460 11375 18 641 625
1704765480.41 46461 11376 10 641 538
1704765484.55 46462 11380 15 641 622
1704765493.32 46463 11388 84 641 630
1704765494.29 46464 11389 72 641 588
1704765494.83 46465 11390 17 641 567
1704765504.73 46466 11399 98 641 600
1704765507.59 46467 11402 75 641 624
1704765510.94 46468 11406 1 641 623
1704765515.08 46469 11410 7 641 522
1704765526.44 46470 11421 35 641 624
1704765531.11 46471 11425 94 641 621
1704765538.39 46472 11433 13 641 568
1704765542.39 46473 11437 4 641 623
1704765551.81 46474 11446 38 641 630
1704765552.24 46475 11446 71 641 556
1704765553.06 46476 11447 44 641 581
1704765556.75 46477 11451 4 641 630
1704765559.24 46478 11453 44 641 617
1704765561.73 46479 11455 84 641 568
1704765564.69 46480 11458 71 641 618
1704765572.31 46481 11466 24 641 628
1704765577.89 46482 11471 73 641 629
1704765579.18 46483 11472 92 641 441
1704765584.17 46484 11477 82 641 626
1704765597.44 46485 11491 2 641 631
1704765599.2 46486 11492 68 641 506
1704765600.71 46487 11494 10 641 606
1704765603.29 46488 11496 58 641 632
1704765605.86 46489 11499 7 641 629
1704765641.64 46490 11534 79 641 622
1704765647.56 46491 11540 63 641 616
1704765649.31 46492 11542 28 641 613
1704765656.91 46493 11549 80 641 563
1704765674.46 46494 11567 27 641 586
1704765678.89 46495 11571 62 641 597
1704765683.61 46496 11576 24 641 622
1704765685.78 46497 11578 33 641 622
1704765687.48 46498 11579 93 641 627
1704765704.51 46499 11596 89 641 626
1704765708.06 46500 11600 35 641 632
1704765715.48 46501 11607 68 641 632
1704765716.99 46502 11609 10 641 616
1704765719.67 46503 11611 69 641 615
1704765728.54 46504 11620 47 641 615
1704765738.93 46505 11630 78 641 631
1704765740.64 46506 11632 40 641 590
1704765752.25 46507 11643 92 641 613
1704765754.41 46508 11645 99 641 610
1704765760.5 46509 11651 99 641 602
1704765763.29 46510 11654 70 641 623
1704765765.82 46511 11657 14 641 522
1704765767.62 46512 11658 85 641 627
1704765768.25 46513 11659 39 641 572
1704765770.88 46514 11661 93 641 572
1704765773.02 46515 11663 98 641 613
1704765781.53 46516 11672 40 641 598
1704765798.09 46517 11688 88 641 623
1704765818.21 46518 11708 93 641 629
1704765818.31 46519 11708 94 640 530
1704765822.64 46520 11713 19 641 627
1704765825.67 46521 11716 13 641 635
1704765828.66 46522 11719 3 641 626
1704765829.57 46523 11719 85 641 585
1704765837.34 46524 11727 53 641 617
1704765842.08 46525 11732 18 641 593
1704765867.67 46526 11757 72 641 554
1704765871.39 46527 11761 35 641 598
1704765881.64 46528 11771 51 641 623
1704765905.89 46529 11795 70 641 534
1704765907.16 46530 11796 87 641 605
1704765912.62 46531 11802 25 641 632
1704765922.64 46532 11812 18 641 613
1704765926.03 46533 11815 48 641 606
1704765927.21 46534 11816 57 641 600
1704765928.81 46535 11818 7 641 622
1704765931.21 46536 11820 38 641 620
1704765931.37 46537 11820 45 641 542
1704765932.89 46538 11821 88 641 624
1704765934.79 46539 11823 68 641 592
1704765941.39 46540 11830 19 641 619
1704765957.14 46541 11845 87 641 626
1704765960.44 46542 11849 9 641 624
1704765961.66 46543 11850 21 641 602
1704765967.24 46544 11855 70 641 629
1704765985.71 46545 11874 10 641 630
1704765993.44 46546 11881 74 641 623
1704766003.24 46547 11891 46 641 626
1704766004.41 46548 11892 53 641 599
1704766004.69 46549 11892 72 641 545
1704766008.19 46550 11896 13 641 628
1704766015.01 46551 11902 87 641 616
1704766021.37 46552 11909 14 641 611
1704766023.71 46553 11911 39 641 570
1704766025.08 46554 11912 66 641 609
1704766033.93 46555 11921 43 641 617
1704766038.8 46556 11926 21 641 620
1704766043.54 46557 11930 86 641 631
1704766051.36 46558 11938 59 641 631
1704766054.1 46559 11941 24 641 621
1704766055.25 46560 11942 29 641 598
1704766067.47 46561 11954 43 641 635
1704766078.23 46562 11965 10 641 632
1704766080.75 46563 11967 53 641 578
1704766086.92 46564 11973 61 641 622
1704766088.59 46565 11975 18 641 627
1704766098.01 46566 11984 51 641 624
1704766099.94 46567 11986 35 641 635
1704766104.38 46568 11990 70 641 629
1704766106.14 46569 11992 36 641 629
1704766106.61 46570 11992 74 641 561
1704766107.32 46571 11993 36 641 575
1704766121.26 46572 12007 21 641 625
1704766126.01 46573 12011 88 641 615
1704766140.58 46574 12026 37 641 531
1704766143.24 46575 12028 94 641 626
1704766160.48 46576 12046 11 641 629
1704766180.43 46577 12065 99 641 621
1704766188.41 46578 12073 88 641 596
1704766197.82 46579 12083 21 641 622
1704766201.69 46580 12087 0 641 511
1704766203.56 46581 12088 77 641 607
1704766211.64 46582 12096 77 641 513
1704766214.97 46583 12100 0 641 624
1704766223.66 46584 12108 62 641 623
1704766238.87 46585 12123 75 641 609
1704766242.3 46586 12127 9 641 624
1704766245.3 46587 12130 0 641 625
1704766246.8 46588 12131 41 641 614
1704766268.96 46589 12153 50 641 619
1704766269.94 46590 12154 39 641 588
1704766279.43 46591 12163 79 641 625
1704766282.63 46592 12166 90 641 627
1704766291.41 46593 12175 59 641 622
1704766299.33 46594 12183 43 641 626
1704766303.12 46595 12187 13 641 620
1704766305.58 46596 12189 50 641 613
1704766316.93 46597 12200 77 641 628
1704766327.34 46598 12211 10 641 625
1704766327.71 46599 12211 38 641 552
1704766332.53 46600 12216 11 641 553
1704766336.41 46601 12219 90 641 466
1704766340.86 46602 12224 26 641 623
1704766351.35 46603 12234 67 641 517
1704766353.72 46604 12236 94 641 629
1704766359.2 46605 12242 33 641 625
1704766359.5 46606 12242 54 641 545
1704766359.88 46607 12242 83 641 554
1704766361.51 46608 12244 37 641 599
1704766362.73 46609 12245 49 641 564
1704766367.25 46610 12249 92 641 525
1704766367.36 46611 12249 93 641 534
1704766378.76 46612 12261 26 641 603
1704766380.62 46613 12263 2 641 603
1704766385.4 46614 12267 73 641 606
1704766385.5 46615 12267 73 640 532
1704766397.16 46616 12279 31 641 527
1704766402.02 46617 12284 8 641 617
1704766406.38 46618 12288 36 641 629
1704766411.17 46619 12293 5 641 633
1704766414.39 46620 12296 19 641 622
1704766415.79 46621 12297 50 641 614
1704766425.71 46622 12307 33 641 601
1704766431.68 46623 12313 21 641 630
1704766432.38 46624 12313 82 641 504
1704766433.92 46625 12315 27 641 515
1704766436.8 46626 12318 6 641 603
1704766444.9 46627 12326 8 641 617
1704766448.26 46628 12329 34 641 628
1704766450.35 46629 12331 34 641 540
1704766452.29 46630 12333 19 641 625
1704766453.34 46631 12334 15 641 595
1704766457.52 46632 12338 24 641 626
1704766459.32 46633 12339 95 641 633
1704766460.38 46634 12340 91 641 592
1704766463.87 46635 12344 31 641 472
1704766488.54 46636 12368 91 641 627
1704766491.33 46637 12371 62 641 625
1704766491.84 46638 12372 3 641 562
1704766494.03 46639 12374 13 641 631
1704766494.75 46640 12374 75 641 574
1704766494.85 46641 12374 76 640 535
1704766498.38 46642 12378 21 641 622
1704766499.44 46643 12379 18 641 533
1704766503.74 46644 12383 38 641 548
1704766510.66 46645 12390 22 641 622
1704766514.4 46646 12393 87 641 412
1704766516.44 46647 12395 82 641 611
1704766517.05 46648 12396 33 641 569
1704766518.84 46649 12398 3 641 636
1704766519.9 46650 12398 99 641 594
1704766528.19 46651 12407 20 641 626
1704766537.29 46652 12416 21 641 630
1704766539.93 46653 12418 76 641 620
1704766559.79 46654 12438 55 641 624
1704766560.87 46655 12439 54 641 595
1704766566.48 46656 12445 6 641 518
1704766578.57 46657 12457 7 641 609
1704766580.32 46658 12458 73 641 582
1704766590.53 46659 12468 86 641 571
1704766591.23 46660 12469 46 641 572
1704766597.11 46661 12475 25 641 614
1704766598.65 46662 12476 70 641 617
1704766598.83 46663 12476 79 641 540
1704766601.1 46664 12478 97 641 611
1704766618.11 46665 12495 91 641 618
1704766625.0 46666 12502 71 641 595
1704766658.43 46667 12536 9 641 631
1704766662.35 46668 12539 92 641 626
1704766667.14 46669 12544 62 641 626
1704766670.03 46670 12547 41 641 627
1704766680.16 46671 12557 46 641 624
1704766680.66 46672 12557 87 641 561
1704766683.53 46673 12560 64 641 616
1704766687.31 46674 12564 33 641 633
1704766691.39 46675 12568 33 641 628
1704766699.17 46676 12576 2 641 561
1704766701.81 46677 12578 57 641 626
1704766712.31 46678 12588 99 641 576
1704766726.76 46679 12603 35 641 515
1704766729.54 46680 12606 5 641 620
1704766739.05 46681 12615 48 641 633
1704766742.0 46682 12618 34 641 627
1704766746.73 46683 12622 97 641 624
1704766749.48 46684 12625 63 641 374
1704766759.74 46685 12635 81 641 618
1704766765.33 46686 12641 32 641 630
1704766770.58 46687 12646 48 641 627
1704766774.49 46688 12650 30 641 466
1704766794.45 46689 12670 19 641 627
1704766827.09 46690 12702 77 641 615
1704766831.89 46691 12707 48 641 626
1704766834.53 46692 12710 3 641 625
1704766839.65 46693 12715 7 641 621
1704766850.23 46694 12725 57 641 626
1704766850.76 46695 12726 0 641 563
1704766856.19 46696 12731 35 641 560
1704766861.13 46697 12736 19 641 586
1704766863.73 46698 12738 70 641 628
1704766870.31 46699 12745 20 641 621
1704766873.53 46700 12748 32 641 623
1704766880.83 46701 12755 54 641 627
1704766887.69 46702 12762 31 641 625
1704766887.87 46703 12762 40 641 544
1704766895.42 46704 12769 86 641 622
1704766898.46 46705 12772 81 641 616
1704766908.48 46706 12782 74 641 594
1704766910.26 46707 12784 43 641 406
1704766916.98 46708 12791 6 641 625
1704766922.87 46709 12796 87 641 617
1704766927.95 46710 12801 86 641 457
1704766934.48 46711 12808 30 641 611
1704766941.5 46712 12815 23 641 620
1704766951.7 46713 12825 35 641 617
1704766956.12 46714 12829 67 641 625
1704766958.51 46715 12831 98 641 623
1704766962.52 46716 12835 90 641 506
1704766963.37 46717 12836 66 641 580
1704766963.66 46718 12836 85 641 547
1704766967.9 46719 12841 0 641 592
1704766975.13 46720 12848 15 641 630
1704766976.69 46721 12849 61 641 620
1704766982.8 46722 12855 64 641 624
1704766993.63 46723 12866 39 641 620
