1708128028.05 39031 12130 55 641 549
1708128028.9 39032 12131 30 641 615
1708128054.45 39033 12156 79 641 633
1708128063.29 39034 12165 54 641 460
1708128064.15 39035 12166 30 641 609
1708128084.8 39036 12186 88 641 487
1708128094.43 39037 12196 42 641 632
1708128096.5 39038 12198 40 641 612
1708128097.69 39039 12199 50 641 540
1708128097.87 39040 12199 58 641 544
1708128103.99 39041 12205 61 641 608
1708128111.25 39042 12212 78 641 626
1708128113.3 39043 12214 74 641 564
1708128124.4 39044 12225 76 641 629
1708128128.34 39045 12229 61 641 628
1708128128.84 39046 12230 2 641 587
1708128132.15 39047 12233 23 641 624
1708128132.77 39048 12233 76 641 596
1708128134.76 39049 12235 66 641 551
1708128136.59 39050 12237 39 641 632
1708128140.06 39051 12240 76 641 618
1708128143.82 39052 12244 43 641 620
1708128165.32 39053 12265 86 641 626
1708128183.28 39054 12283 74 641 630
1708128185.82 39055 12286 19 641 624
1708128186.93 39056 12287 20 641 564
1708128203.39 39057 12303 59 641 620
1708128220.27 39058 12320 39 641 621
1708128227.51 39059 12327 54 641 581
1708128229.3 39060 12329 24 641 593
1708128239.21 39061 12339 7 641 631
1708128247.89 39062 12347 67 641 627
1708128249.45 39063 12349 14 641 585
1708128249.62 39064 12349 21 641 544
1708128252.09 39065 12351 59 641 628
1708128261.71 39066 12361 13 641 624
1708128270.33 39067 12369 66 641 636
1708128270.68 39068 12369 92 641 567
1708128270.78 39069 12369 92 640 531
1708128271.98 39070 12371 4 641 606
1708128272.1 39071 12371 7 641 544
1708128290.97 39072 12389 86 641 624
1708128291.8 39073 12390 61 641 615
1708128301.49 39074 12400 21 641 625
1708128312.51 39075 12411 16 641 619
1708128314.08 39076 12412 64 641 622
1708128318.1 39077 12416 58 641 593
1708128334.45 39078 12432 85 641 630
1708128341.18 39079 12439 49 641 617
1708128341.33 39080 12439 54 641 542
1708128345.48 39081 12443 60 641 633
1708128348.81 39082 12446 84 641 623
1708128348.91 39083 12446 85 640 533
1708128351.44 39084 12449 30 641 630
1708128351.83 39085 12449 60 641 571
1708128374.22 39086 12471 91 641 628
1708128375.08 39087 12472 68 641 621
1708128377.85 39088 12475 36 641 623
1708128383.23 39089 12480 64 641 616
1708128386.23 39090 12483 56 641 561
1708128388.88 39091 12486 12 641 627
