1705104013.46 37555 17363 55 641 606
1705104021.08 37556 17371 9 641 519
1705104030.42 37557 17380 34 641 554
1705104033.44 37558 17383 28 641 509
1705104036.49 37559 17386 23 641 538
1705104039.37 37560 17389 2 641 624
1705104048.49 37561 17398 6 641 615
1705104049.66 37562 17399 14 641 604
1705104049.96 37563 17399 34 641 552
1705104051.69 37564 17400 98 641 625
1705104051.79 37565 17400 98 640 531
1705104056.01 37566 17405 12 641 626
1705104056.82 37567 17405 84 641 582
1705104057.03 37568 17405 96 641 543
1705104061.54 37569 17410 37 641 545
1705104063.29 37570 17412 4 641 633
1705104066.25 37571 17414 91 641 570
1705104072.29 37572 17420 86 641 603
1705104073.96 37573 17422 44 641 635
1705104074.06 37574 17422 44 640 532
1705104093.13 37575 17441 44 641 612
1705104096.36 37576 17444 59 641 619
1705104103.92 37577 17452 6 641 626
1705104104.35 37578 17452 39 641 558
1705104110.85 37579 17458 81 641 633
1705104115.16 37580 17463 3 641 618
1705104116.28 37581 17464 6 641 601
1705104146.92 37582 17494 65 641 608
1705104160.42 37583 17508 7 641 615
1705104163.87 37584 17511 43 641 580
1705104180.42 37585 17527 90 641 614
1705104206.16 37586 17553 57 641 626
1705104210.69 37587 17558 1 641 524
1705104212.38 37588 17559 61 641 591
1705104212.5 37589 17559 64 641 536
1705104214.85 37590 17561 90 641 631
1705104218.77 37591 17565 72 641 497
1705104218.87 37592 17565 72 640 530
1705104222.96 37593 17569 73 641 620
1705104226.66 37594 17573 33 641 627
1705104235.07 37595 17581 66 641 630
1705104243.61 37596 17590 12 641 629
1705104253.69 37597 17600 11 641 630
1705104254.78 37598 17601 11 641 527
1705104263.15 37599 17609 39 641 625
1705104265.33 37600 17611 48 641 605
1705104265.45 37601 17611 50 641 518
1705104273.2 37602 17619 16 641 624
1705104274.73 37603 17620 59 641 623
1705104277.42 37604 17623 19 641 627
1705104294.55 37605 17640 25 641 623
1705104297.3 37606 17642 91 641 557
1705104309.77 37607 17655 30 641 625
1705104319.66 37608 17665 10 641 616
1705104330.88 37609 17676 24 641 622
1705104350.34 37610 17695 63 641 619
1705104356.24 37611 17701 44 641 586
1705104359.38 37612 17704 48 641 626
1705104361.3 37613 17706 31 641 586
1705104366.0 37614 17710 93 641 627
1705104369.31 37615 17714 15 641 601
1705104370.58 37616 17715 33 641 543
1705104374.29 37617 17718 94 641 626
1705104390.34 37618 17734 91 641 614
1705104391.83 37619 17736 31 641 622
1705104392.0 37620 17736 39 641 540
1705104393.93 37621 17738 22 641 628
1705104396.35 37622 17740 56 641 515
1705104412.69 37623 17756 82 641 638
1705104413.99 37624 17758 3 641 609
1705104422.36 37625 17766 31 641 581
1705104429.01 37626 17772 87 641 615
1705104429.17 37627 17772 94 641 489
1705104431.14 37628 17774 82 641 630
1705104432.33 37629 17775 92 641 576
1705104436.19 37630 17779 68 641 621
1705104437.52 37631 17780 92 641 615
1705104440.86 37632 17784 16 641 625
1705104446.24 37633 17789 45 641 463
1705104448.23 37634 17791 35 641 624
1705104450.31 37635 17793 33 641 596
1705104456.98 37636 17799 93 641 616
1705104461.75 37637 17804 61 641 631
1705104465.12 37638 17807 89 641 631
1705104480.06 37639 17822 75 641 630
1705104481.15 37640 17823 75 641 603
1705104482.64 37641 17825 15 641 590
1705104485.72 37642 17828 13 641 589
1705104495.03 37643 17837 36 641 598
1705104497.39 37644 17839 63 641 622
1705104502.02 37645 17844 18 641 633
1705104505.1 37646 17847 16 641 621
1705104505.66 37647 17847 63 641 567
1705104507.12 37648 17849 0 641 622
1705104513.69 37649 17855 48 641 626
1705104515.68 37650 17857 38 641 585
1705104518.83 37651 17860 43 641 624
1705104527.06 37652 17868 57 641 618
1705104533.11 37653 17874 53 640 327
1705104536.43 37654 17877 77 641 618
1705104566.77 37655 17908 4 641 632
1705104578.53 37656 17919 72 641 563
1705104588.51 37657 17929 62 641 563
1705104598.18 37658 17939 21 641 624
1705104607.26 37659 17948 20 641 583
1705104615.3 37660 17956 15 641 626
1705104615.76 37661 17956 52 641 559
1705104644.19 37662 17984 88 641 624
1705104648.47 37663 17989 7 641 620
1705104657.23 37664 17997 75 641 629
1705104674.01 37665 18014 45 641 629
1705104684.76 37666 18025 12 641 627
1705104688.52 37667 18028 79 641 595
1705104692.87 37668 18033 5 641 591
1705104693.92 37669 18034 1 641 595
1705104694.96 37670 18034 95 641 596
1705104695.45 37671 18035 36 641 563
1705104700.01 37672 18039 83 641 611
1705104704.29 37673 18044 3 641 631
1705104705.26 37674 18044 90 641 591
1705104708.1 37675 18047 65 641 630
1705104730.51 37676 18069 99 641 619
1705104734.86 37677 18074 25 641 624
1705104742.46 37678 18081 76 641 626
1705104744.63 37679 18083 84 641 625
1705104747.93 37680 18087 5 641 629
1705104749.71 37681 18088 74 641 587
1705104752.83 37682 18091 77 641 611
1705104765.01 37683 18103 87 641 603
1705104766.72 37684 18105 49 641 622
1705104775.99 37685 18114 67 641 621
1705104777.73 37686 18116 32 641 595
1705104779.89 37687 18118 39 641 627
1705104784.2 37688 18122 61 641 634
1705104784.41 37689 18122 72 641 543
1705104792.72 37690 18130 94 641 629
1705104798.98 37691 18137 12 641 626
1705104808.49 37692 18146 54 641 630
1705104827.48 37693 18165 45 641 555
1705104838.3 37694 18176 19 641 510
1705104840.17 37695 18177 97 641 629
1705104843.05 37696 18180 75 641 621
1705104851.11 37697 18188 72 641 616
1705104859.94 37698 18197 47 641 603
1705104863.08 37699 18200 52 641 624
1705104881.84 37700 18219 20 641 604
1705104884.68 37701 18221 95 641 577
1705104886.54 37702 18223 71 641 601
1705104890.89 37703 18227 97 641 608
1705104904.95 37704 18241 96 641 591
1705104920.34 37705 18257 27 641 616
1705104924.65 37706 18261 49 641 629
1705104932.86 37707 18269 61 641 623
1705104938.28 37708 18274 94 641 615
1705104942.35 37709 18278 93 641 602
1705104946.63 37710 18283 12 641 621
1705104951.19 37711 18287 59 641 619
1705104960.56 37712 18296 87 641 601
1705104964.71 37713 18300 93 641 625
1705104965.99 37714 18302 12 641 613
1705104968.24 37715 18304 28 641 578
1705104976.57 37716 18312 53 641 628
1705104977.95 37717 18313 82 641 617
1705104992.75 37718 18328 54 641 620
1705104995.87 37719 18331 57 641 516
1705104999.01 37720 18334 62 641 592
1705105005.73 37721 18341 25 641 629
1705105011.05 37722 18346 48 641 626
1705105026.68 37723 18362 3 641 631
1705105035.61 37724 18370 88 641 629
1705105056.68 37725 18391 88 641 620
1705105072.74 37726 18407 86 641 626
1705105074.99 37727 18410 2 641 616
1705105078.04 37728 18412 98 641 625
1705105085.05 37729 18419 91 641 628
1705105093.31 37730 18428 8 641 629
1705105102.86 37731 18437 54 641 582
1705105114.09 37732 18448 69 641 445
1705105114.92 37733 18449 43 641 584
1705105126.39 37734 18460 82 641 620
1705105129.68 37735 18464 3 641 618
1705105131.27 37736 18465 52 641 363
1705105139.85 37737 18474 2 641 622
1705105140.84 37738 18474 91 641 590
1705105142.25 37739 18476 23 641 607
1705105145.47 37740 18479 36 641 565
1705105149.11 37741 18482 92 641 584
1705105155.1 37742 18488 81 641 564
1705105164.79 37743 18498 42 641 583
1705105169.6 37744 18503 14 641 627
1705105184.75 37745 18518 22 641 631
1705105201.83 37746 18535 22 641 625
1705105210.56 37747 18543 86 641 626
1705105211.8 37748 18545 1 641 598
1705105213.3 37749 18546 42 641 621
1705105218.48 37750 18551 51 641 615
1705105223.23 37751 18556 17 641 614
1705105225.29 37752 18558 13 641 627
1705105226.64 37753 18559 40 641 614
1705105229.14 37754 18561 80 641 621
1705105233.59 37755 18566 16 641 614
1705105239.25 37756 18571 74 641 619
1705105240.95 37757 18573 34 641 616
1705105245.94 37758 18578 24 641 632
1705105246.76 37759 18578 97 641 584
1705105248.45 37760 18580 56 641 631
1705105254.91 37761 18586 94 641 609
1705105260.05 37762 18591 99 641 622
1705105312.52 37763 18644 42 641 636
1705105313.04 37764 18644 85 641 563
1705105317.34 37765 18649 6 641 513
1705105318.42 37766 18650 5 641 601
1705105321.82 37767 18653 36 641 602
1705105324.67 37768 18656 12 641 512
1705105330.69 37769 18662 6 641 545
1705105340.01 37770 18671 30 641 551
1705105346.22 37771 18677 42 641 619
1705105350.05 37772 18681 16 641 623
1705105360.96 37773 18691 98 641 602
1705105361.99 37774 18692 92 641 547
1705105381.31 37775 18712 17 641 516
1705105386.61 37776 18717 37 641 621
1705105399.89 37777 18730 57 641 630
1705105404.44 37778 18735 3 641 527
1705105410.03 37779 18740 54 641 590
1705105432.89 37780 18763 34 641 618
1705105444.86 37781 18775 22 641 630
1705105446.88 37782 18777 15 641 626
1705105455.64 37783 18785 82 641 628
1705105456.25 37784 18786 34 641 570
1705105457.84 37785 18787 83 641 625
1705105462.45 37786 18792 36 641 631
1705105478.0 37787 18807 83 641 624
1705105486.46 37788 18816 20 641 614
1705105498.21 37789 18827 88 641 626
1705105501.77 37790 18831 35 641 624
1705105510.06 37791 18839 56 641 620
1705105510.31 37792 18839 72 641 546
1705105511.11 37793 18840 42 641 583
1705105527.05 37794 18856 29 641 623
1705105532.43 37795 18861 59 641 543
1705105534.49 37796 18863 55 641 630
1705105536.3 37797 18865 27 641 598
1705105548.82 37798 18877 70 641 612
1705105550.89 37799 18879 68 641 628
1705105554.88 37800 18883 58 641 621
1705105555.12 37801 18883 73 641 548
1705105556.59 37802 18885 11 641 584
1705105562.53 37803 18890 96 641 622
1705105564.38 37804 18892 72 641 612
1705105572.24 37805 18900 49 641 628
1705105573.38 37806 18901 54 641 601
1705105581.13 37807 18909 20 641 602
1705105607.78 37808 18935 79 641 627
1705105615.83 37809 18943 75 641 619
1705105616.04 37810 18943 87 641 543
1705105618.52 37811 18946 26 641 627
1705105619.05 37812 18946 70 641 562
1705105623.43 37813 18950 99 641 618
1705105629.05 37814 18956 53 641 627
1705105634.1 37815 18961 48 641 620
1705105646.49 37816 18973 79 641 611
1705105646.67 37817 18973 88 641 539
1705105647.91 37818 18975 3 641 611
1705105651.15 37819 18978 18 641 632
1705105654.61 37820 18981 56 641 629
1705105658.16 37821 18985 2 641 515
1705105660.34 37822 18987 11 641 624
1705105666.03 37823 18992 71 641 629
1705105673.11 37824 18999 70 641 614
1705105673.24 37825 18999 73 641 536
1705105674.2 37826 19000 60 641 594
1705105674.51 37827 19000 82 641 553
1705105680.16 37828 19006 38 641 617
1705105684.12 37829 19010 24 641 632
1705105689.28 37830 19015 32 641 624
1705105698.3 37831 19024 26 641 625
1705105699.59 37832 19025 46 641 612
1705105703.19 37833 19028 97 641 627
1705105705.56 37834 19031 24 641 608
1705105705.92 37835 19031 51 641 556
1705105706.79 37836 19032 29 641 588
1705105708.72 37837 19034 12 641 620
1705105709.84 37838 19035 15 641 601
1705105713.18 37839 19038 41 641 628
1705105718.93 37840 19044 7 641 524
1705105752.99 37841 19078 8 641 532
1705105759.58 37842 19084 58 641 604
1705105761.49 37843 19086 39 641 598
1705105763.67 37844 19088 48 641 627
1705105791.95 37845 19116 69 641 629
1705105794.99 37846 19119 64 641 628
1705105805.59 37847 19130 16 641 618
1705105815.23 37848 19139 71 641 591
1705105816.85 37849 19141 24 641 628
1705105820.13 37850 19144 43 641 624
1705105822.82 37851 19147 3 641 622
1705105827.07 37852 19151 19 641 620
1705105832.71 37853 19156 74 641 473
1705105837.92 37854 19161 86 641 609
1705105866.35 37855 19190 22 641 622
1705105866.6 37856 19190 37 641 545
1705105875.67 37857 19199 36 641 624
