1708300838.38 61210 51985 40 641 630
1708300851.69 61211 51998 63 641 626
1708300852.98 61212 51999 83 641 564
1708300862.88 61213 52009 65 641 632
1708300863.32 61214 52009 99 641 574
1708300871.19 61215 52017 78 641 626
1708300871.84 61216 52018 33 641 598
1708300878.82 61217 52025 22 641 465
1708300880.84 61218 52027 15 641 534
1708300881.3 61219 52027 51 641 576
1708300887.69 61220 52033 81 641 625
1708300892.63 61221 52038 67 641 627
1708300898.61 61222 52044 56 641 619
1708300904.58 61223 52050 44 641 629
1708300904.68 61224 52050 44 640 535
1708300905.51 61225 52051 19 641 622
1708300906.08 61226 52051 67 641 593
1708300920.98 61227 52066 49 641 628
1708300924.72 61228 52070 14 641 607
1708300924.82 61229 52070 14 640 535
1708300955.58 61230 52100 84 641 622
1708300980.22 61231 52125 41 641 627
1708301004.5 61232 52149 63 641 613
1708301023.98 61233 52169 3 641 624
1708301027.25 61234 52172 21 641 627
1708301035.93 61235 52180 81 641 617
1708301036.97 61236 52181 75 641 627
1708301070.7 61237 52215 43 641 625
1708301075.41 61238 52220 5 641 618
1708301077.88 61239 52222 43 641 612
1708301094.16 61240 52238 63 641 455
1708301123.75 61241 52268 16 641 595
1708301126.48 61242 52270 80 641 617
1708301138.17 61243 52282 41 641 620
1708301147.96 61244 52292 11 641 625
1708301150.7 61245 52294 76 641 622
1708301159.26 61246 52303 25 641 624
1708301163.77 61247 52307 66 641 625
1708301165.28 61248 52309 9 641 617
1708301173.34 61249 52317 7 641 508
1708301196.09 61250 52339 75 641 620
1708301204.45 61251 52348 3 641 571
1708301215.18 61252 52358 68 641 623
1708301226.83 61253 52370 24 641 632
1708301227.38 61254 52370 69 641 590
1708301237.63 61255 52380 86 641 626
1708301240.8 61256 52383 93 641 622
1708301249.86 61257 52392 91 641 628
1708301258.51 61258 52401 48 641 627
1708301259.96 61259 52402 84 641 611
1708301263.75 61260 52406 54 641 511
1708301270.12 61261 52412 82 641 617
1708301278.1 61262 52420 72 641 621
1708301298.11 61263 52440 65 641 577
1708301298.71 61264 52441 15 641 595
1708301308.57 61265 52450 93 641 622
1708301309.39 61266 52451 65 641 587
1708301326.33 61267 52468 52 641 591
1708301326.56 61268 52468 65 641 554
1708301327.53 61269 52469 53 641 620
1708301332.6 61270 52474 52 641 528
1708301346.03 61271 52487 87 641 631
1708301361.31 61272 52503 7 641 628
1708301384.22 61273 52525 91 641 625
1708301413.04 61274 52554 66 641 540
1708301415.54 61275 52557 7 641 572
1708301426.98 61276 52568 43 641 621
1708301427.19 61277 52568 55 641 549
1708301429.23 61278 52570 50 641 617
1708301440.82 61279 52582 1 641 626
1708301445.78 61280 52586 88 641 625
1708301459.43 61281 52600 46 641 614
1708301462.0 61282 52602 93 641 609
1708301467.95 61283 52608 80 641 629
1708301469.61 61284 52610 36 641 630
1708301529.66 61285 52670 38 641 626
1708301557.12 61286 52697 77 641 606
1708301563.11 61287 52703 68 641 611
1708301568.88 61288 52709 37 641 618
1708301569.54 61289 52709 93 641 597
1708301575.5 61290 52715 81 641 615
1708301576.04 61291 52716 25 641 585
