1706054411.51 64418 36654 85 641 630
1706054417.8 64419 36661 5 641 621
1706054426.16 64420 36669 32 641 630
1706054426.45 64421 36669 52 641 555
1706054426.58 64422 36669 56 641 540
1706054427.49 64423 36670 38 641 622
1706054430.69 64424 36673 48 641 576
1706054433.44 64425 36676 14 641 630
1706054445.64 64426 36688 25 641 630
1706054447.45 64427 36689 98 641 632
1706054449.89 64428 36692 32 641 625
1706054457.85 64429 36700 20 641 608
1706054471.4 64430 36713 67 641 633
1706054477.76 64431 36719 94 641 621
1706054485.98 64432 36728 8 641 632
1706054495.45 64433 36737 46 641 613
1706054500.85 64434 36742 78 641 630
1706054501.11 64435 36742 94 641 512
1706054502.96 64436 36744 70 641 632
1706054509.91 64437 36751 56 641 629
1706054514.09 64438 36755 65 641 632
1706054519.11 64439 36760 58 641 628
1706054522.13 64440 36763 51 641 457
1706054532.98 64441 36774 27 641 632
1706054533.43 64442 36774 64 641 574
1706054540.59 64443 36781 71 641 637
1706054546.89 64444 36787 92 641 611
1706054555.97 64445 36796 91 641 597
1706054561.69 64446 36802 55 641 632
1706054565.92 64447 36806 68 641 584
1706054569.76 64448 36810 43 641 627
1706054570.08 64449 36810 66 641 560
1706054577.88 64450 36818 37 641 625
1706054579.03 64451 36819 43 641 608
1706054592.55 64452 36832 87 641 632
1706054601.48 64453 36841 71 641 627
1706054602.65 64454 36842 79 641 584
1706054612.71 64455 36852 77 641 627
1706054630.83 64456 36870 81 641 630
1706054631.18 64457 36871 7 641 561
1706054635.09 64458 36874 89 641 630
1706054636.75 64459 36876 45 641 632
1706054638.93 64460 36878 54 641 600
1706054639.15 64461 36878 66 641 534
1706054644.41 64462 36883 83 641 624
1706054653.68 64463 36893 2 641 622
1706054653.78 64464 36893 2 640 532
1706054655.17 64465 36894 34 641 598
1706054660.55 64466 36899 63 641 627
1706054662.96 64467 36901 94 641 622
1706054667.0 64468 36905 89 641 506
1706054679.58 64469 36918 39 641 624
1706054689.7 64470 36928 43 641 632
1706054691.2 64471 36929 84 641 632
1706054692.74 64472 36931 28 641 611
1706054694.23 64473 36932 68 641 532
1706054703.71 64474 36942 9 641 627
1706054708.7 64475 36946 99 641 626
1706054709.41 64476 36947 60 641 561
1706054713.81 64477 36951 91 641 380
1706054721.12 64478 36959 13 641 610
1706054728.69 64479 36966 62 641 627
1706054740.09 64480 36977 93 641 618
1706054744.6 64481 36982 36 641 615
1706054749.16 64482 36986 82 641 608
1706054750.56 64483 36988 13 641 631
1706054763.33 64484 37000 84 641 574
1706054768.65 64485 37006 7 641 420
1706054773.6 64486 37010 93 641 631
1706054777.7 64487 37014 94 641 631
1706054777.97 64488 37015 12 641 525
1706054778.81 64489 37015 86 641 604
1706054788.94 64490 37025 90 641 622
1706054792.52 64491 37029 39 641 534
1706054794.78 64492 37031 56 641 627
1706054797.5 64493 37034 19 641 591
1706054800.38 64494 37036 97 641 601
1706054810.19 64495 37046 71 641 615
1706054811.35 64496 37047 77 641 627
1706054819.35 64497 37055 69 641 622
1706054822.67 64498 37058 92 641 592
1706054829.16 64499 37065 32 641 454
1706054832.5 64500 37068 57 641 629
1706054833.55 64501 37069 53 641 610
1706054835.23 64502 37071 12 641 632
1706054836.7 64503 37072 50 641 618
1706054839.19 64504 37074 90 641 616
1706054839.64 64505 37075 25 641 573
1706054845.72 64506 37081 24 641 626
1706054845.82 64507 37081 24 640 532
1706054849.11 64508 37084 45 641 627
1706054852.44 64509 37087 69 641 619
1706054852.76 64510 37087 91 641 560
1706054858.18 64511 37093 25 641 622
1706054879.42 64512 37114 42 641 532
1706054879.63 64513 37114 53 641 550
1706054881.81 64514 37116 62 641 622
1706054882.23 64515 37116 95 641 572
1706054882.44 64516 37117 7 641 548
1706054883.03 64517 37117 56 641 589
1706054883.34 64518 37117 78 641 560
1706054886.35 64519 37120 70 641 467
1706054887.78 64520 37122 4 641 550
1706054892.95 64521 37127 13 641 622
1706054896.33 64522 37130 41 641 614
1706054896.43 64523 37130 41 640 532
1706054897.02 64524 37130 92 641 590
1706054900.38 64525 37134 19 641 607
1706054902.11 64526 37135 83 641 633
1706054903.13 64527 37136 75 641 573
1706054906.61 64528 37140 14 641 622
1706054906.83 64529 37140 26 641 548
1706054912.94 64530 37146 29 641 616
1706054913.91 64531 37147 16 641 618
1706054938.56 64532 37171 75 641 630
1706054942.6 64533 37175 69 641 633
1706054945.42 64534 37178 43 641 617
1706054951.19 64535 37184 10 641 634
1706054958.54 64536 37191 37 641 627
1706054964.31 64537 37197 5 641 563
1706054964.9 64538 37197 55 641 585
1706054968.15 64539 37200 71 641 625
1706054973.93 64540 37206 40 641 617
1706054974.99 64541 37207 37 641 626
1706054976.28 64542 37208 57 641 622
1706054981.21 64543 37213 41 641 481
1706054984.13 64544 37216 24 641 626
1706054989.94 64545 37221 96 641 623
1706054999.51 64546 37231 45 641 490
1706055001.3 64547 37233 15 641 623
1706055017.88 64548 37249 65 641 627
1706055020.72 64549 37252 40 641 632
1706055026.33 64550 37257 92 641 621
1706055027.99 64551 37259 49 641 517
1706055031.14 64552 37262 54 641 626
1706055040.33 64553 37271 65 641 618
1706055040.43 64554 37271 65 640 534
1706055053.26 64555 37284 41 641 575
1706055055.56 64556 37286 61 641 567
1706055055.75 64557 37286 71 641 515
1706055061.04 64558 37291 91 641 482
1706055069.0 64559 37299 79 641 625
1706055069.13 64560 37299 83 641 539
1706055078.2 64561 37308 81 641 620
1706055080.61 64562 37311 13 641 631
1706055106.69 64563 37337 14 641 620
1706055116.9 64564 37347 26 641 598
1706055118.39 64565 37348 66 641 632
1706055122.57 64566 37352 74 641 625
1706055122.91 64567 37352 99 641 562
1706055124.96 64568 37354 95 641 625
1706055131.11 64569 37361 1 641 624
1706055134.13 64570 37363 94 641 567
1706055144.59 64571 37374 32 641 627
1706055146.42 64572 37376 6 641 600
1706055147.04 64573 37376 59 641 588
1706055158.67 64574 37388 14 641 628
1706055160.86 64575 37390 24 641 619
1706055174.33 64576 37403 62 641 627
1706055187.58 64577 37416 80 641 634
1706055193.59 64578 37422 71 641 632
1706055207.9 64579 37436 95 641 424
1706055210.55 64580 37439 51 641 626
1706055214.68 64581 37443 54 641 577
1706055219.07 64582 37447 84 641 563
1706055220.99 64583 37449 67 641 597
1706055221.12 64584 37449 70 641 542
1706055222.93 64585 37451 41 641 627
1706055227.11 64586 37455 50 641 588
1706055241.89 64587 37470 20 641 594
1706055252.84 64588 37481 7 641 632
1706055256.09 64589 37484 23 641 569
1706055269.06 64590 37497 12 641 624
1706055273.66 64591 37501 63 641 633
1706055285.44 64592 37513 32 641 614
1706055296.17 64593 37523 98 641 596
1706055296.96 64594 37524 68 641 593
1706055334.93 64595 37562 59 641 627
1706055348.03 64596 37575 61 637 144
1706055348.91 64597 37576 40 641 611
1706055357.1 64598 37584 51 641 622
1706055360.07 64599 37587 38 641 504
1706055371.27 64600 37598 51 641 626
1706055374.77 64601 37601 91 641 627
1706055375.85 64602 37602 90 641 604
1706055378.26 64603 37605 22 641 608
1706055378.44 64604 37605 31 641 514
1706055380.89 64605 37607 67 641 629
1706055382.87 64606 37609 56 641 538
1706055383.48 64607 37610 7 641 588
1706055386.36 64608 37612 86 641 596
1706055401.96 64609 37628 39 641 575
1706055417.06 64610 37643 41 641 603
1706055425.9 64611 37652 16 641 611
1706055427.37 64612 37653 54 641 621
1706055428.34 64613 37654 42 641 617
1706055433.22 64614 37659 21 641 628
1706055435.35 64615 37661 25 641 608
1706055436.35 64616 37662 16 641 622
1706055438.16 64617 37663 88 641 556
1706055442.73 64618 37668 36 641 451
1706055445.26 64619 37670 80 641 627
1706055445.36 64620 37670 80 640 534
1706055447.82 64621 37673 18 641 568
1706055450.55 64622 37675 82 641 624
1706055454.56 64623 37679 74 641 615
1706055457.51 64624 37682 60 641 630
1706055471.7 64625 37696 71 641 627
1706055487.86 64626 37712 79 641 624
1706055496.43 64627 37721 28 641 617
1706055501.07 64628 37725 83 641 632
1706055503.74 64629 37728 41 641 621
1706055518.13 64630 37742 72 641 628
1706055522.86 64631 37747 36 641 621
1706055525.2 64632 37749 61 641 624
1706055526.85 64633 37751 17 641 622
1706055527.43 64634 37751 65 641 582
1706055556.87 64635 37781 3 641 514
1706055557.3 64636 37781 37 641 569
1706055559.96 64637 37783 94 641 536
1706055584.28 64638 37808 19 641 628
1706055591.57 64639 37815 39 641 628
1706055595.42 64640 37819 15 641 625
1706055599.88 64641 37823 52 641 634
1706055605.48 64642 37829 3 641 619
1706055619.14 64643 37842 62 641 624
1706055620.98 64644 37844 36 641 620
1706055621.67 64645 37844 96 641 595
1706055627.58 64646 37850 78 641 623
1706055647.04 64647 37870 16 641 628
1706055649.94 64648 37872 97 641 628
1706055652.95 64649 37875 88 641 627
1706055654.72 64650 37877 56 641 607
1706055657.37 64651 37880 12 641 622
1706055678.84 64652 37901 51 641 620
1706055685.53 64653 37908 12 641 630
1706055706.49 64654 37929 1 641 631
1706055710.64 64655 37933 7 641 626
1706055713.64 64656 37935 97 641 633
1706055719.63 64657 37941 88 641 560
1706055722.48 64658 37944 64 641 629
1706055730.1 64659 37952 17 641 519
1706055732.62 64660 37954 59 641 504
1706055735.64 64661 37957 52 641 626
1706055737.03 64662 37958 81 641 629
1706055745.25 64663 37966 95 641 621
1706055749.58 64664 37971 19 641 629
1706055751.8 64665 37973 32 641 628
1706055758.65 64666 37980 9 641 630
1706055762.73 64667 37984 8 641 624
1706055763.03 64668 37984 29 641 483
1706055763.27 64669 37984 43 641 554
1706055769.19 64670 37990 27 641 628
1706055786.49 64671 38007 49 641 619
1706055791.71 64672 38012 62 641 493
1706055796.14 64673 38016 96 641 588
1706055802.23 64674 38022 96 641 619
1706055804.47 64675 38025 11 641 629
1706055805.14 64676 38025 68 641 591
1706055821.96 64677 38042 43 641 623
1706055825.96 64678 38046 33 641 628
1706055828.89 64679 38049 18 641 633
1706055834.37 64680 38054 56 641 603
1706055849.11 64681 38069 23 641 619
1706055869.5 64682 38089 55 641 628
1706055872.27 64683 38092 23 641 628
1706055888.1 64684 38107 98 641 620
1706055889.65 64685 38109 43 641 629
1706055892.28 64686 38111 97 641 620
1706055896.64 64687 38116 23 641 625
1706055901.28 64688 38120 78 641 586
1706055901.51 64689 38120 92 641 552
1706055906.91 64690 38126 23 641 564
1706055914.03 64691 38133 26 641 630
1706055920.41 64692 38139 55 641 627
1706055928.7 64693 38147 75 641 627
1706055932.66 64694 38151 62 641 628
1706055940.1 64695 38158 97 641 625
1706055946.57 64696 38165 35 641 627
1706055953.14 64697 38171 84 641 633
1706055957.05 64698 38175 65 641 557
1706055961.47 64699 38179 98 641 593
1706055975.14 64700 38193 57 641 614
1706055990.08 64701 38208 43 641 583
1706055996.46 64702 38214 72 641 616
1706055998.61 64703 38216 77 641 606
1706056000.89 64704 38218 96 641 624
1706056012.97 64705 38230 96 641 618
1706056013.92 64706 38231 81 641 577
1706056018.66 64707 38236 47 641 632
1706056023.52 64708 38241 24 641 618
1706056040.73 64709 38258 37 641 517
1706056062.93 64710 38280 50 641 606
1706056072.73 64711 38290 22 641 629
1706056079.2 64712 38296 60 641 632
1706056079.42 64713 38296 73 641 547
1706056084.87 64714 38302 9 641 471
1706056091.52 64715 38308 65 641 625
1706056105.26 64716 38322 32 641 599
1706056112.03 64717 38329 0 641 586
1706056114.26 64718 38331 14 641 622
1706056124.73 64719 38341 53 641 619
1706056128.5 64720 38345 20 641 563
1706056135.07 64721 38351 68 641 624
1706056135.71 64722 38352 23 641 591
1706056136.17 64723 38352 59 641 573
1706056142.88 64724 38359 22 641 622
1706056151.62 64725 38367 87 641 625
1706056152.94 64726 38369 10 641 604
1706056153.05 64727 38369 12 641 539
1706056153.22 64728 38369 19 641 544
1706056158.53 64729 38374 41 641 619
1706056161.48 64730 38377 27 641 472
1706056161.58 64731 38377 27 640 534
1706056165.17 64732 38380 78 641 606
1706056173.1 64733 38388 62 641 629
1706056178.51 64734 38393 94 641 624
1706056183.89 64735 38399 23 641 536
1706056184.4 64736 38399 65 641 576
1706056192.07 64737 38407 23 641 634
1706056193.17 64738 38408 24 641 609
1706056198.37 64739 38413 35 641 630
1706056209.6 64740 38424 50 641 622
1706056210.55 64741 38425 35 641 499
1706056222.58 64742 38437 30 641 622
1706056222.92 64743 38437 55 641 563
1706056229.52 64744 38444 7 641 602
1706056239.65 64745 38454 12 641 617
1706056242.6 64746 38456 97 641 627
1706056257.73 64747 38472 2 641 547
1706056266.85 64748 38481 7 641 622
1706056274.22 64749 38488 35 641 628
1706056275.37 64750 38489 42 641 633
1706056306.78 64751 38520 77 641 628
1706056310.1 64752 38524 0 641 625
1706056310.19 64753 38524 0 640 535
1706056312.22 64754 38525 94 641 631
1706056315.61 64755 38529 24 641 627
1706056320.34 64756 38533 88 641 625
1706056323.0 64757 38536 45 641 622
1706056326.92 64758 38540 27 641 587
1706056347.04 64759 38560 32 641 630
1706056349.75 64760 38562 93 641 628
1706056368.06 64761 38581 17 641 627
1706056373.45 64762 38586 47 641 623
1706056375.44 64763 38588 37 641 629
1706056395.23 64764 38608 8 641 617
1706056402.14 64765 38614 91 641 630
1706056408.87 64766 38621 55 641 573
1706056428.03 64767 38640 64 641 630
1706056429.63 64768 38642 15 641 628
1706056434.75 64769 38647 18 641 634
1706056436.38 64770 38648 72 641 624
1706056440.39 64771 38652 64 641 630
1706056444.46 64772 38656 62 641 626
1706056458.3 64773 38670 38 641 622
1706056462.58 64774 38674 58 641 535
1706056466.08 64775 38677 98 641 629
1706056467.71 64776 38679 52 641 632
1706056472.32 64777 38684 4 641 628
1706056477.04 64778 38688 67 641 613
1706056487.08 64779 38698 62 641 628
1706056496.51 64780 38707 97 641 630
1706056496.61 64781 38707 97 640 535
1706056496.77 64782 38708 5 641 542
1706056499.17 64783 38710 36 641 542
1706056501.44 64784 38712 55 641 580
1706056503.35 64785 38714 36 641 617
1706056508.96 64786 38719 89 641 620
1706056510.55 64787 38721 38 641 501
1706056517.82 64788 38728 57 641 597
1706056521.5 64789 38732 16 641 623
1706056530.62 64790 38741 19 641 603
1706056534.85 64791 38745 33 641 596
1706056536.02 64792 38746 41 641 594
1706056536.29 64793 38746 59 641 558
1706056546.48 64794 38756 69 641 630
1706056548.59 64795 38758 71 641 630
1706056557.21 64796 38767 24 641 421
1706056563.18 64797 38773 13 641 630
1706056567.95 64798 38777 80 641 627
1706056579.0 64799 38788 77 641 624
1706056588.55 64800 38798 24 641 621
1706056599.57 64801 38809 18 641 619
1706056600.37 64802 38809 89 641 601
1706056601.38 64803 38810 81 641 619
1706056635.94 64804 38845 31 641 587
1706056640.53 64805 38849 81 641 524
1706056641.4 64806 38850 58 641 609
1706056647.19 64807 38856 28 641 544
1706056651.75 64808 38860 76 641 628
1706056654.19 64809 38863 10 641 621
1706056663.09 64810 38871 91 641 630
1706056663.79 64811 38872 52 641 591
1706056664.15 64812 38872 79 641 567
1706056669.55 64813 38878 10 641 629
1706056670.41 64814 38878 88 641 590
1706056672.54 64815 38880 92 641 372
1706056676.65 64816 38884 94 641 627
1706056687.35 64817 38895 56 641 566
1706056690.29 64818 38898 41 641 623
1706056695.68 64819 38903 72 641 620
1706056699.75 64820 38907 69 641 628
1706056705.27 64821 38913 13 641 629
1706056705.81 64822 38913 58 641 579
1706056711.48 64823 38919 16 641 629
1706056729.85 64824 38937 45 641 631
1706056747.31 64825 38954 83 641 622
1706056753.42 64826 38960 86 641 626
1706056764.26 64827 38971 61 641 627
1706056765.1 64828 38972 36 641 608
1706056770.28 64829 38977 45 641 628
1706056777.78 64830 38984 86 641 630
1706056780.95 64831 38987 94 641 626
1706056781.45 64832 38988 35 641 576
1706056783.5 64833 38990 30 641 585
1706056792.01 64834 38998 74 641 566
1706056792.98 64835 38999 62 641 585
1706056796.52 64836 39003 8 641 593
1706056802.06 64837 39008 53 641 527
1706056803.23 64838 39009 60 641 629
1706056803.61 64839 39009 89 641 539
1706056808.35 64840 39014 54 641 632
1706056815.8 64841 39021 90 641 626
1706056818.41 64842 39024 42 641 610
1706056823.22 64843 39029 13 641 614
1706056831.5 64844 39037 33 641 630
1706056836.7 64845 39042 44 641 570
1706056848.2 64846 39053 86 641 558
1706056851.44 64847 39057 1 641 615
1706056857.12 64848 39062 60 641 627
1706056867.87 64849 39073 27 641 520
1706056890.73 64850 39096 6 641 630
1706056892.29 64851 39097 54 641 627
1706056893.19 64852 39098 34 641 610
1706056893.29 64853 39098 35 640 532
1706056898.52 64854 39103 49 641 619
1706056899.17 64855 39104 6 641 591
1706056900.97 64856 39105 77 641 623
1706056901.07 64857 39105 77 640 531
1706056907.09 64858 39111 71 641 627
1706056910.54 64859 39115 6 641 613
1706056911.26 64860 39115 69 641 596
1706056911.65 64861 39115 98 641 565
1706056913.22 64862 39117 46 641 606
1706056917.87 64863 39122 2 641 627
1706056929.01 64864 39133 9 641 621
1706056933.14 64865 39137 13 641 629
1706056937.91 64866 39141 81 641 626
1706056944.12 64867 39147 93 641 627
1706056950.11 64868 39153 83 641 634
1706056954.47 64869 39158 10 641 557
1706056978.7 64870 39182 27 641 633
1706056983.49 64871 39186 97 641 629
1706056983.95 64872 39187 34 641 571
1706056986.74 64873 39190 4 641 631
1706056991.17 64874 39194 38 641 627
1706056998.12 64875 39201 24 641 516
1706056999.45 64876 39202 48 641 616
1706057000.93 64877 39203 86 641 623
1706057003.18 64878 39206 2 641 630
1706057019.75 64879 39222 51 641 629
1706057026.21 64880 39228 88 641 614
1706057036.4 64881 39238 99 641 618
1706057036.97 64882 39239 47 641 579
1706057037.66 64883 39240 7 641 593
1706057062.59 64884 39264 93 641 631
1706057068.73 64885 39270 99 641 629
1706057075.06 64886 39277 23 641 617
1706057080.49 64887 39282 57 641 460
1706057096.99 64888 39298 99 641 494
1706057100.73 64889 39302 64 641 622
1706057102.68 64890 39304 50 641 627
1706057112.24 64891 39313 97 641 624
1706057122.2 64892 39323 84 641 625
1706057124.85 64893 39326 40 641 624
1706057126.28 64894 39327 74 641 605
1706057138.58 64895 39339 96 641 624
1706057151.8 64896 39353 10 641 582
1706057157.21 64897 39358 42 641 598
1706057163.39 64898 39364 51 641 628
1706057165.62 64899 39366 65 641 629
1706057166.42 64900 39367 35 641 603
1706057181.72 64901 39382 57 641 623
1706057183.49 64902 39384 24 641 611
1706057187.61 64903 39388 28 641 611
1706057197.6 64904 39398 18 641 631
1706057199.09 64905 39399 58 641 620
1706057200.3 64906 39400 70 641 629
1706057205.66 64907 39405 97 641 628
1706057213.6 64908 39413 83 641 630
1706057214.09 64909 39414 22 641 527
1706057214.63 64910 39414 67 641 581
1706057216.58 64911 39416 53 641 623
1706057222.64 64912 39422 50 641 618
1706057226.96 64913 39426 73 641 624
1706057232.26 64914 39431 94 641 630
1706057243.65 64915 39443 25 641 624
1706057249.92 64916 39449 43 641 623
1706057254.65 64917 39454 7 641 526
1706057255.32 64918 39454 65 641 592
1706057258.26 64919 39457 51 641 600
1706057259.99 64920 39459 15 641 632
1706057264.37 64921 39463 43 641 530
1706057268.87 64922 39467 85 641 620
1706057276.72 64923 39475 61 641 544
1706057277.64 64924 39476 43 641 545
1706057284.38 64925 39483 9 641 632
1706057290.98 64926 39489 60 641 627
1706057291.9 64927 39490 43 641 538
1706057294.42 64928 39492 86 641 628
1706057299.63 64929 39497 98 641 623
1706057307.19 64930 39505 46 641 625
1706057328.47 64931 39526 66 641 626
1706057336.57 64932 39534 68 641 579
1706057336.78 64933 39534 80 641 472
1706057338.16 64934 39536 8 641 620
1706057338.55 64935 39536 38 641 572
1706057342.1 64936 39539 84 641 477
1706057343.15 64937 39540 80 641 581
1706057357.03 64938 39554 60 641 562
1706057366.39 64939 39563 88 641 543
1706057387.76 64940 39585 17 641 589
1706057393.32 64941 39590 65 641 602
1706057396.66 64942 39593 89 641 423
1706057398.24 64943 39595 38 641 632
1706057403.63 64944 39600 68 641 629
1706057408.8 64945 39605 76 641 519
1706057414.36 64946 39611 23 641 620
1706057417.95 64947 39614 74 641 632
1706057420.79 64948 39617 48 641 627
1706057424.95 64949 39621 56 641 626
1706057425.88 64950 39622 40 641 612
1706057427.35 64951 39623 77 641 635
1706057430.7 64952 39627 4 641 629
1706057450.03 64953 39646 30 641 624
1706057468.67 64954 39664 87 641 401
1706057470.98 64955 39667 9 641 557
1706057478.12 64956 39674 15 641 626
1706057482.66 64957 39678 60 641 613
1706057489.36 64958 39685 21 641 625
1706057489.84 64959 39685 59 641 574
1706057490.06 64960 39685 72 641 550
1706057503.51 64961 39699 9 641 576
1706057513.0 64962 39708 50 641 510
1706057516.02 64963 39711 42 641 630
1706057523.26 64964 39718 57 641 626
1706057525.33 64965 39720 56 641 603
1706057530.74 64966 39725 87 641 563
1706057531.77 64967 39726 81 641 620
1706057544.68 64968 39739 64 641 457
1706057545.22 64969 39740 9 641 577
1706057555.79 64970 39750 57 641 622
1706057558.27 64971 39752 96 641 627
1706057565.38 64972 39759 98 641 590
1706057567.49 64973 39762 1 641 624
1706057582.91 64974 39777 35 641 507
1706057586.23 64975 39780 58 641 630
1706057587.03 64976 39781 28 641 602
1706057588.65 64977 39782 81 641 618
1706057591.99 64978 39786 6 641 603
1706057605.05 64979 39799 4 641 625
1706057607.65 64980 39801 56 641 622
1706057609.84 64981 39803 66 641 538
1706057621.73 64982 39815 47 641 632
1706057623.98 64983 39817 62 641 626
1706057635.28 64984 39828 84 641 631
1706057644.6 64985 39838 8 641 629
1706057674.79 64986 39868 20 641 618
1706057676.98 64987 39870 30 641 619
1706057680.03 64988 39873 26 641 624
1706057681.22 64989 39874 36 641 620
1706057685.62 64990 39878 67 641 627
1706057691.72 64991 39884 68 641 619
1706057700.15 64992 39893 3 641 632
1706057701.55 64993 39894 34 641 623
1706057702.81 64994 39895 51 641 618
1706057708.5 64995 39901 11 641 631
1706057714.27 64996 39906 79 641 596
1706057715.23 64997 39907 66 641 614
1706057717.1 64998 39909 44 641 608
1706057720.92 64999 39913 17 641 612
1706057730.41 65000 39922 58 641 627
1706057741.06 65001 39933 15 641 625
1706057743.74 65002 39935 74 641 637
1706057748.88 65003 39940 79 641 624
1706057754.2 65004 39946 3 641 633
1706057755.87 65005 39947 60 641 628
1706057762.85 65006 39954 49 641 543
1706057763.26 65007 39954 81 641 570
1706057765.4 65008 39956 86 641 612
1706057770.57 65009 39961 94 636 141
1706057775.18 65010 39966 46 641 626
1706057781.0 65011 39972 19 641 602
1706057794.22 65012 39985 33 641 545
1706057794.95 65013 39985 97 641 599
1706057800.8 65014 39991 74 641 594
1706057810.0 65015 40000 85 641 599
1706057814.48 65016 40005 25 641 618
1706057818.62 65017 40009 30 641 628
1706057827.28 65018 40017 88 641 626
1706057827.58 65019 40018 8 641 556
1706057830.86 65020 40021 28 641 518
1706057831.3 65021 40021 62 641 572
1706057833.47 65022 40023 70 641 626
1706057843.33 65023 40033 48 641 618
1706057845.88 65024 40035 93 641 626
1706057845.98 65025 40035 93 640 533
1706057857.03 65026 40046 91 641 626
1706057859.52 65027 40049 31 641 611
1706057874.7 65028 40064 41 641 631
1706057883.36 65029 40072 99 641 627
1706057884.4 65030 40073 93 641 624
1706057893.29 65031 40082 73 641 580
1706057897.88 65032 40087 23 641 627
1706057902.72 65033 40091 99 641 634
1706057905.62 65034 40094 79 641 623
1706057913.39 65035 40102 48 641 630
1706057923.42 65036 40112 43 641 623
1706057930.47 65037 40119 39 641 512
1706057935.48 65038 40124 32 641 626
1706057936.26 65039 40125 1 641 585
1706057937.29 65040 40125 95 641 589
1706057946.91 65041 40135 48 641 634
1706057947.69 65042 40136 16 641 601
1706057948.56 65043 40136 94 641 543
1706057965.05 65044 40153 36 641 630
1706057974.78 65045 40163 1 641 633
1706057980.44 65046 40168 58 641 625
1706057984.86 65047 40172 92 641 635
1706057985.9 65048 40173 86 641 583
1706057987.26 65049 40175 13 641 628
1706057988.28 65050 40176 5 641 624
1706057996.01 65051 40183 70 641 623
1706057999.08 65052 40186 68 641 615
1706058001.78 65053 40189 28 641 624
1706058003.63 65054 40191 5 641 624
1706058007.35 65055 40194 68 641 584
1706058013.07 65056 40200 32 641 627
1706058013.56 65057 40200 71 641 531
1706058015.9 65058 40202 96 641 629
1706058017.03 65059 40204 0 641 624
1706058020.02 65060 40206 90 641 601
1706058026.88 65061 40213 67 641 623
1706058027.27 65062 40213 96 641 565
1706058027.87 65063 40214 47 641 591
1706058037.4 65064 40223 91 641 627
1706058037.7 65065 40224 12 641 504
1706058048.48 65066 40234 82 641 618
1706058060.03 65067 40246 29 641 624
1706058076.98 65068 40263 16 641 627
1706058080.07 65069 40266 15 641 470
1706058092.65 65070 40278 65 641 626
1706058094.18 65071 40280 9 641 600
1706058095.72 65072 40281 54 641 624
1706058100.0 65073 40285 73 641 629
1706058100.3 65074 40285 93 641 554
1706058102.94 65075 40288 49 641 590
1706058117.38 65076 40302 85 641 624
1706058118.07 65077 40303 45 641 594
1706058118.37 65078 40303 66 641 554
1706058126.79 65079 40311 99 641 569
1706058128.13 65080 40313 24 641 507
1706058128.44 65081 40313 45 641 562
1706058138.57 65082 40323 51 641 605
1706058147.63 65083 40332 48 641 629
1706058151.93 65084 40336 69 641 624
1706058159.95 65085 40344 62 641 597
1706058165.5 65086 40350 8 641 632
1706058169.25 65087 40353 75 641 630
1706058170.94 65088 40355 34 641 628
1706058172.75 65089 40357 6 641 542
1706058173.56 65090 40357 78 641 602
1706058187.07 65091 40371 21 641 623
1706058190.54 65092 40374 59 641 617
1706058214.1 65093 40398 8 641 559
1706058230.52 65094 40414 43 641 632
1706058234.21 65095 40418 3 641 623
1706058248.03 65096 40431 77 641 622
1706058255.41 65097 40439 7 641 610
1706058256.72 65098 40440 28 641 600
1706058269.85 65099 40453 34 641 626
1706058271.24 65100 40454 63 641 596
1706058271.77 65101 40455 7 641 580
1706058278.63 65102 40461 85 641 625
1706058283.65 65103 40466 78 641 620
1706058287.22 65104 40470 26 641 629
1706058293.88 65105 40476 84 641 588
1706058303.78 65106 40486 66 641 622
1706058303.92 65107 40486 71 641 540
1706058332.7 65108 40515 42 641 625
1706058343.35 65109 40526 0 641 619
1706058344.74 65110 40527 30 641 622
1706058346.94 65111 40529 41 641 618
1706058350.11 65112 40532 49 641 621
1706058352.59 65113 40534 87 641 613
1706058355.71 65114 40537 89 641 626
1706058356.63 65115 40538 72 641 614
1706058370.17 65116 40552 18 641 627
1706058382.14 65117 40564 8 641 622
1706058384.11 65118 40565 95 641 629
1706058400.89 65119 40582 66 641 610
1706058405.85 65120 40587 53 641 620
1706058409.17 65121 40590 76 641 621
1706058412.2 65122 40593 69 641 632
1706058414.07 65123 40595 47 641 627
1706058414.17 65124 40595 47 633 581
1706058414.27 65125 40595 48 628 581
1706058414.39 65126 40595 49 640 572
1706058414.47 65127 40595 50 637 581
1706058414.57 65128 40595 51 633 575
1706058414.67 65129 40595 52 646 561
1706058414.77 65130 40595 53 639 570
1706058414.87 65131 40595 54 640 579
1706058414.97 65132 40595 55 640 534
1706058419.3 65133 40599 81 641 628
1706058422.03 65134 40602 44 641 606
1706058424.0 65135 40604 32 641 626
1706058427.08 65136 40607 30 641 599
1706058427.64 65137 40607 77 641 583
1706058429.23 65138 40609 27 641 616
1706058443.16 65139 40623 11 641 622
1706058445.8 65140 40625 67 641 630
1706058457.73 65141 40637 51 641 634
1706058457.94 65142 40637 63 641 548
1706058467.66 65143 40647 27 641 618
1706058479.55 65144 40659 8 641 630
1706058482.27 65145 40661 71 641 621
1706058483.65 65146 40663 0 641 608
1706058493.45 65147 40672 72 641 624
1706058498.44 65148 40677 62 641 613
1706058510.33 65149 40689 43 641 627
1706058511.98 65150 40690 99 641 623
1706058520.21 65151 40699 13 641 593
1706058520.75 65152 40699 58 641 582
1706058521.19 65153 40699 92 641 572
1706058521.54 65154 40700 18 641 565
1706058525.11 65155 40703 66 641 630
1706058525.5 65156 40703 96 641 567
1706058526.53 65157 40704 89 641 627
1706058529.54 65158 40707 82 641 592
1706058534.05 65159 40712 23 641 623
1706058537.77 65160 40715 86 641 568
1706058542.11 65161 40720 11 641 627
1706058544.89 65162 40722 79 641 627
1706058547.81 65163 40725 62 641 538
1706058553.33 65164 40731 5 641 619
1706058557.38 65165 40735 3 641 630
1706058563.96 65166 40741 53 641 528
1706058569.59 65167 40747 7 641 524
1706058585.39 65168 40762 79 641 622
1706058588.48 65169 40765 79 641 626
1706058591.2 65170 40768 42 641 623
1706058596.15 65171 40773 28 641 627
1706058602.02 65172 40779 7 641 627
1706058604.04 65173 40781 0 641 572
1706058607.85 65174 40784 72 641 627
1706058608.59 65175 40785 37 641 596
1706058610.08 65176 40786 77 641 605
1706058617.66 65177 40794 26 641 622
1706058619.18 65178 40795 69 641 630
1706058633.93 65179 40810 36 641 628
1706058636.95 65180 40813 29 641 631
1706058637.05 65181 40813 29 640 532
1706058639.75 65182 40815 90 641 630
1706058639.85 65183 40815 90 640 533
1706058663.5 65184 40839 49 641 542
1706058670.99 65185 40846 89 641 631
1706058674.98 65186 40850 80 641 628
1706058677.33 65187 40853 6 641 620
1706058679.7 65188 40855 34 641 459
1706058682.64 65189 40858 19 641 623
1706058688.79 65190 40864 25 641 629
1706058689.17 65191 40864 53 641 565
1706058690.48 65192 40865 75 641 612
1706058699.58 65193 40874 77 641 406
1706058700.45 65194 40875 54 641 608
1706058709.16 65195 40884 16 641 611
1706058715.65 65196 40890 57 641 628
1706058719.49 65197 40894 32 641 627
1706058747.03 65198 40921 79 641 628
1706058749.43 65199 40924 10 641 629
1706058755.3 65200 40929 88 641 628
1706058756.27 65201 40930 76 641 590
1706058758.93 65202 40933 33 641 606
1706058764.69 65203 40938 99 640 282
1706058768.35 65204 40942 57 641 626
1706058771.27 65205 40945 39 641 606
1706058772.44 65206 40946 47 641 606
1706058779.41 65207 40953 35 641 619
1706058787.46 65208 40961 32 641 629
1706058795.53 65209 40969 31 641 632
1706058802.89 65210 40976 58 641 601
1706058804.98 65211 40978 58 641 620
1706058812.57 65212 40986 8 641 627
1706058814.06 65213 40987 48 641 626
1706058814.6 65214 40987 93 641 579
1706058831.18 65215 41004 43 641 618
1706058839.44 65216 41012 61 641 631
1706058843.81 65217 41016 89 641 630
1706058851.19 65218 41024 19 641 621
1706058858.46 65219 41031 37 641 528
1706058861.84 65220 41034 66 641 631
1706058865.76 65221 41038 49 641 630
1706058870.22 65222 41042 85 641 616
1706058872.23 65223 41044 78 641 618
1706058874.57 65224 41047 3 641 622
1706058883.3 65225 41055 68 641 627
1706058890.1 65226 41062 39 641 629
1706058895.15 65227 41067 35 641 601
1706058901.99 65228 41074 10 641 625
1706058908.9 65229 41080 92 641 591
1706058909.0 65230 41080 92 640 534
1706058916.64 65231 41088 48 641 628
1706058918.72 65232 41090 47 641 585
1706058919.58 65233 41091 23 641 607
1706058928.27 65234 41099 84 641 628
1706058929.92 65235 41101 40 641 619
1706058931.75 65236 41103 14 641 520
1706058942.14 65237 41113 44 641 632
1706058945.8 65238 41117 2 641 630
1706058951.83 65239 41122 96 641 629
1706058955.86 65240 41126 90 641 630
1706058964.25 65241 41135 20 641 632
1706058964.63 65242 41135 48 641 563
1706058968.66 65243 41139 43 641 629
1706058987.33 65244 41158 2 641 617
1706058999.38 65245 41169 99 641 625
1706059004.76 65246 41175 28 641 631
1706059007.93 65247 41178 37 641 495
1706059010.06 65248 41180 41 641 629
1706059014.78 65249 41185 4 641 476
1706059016.79 65250 41186 95 641 636
1706059018.28 65251 41188 35 641 617
1706059018.7 65252 41188 68 641 566
1706059028.11 65253 41198 1 641 627
1706059028.72 65254 41198 52 641 585
1706059030.18 65255 41199 90 641 627
1706059031.9 65256 41201 52 641 627
1706059038.95 65257 41208 49 641 624
1706059049.88 65258 41219 33 641 617
1706059058.92 65259 41228 29 641 625
1706059059.02 65260 41228 29 640 533
1706059059.54 65261 41228 73 641 580
1706059064.28 65262 41233 38 641 624
1706059066.83 65263 41235 84 641 597
1706059076.28 65264 41245 20 641 530
1706059085.25 65265 41254 9 641 616
1706059085.75 65266 41254 50 641 579
1706059088.44 65267 41257 10 641 615
1706059112.71 65268 41281 29 641 567
1706059115.5 65269 41283 99 641 626
1706059126.34 65270 41294 75 641 624
1706059127.94 65271 41296 26 641 631
1706059131.82 65272 41300 5 641 619
1706059133.11 65273 41301 25 641 598
1706059136.02 65274 41304 7 641 634
1706059154.48 65275 41322 45 641 566
1706059157.29 65276 41325 18 641 619
1706059158.7 65277 41326 49 641 624
1706059158.88 65278 41326 58 641 547
1706059160.36 65279 41327 97 639 246
1706059168.89 65280 41336 42 641 629
1706059174.52 65281 41341 96 641 617
1706059183.15 65282 41350 50 641 627
1706059184.81 65283 41352 7 641 625
1706059185.63 65284 41352 80 641 606
1706059193.79 65285 41360 87 641 514
1706059194.78 65286 41361 77 641 617
1706059201.58 65287 41368 48 641 565
1706059202.67 65288 41369 48 641 627
1706059216.32 65289 41383 6 641 576
1706059224.55 65290 41391 21 641 631
1706059231.11 65291 41397 68 641 603
1706059231.22 65292 41397 70 641 536
1706059231.89 65293 41398 27 641 594
1706059245.73 65294 41412 4 641 585
1706059246.8 65295 41413 2 641 623
1706059247.61 65296 41413 74 641 430
1706059254.35 65297 41420 39 641 629
1706059256.99 65298 41422 94 641 622
1706059261.12 65299 41426 98 641 630
1706059288.26 65300 41454 5 641 616
1706059291.98 65301 41457 69 641 544
1706059299.94 65302 41465 56 641 630
1706059305.46 65303 41471 0 641 625
1706059306.61 65304 41472 6 641 567
1706059312.14 65305 41477 50 641 628
1706059323.05 65306 41488 34 641 570
1706059334.68 65307 41499 88 641 548
1706059335.49 65308 41500 60 641 601
1706059337.43 65309 41502 45 641 623
1706059341.46 65310 41506 39 641 631
1706059348.75 65311 41513 59 641 627
1706059355.19 65312 41519 94 641 623
1706059371.81 65313 41536 48 641 629
1706059375.36 65314 41539 94 641 622
1706059377.87 65315 41542 36 641 625
1706059380.41 65316 41544 81 641 606
1706059383.82 65317 41548 13 641 628
1706059401.26 65318 41565 50 641 615
1706059407.82 65319 41571 97 641 628
1706059412.53 65320 41576 59 641 623
1706059423.19 65321 41587 16 641 627
1706059424.92 65322 41588 79 641 620
1706059426.41 65323 41590 19 641 622
1706059434.69 65324 41598 39 641 631
1706059439.8 65325 41603 41 641 627
1706059440.66 65326 41604 18 641 574
1706059451.28 65327 41614 72 641 627
1706059451.46 65328 41614 81 641 546
1706059463.29 65329 41626 56 641 611
1706059463.57 65330 41626 74 641 559
1706059467.55 65331 41630 63 641 524
1706059473.49 65332 41636 48 641 598
1706059487.83 65333 41650 74 641 566
1706059488.0 65334 41650 82 641 543
1706059488.85 65335 41651 58 641 609
1706059488.95 65336 41651 58 640 536
1706059489.47 65337 41652 2 641 510
1706059490.37 65338 41652 83 641 615
1706059498.79 65339 41661 16 641 616
1706059521.58 65340 41683 88 641 626
1706059523.12 65341 41685 33 641 599
1706059531.46 65342 41693 58 641 628
1706059552.19 65343 41714 24 641 578
1706059554.27 65344 41716 24 641 623
1706059554.37 65345 41716 24 640 534
1706059556.41 65346 41718 19 641 559
1706059556.6 65347 41718 28 641 544
1706059560.24 65348 41721 83 641 575
1706059561.64 65349 41723 14 641 621
1706059564.75 65350 41726 16 641 627
1706059571.59 65351 41732 91 641 615
1706059583.61 65352 41744 85 641 628
1706059588.02 65353 41749 17 641 630
1706059591.8 65354 41752 86 641 622
1706059598.47 65355 41759 44 641 630
1706059601.35 65356 41762 23 641 620
1706059601.62 65357 41762 41 641 553
1706059603.42 65358 41764 11 641 628
1706059605.62 65359 41766 22 641 615
1706059613.1 65360 41773 61 641 617
1706059618.39 65361 41778 81 641 601
1706059618.7 65362 41779 2 641 558
1706059620.66 65363 41780 90 641 629
1706059641.83 65364 41802 0 641 629
1706059653.68 65365 41813 76 641 632
1706059662.38 65366 41822 38 641 624
1706059662.5 65367 41822 41 641 534
1706059673.79 65368 41833 62 641 632
1706059681.82 65369 41841 56 641 624
1706059682.74 65370 41842 39 641 569
1706059701.53 65371 41861 11 641 615
1706059701.88 65372 41861 36 641 495
1706059702.67 65373 41862 6 641 604
1706059706.1 65374 41865 40 641 580
1706059706.71 65375 41865 92 641 585
1706059707.22 65376 41866 33 641 576
1706059709.43 65377 41868 45 641 627
1706059714.77 65378 41873 70 641 596
1706059720.4 65379 41879 24 641 622
1706059721.04 65380 41879 79 641 586
1706059722.72 65381 41881 38 641 630
1706059723.1 65382 41881 67 641 567
1706059724.82 65383 41883 29 641 622
1706059747.17 65384 41905 57 641 618
1706059767.82 65385 41926 15 641 526
1706059771.56 65386 41929 79 641 626
1706059776.72 65387 41934 86 641 632
1706059792.62 65388 41950 69 641 632
1706059797.05 65389 41955 3 641 573
1706059810.98 65390 41968 88 641 627
1706059823.26 65391 41981 8 641 621
1706059832.24 65392 41989 98 641 563
1706059835.67 65393 41993 32 641 585
1706059837.47 65394 41995 2 641 628
1706059841.06 65395 41998 53 641 622
1706059842.1 65396 41999 47 641 620
1706059843.94 65397 42001 22 641 625
1706059854.42 65398 42011 61 641 536
1706059855.7 65399 42012 79 641 598
1706059863.98 65400 42021 0 641 535
1706059872.06 65401 42028 99 641 624
1706059888.74 65402 42045 60 641 574
1706059894.75 65403 42051 52 641 631
1706059900.48 65404 42057 16 641 508
1706059906.43 65405 42063 3 641 628
1706059908.97 65406 42065 47 641 616
1706059910.43 65407 42066 85 641 548
1706059927.21 65408 42083 56 641 512
1706059927.78 65409 42084 3 641 529
1706059943.33 65410 42099 50 641 631
1706059945.88 65411 42101 96 641 631
1706059966.99 65412 42123 0 641 620
1706059976.58 65413 42132 51 641 618
1706059976.7 65414 42132 54 641 536
1706059994.5 65415 42150 26 641 632
1706060001.06 65416 42156 74 641 633
1706060002.2 65417 42157 78 641 580
1706060004.23 65418 42159 71 641 597
1706060007.58 65419 42162 97 641 553
1706060010.91 65420 42166 22 641 627
1706060012.09 65421 42167 30 641 631
1706060012.88 65422 42167 99 641 604
1706060012.98 65423 42167 99 640 534
1706060022.43 65424 42177 37 641 628
1706060024.06 65425 42178 91 641 617
1706060031.57 65426 42186 33 641 617
1706060033.77 65427 42188 44 641 622
1706060038.83 65428 42193 42 641 632
1706060050.27 65429 42204 77 641 631
1706060056.87 65430 42211 29 641 632
1706060064.48 65431 42218 81 641 535
1706060065.25 65432 42219 49 641 597
1706060128.69 65433 42282 90 641 630
1706060133.17 65434 42287 29 641 631
1706060135.1 65435 42289 13 641 632
1706060149.34 65436 42303 29 641 623
1706060166.03 65437 42319 91 641 630
1706060166.27 65438 42320 6 641 549
1706060171.98 65439 42325 68 641 629
1706060173.62 65440 42327 23 641 627
1706060174.76 65441 42328 28 641 632
1706060180.25 65442 42333 68 641 627
1706060182.02 65443 42335 35 641 627
1706060187.2 65444 42340 44 641 618
1706060188.19 65445 42341 34 641 542
