1706313611.64 38945 30305 63 641 632
1706313612.08 38946 30305 98 641 566
1706313613.65 38947 30307 45 641 534
1706313616.46 38948 30310 17 641 626
1706313618.21 38949 30311 83 641 618
1706313621.31 38950 30314 84 641 623
1706313628.57 38951 30322 1 641 628
1706313630.95 38952 30324 29 641 625
1706313631.94 38953 30325 20 641 609
1706313632.16 38954 30325 33 641 548
1706313637.21 38955 30330 30 641 622
1706313637.52 38956 30330 52 641 556
1706313644.2 38957 30337 11 641 579
1706313656.58 38958 30349 42 641 626
1706313660.39 38959 30353 14 641 591
1706313663.34 38960 30356 0 641 626
1706313672.16 38961 30364 73 641 628
1706313672.37 38962 30364 85 641 546
1706313677.79 38963 30370 18 641 619
1706313688.39 38964 30380 70 641 625
1706313690.13 38965 30382 35 641 615
1706313691.06 38966 30383 19 641 607
1706313691.19 38967 30383 23 641 540
1706313695.4 38968 30387 35 641 634
1706313696.56 38969 30388 42 641 624
1706313706.11 38970 30397 89 641 617
1706313708.15 38971 30399 84 641 618
1706313721.47 38972 30413 8 641 631
1706313729.29 38973 30420 82 641 635
1706313731.2 38974 30422 64 641 543
1706313731.74 38975 30423 9 641 574
1706313734.74 38976 30426 0 641 602
1706313737.35 38977 30428 52 641 560
1706313743.14 38978 30434 23 641 632
1706313748.39 38979 30439 39 641 628
1706313750.8 38980 30441 71 641 622
1706313760.35 38981 30451 17 641 602
1706313760.9 38982 30451 63 641 576
1706313761.96 38983 30452 59 641 616
1706313775.21 38984 30465 76 641 614
1706313778.84 38985 30469 30 641 511
1706313811.6 38986 30502 0 641 620
1706313818.27 38987 30508 59 641 573
1706313821.13 38988 30511 36 641 624
1706313822.46 38989 30512 59 641 611
1706313832.7 38990 30522 75 641 625
1706313835.62 38991 30525 57 641 611
1706313842.22 38992 30532 9 641 623
1706313851.61 38993 30541 40 641 627
1706313851.85 38994 30541 55 641 551
1706313852.01 38995 30541 62 641 544
1706313860.03 38996 30549 55 641 577
1706313864.48 38997 30553 91 641 595
1706313865.89 38998 30555 23 641 627
1706313867.19 38999 30556 44 641 635
1706313870.31 39000 30559 47 641 629
1706313882.33 39001 30571 41 641 587
1706313895.94 39002 30584 95 641 627
1706313896.04 39003 30584 95 640 532
1706313902.79 39004 30591 62 641 621
1706313904.28 39005 30593 2 641 512
1706313904.52 39006 30593 16 641 547
1706313910.81 39007 30599 36 641 625
1706313930.4 39008 30618 88 641 625
1706313945.11 39009 30633 52 641 628
1706313948.57 39010 30636 89 641 598
1706313948.94 39011 30637 16 641 559
1706313949.35 39012 30637 48 641 568
1706313960.51 39013 30648 56 641 527
1706313962.62 39014 30650 58 641 539
1706313964.86 39015 30652 73 641 628
1706313971.94 39016 30659 72 641 628
1706313972.05 39017 30659 73 641 536
1706313977.15 39018 30664 74 641 616
1706313977.52 39019 30665 2 641 560
1706313989.02 39020 30676 44 641 611
1706313993.12 39021 30680 45 641 627
1706313994.98 39022 30682 21 641 629
1706314015.91 39023 30703 8 641 580
1706314019.57 39024 30706 65 641 631
1706314023.09 39025 30710 9 641 627
1706314024.53 39026 30711 44 641 499
1706314025.64 39027 30712 46 641 619
1706314034.73 39028 30721 47 641 631
1706314056.24 39029 30742 91 641 631
1706314060.99 39030 30747 57 641 632
1706314072.79 39031 30759 29 641 627
1706314090.97 39032 30777 39 641 584
1706314095.96 39033 30782 29 641 623
1706314116.12 39034 30802 37 641 623
1706314121.64 39035 30807 80 641 625
1706314126.34 39036 30812 41 641 624
1706314136.11 39037 30822 9 641 623
1706314150.42 39038 30836 32 641 624
1706314162.29 39039 30848 12 641 630
1706314162.53 39040 30848 26 641 547
1706314167.28 39041 30852 93 641 553
1706314167.38 39042 30852 93 640 532
1706314187.35 39043 30872 84 641 619
1706314192.06 39044 30877 45 641 469
1706314196.56 39045 30881 86 641 632
1706314213.64 39046 30898 86 641 625
1706314229.49 39047 30914 64 641 568
1706314230.82 39048 30915 87 641 596
1706314236.71 39049 30921 67 641 416
1706314241.71 39050 30926 58 641 626
1706314254.89 39051 30939 69 641 632
1706314275.98 39052 30960 71 641 625
1706314301.87 39053 30986 53 641 585
1706314304.04 39054 30988 60 641 626
1706314315.58 39055 31000 6 641 463
1706314319.91 39056 31004 30 641 619
1706314324.51 39057 31008 81 641 625
1706314326.88 39058 31011 9 641 583
1706314327.85 39059 31011 97 641 606
1706314332.05 39060 31016 8 641 624
1706314342.57 39061 31026 52 641 578
1706314344.64 39062 31028 49 641 625
1706314347.75 39063 31031 51 641 596
1706314350.33 39064 31034 1 641 528
1706314354.4 39065 31038 0 641 631
1706314358.24 39066 31041 75 641 612
1706314359.71 39067 31043 13 641 488
1706314376.88 39068 31060 22 641 605
1706314380.47 39069 31063 72 641 628
1706314388.19 39070 31071 35 641 620
1706314389.22 39071 31072 29 641 604
1706314400.66 39072 31083 64 641 621
1706314405.54 39073 31088 44 641 635
1706314411.37 39074 31094 17 641 611
1706314414.01 39075 31096 72 641 506
1706314415.14 39076 31097 76 641 582
1706314420.68 39077 31103 22 641 627
1706314426.43 39078 31108 87 641 620
1706314431.52 39079 31113 87 641 623
1706314432.14 39080 31114 40 641 579
1706314438.35 39081 31120 52 641 632
1706314451.88 39082 31133 97 641 627
1706314453.35 39083 31135 34 641 628
1706314459.41 39084 31141 31 641 501
1706314464.43 39085 31146 24 641 623
1706314464.89 39086 31146 60 641 568
1706314467.46 39087 31149 8 641 628
1706314471.44 39088 31152 97 641 633
1706314474.27 39089 31155 71 641 610
1706314483.44 39090 31164 79 641 636
1706314505.07 39091 31186 35 641 629
1706314505.91 39092 31187 10 641 598
1706314515.59 39093 31196 69 641 626
1706314515.95 39094 31196 96 641 561
1706314516.67 39095 31197 58 641 499
1706314517.45 39096 31198 27 641 596
1706314525.06 39097 31205 80 641 523
1706314528.27 39098 31208 91 641 617
1706314531.36 39099 31211 91 641 629
1706314538.37 39100 31218 83 641 629
1706314540.12 39101 31220 48 641 619
1706314542.4 39102 31222 67 641 450
1706314547.0 39103 31227 18 641 536
1706314558.53 39104 31238 63 641 587
1706314566.27 39105 31246 29 641 628
1706314570.08 39106 31250 1 641 627
1706314575.0 39107 31254 84 641 632
1706314584.32 39108 31264 7 641 624
1706314585.65 39109 31265 32 641 593
1706314598.45 39110 31278 4 641 591
1706314608.8 39111 31288 30 641 619
1706314619.79 39112 31299 21 641 614
1706314620.85 39113 31300 18 641 613
1706314630.63 39114 31309 87 641 562
1706314632.68 39115 31311 83 641 620
1706314638.15 39116 31317 21 641 624
1706314640.44 39117 31319 40 641 612
1706314649.51 39118 31328 40 641 633
1706314656.18 39119 31334 98 641 627
1706314658.99 39120 31337 70 641 541
1706314664.32 39121 31342 95 641 628
1706314667.36 39122 31345 90 641 511
1706314667.87 39123 31346 31 641 575
1706314686.74 39124 31365 11 641 604
1706314694.45 39125 31372 74 641 614
1706314699.53 39126 31377 72 641 423
1706314705.44 39127 31383 55 641 593
1706314706.07 39128 31384 8 641 462
1706314708.09 39129 31386 1 641 625
1706314713.23 39130 31391 6 641 625
1706314723.92 39131 31401 67 641 390
1706314731.35 39132 31409 1 641 625
1706314736.57 39133 31414 15 641 601
1706314737.38 39134 31414 87 641 594
1706314739.16 39135 31416 55 641 626
1706314743.84 39136 31421 14 641 630
1706314748.16 39137 31425 37 641 626
1706314754.26 39138 31431 39 641 627
1706314754.36 39139 31431 39 640 535
1706314759.73 39140 31436 68 641 514
1706314762.31 39141 31439 17 641 632
1706314764.46 39142 31441 23 641 631
1706314768.09 39143 31444 78 641 594
1706314772.76 39144 31449 36 641 625
1706314774.78 39145 31451 29 641 607
1706314792.59 39146 31469 3 641 630
1706314804.62 39147 31480 98 641 631
1706314816.69 39148 31492 97 641 628
1706314838.36 39149 31514 57 641 626
1706314844.46 39150 31520 58 641 624
1706314861.17 39151 31537 22 641 434
1706314864.2 39152 31540 16 641 616
1706314870.75 39153 31546 62 641 627
1706314883.7 39154 31559 49 641 630
1706314888.22 39155 31563 91 641 630
1706314896.52 39156 31572 13 641 560
1706314908.37 39157 31583 90 641 626
1706314909.64 39158 31585 8 641 538
1706314919.11 39159 31594 46 641 604
1706314929.65 39160 31604 91 641 610
1706314930.81 39161 31605 98 641 620
1706314931.39 39162 31606 46 641 580
1706314936.62 39163 31611 60 641 624
1706314941.44 39164 31616 32 641 586
1706314960.96 39165 31635 78 641 624
1706314974.71 39166 31649 45 641 595
1706314975.44 39167 31650 9 641 591
1706314979.31 39168 31653 87 641 627
1706314990.95 39169 31665 43 641 622
1706314994.16 39170 31668 55 641 624
1706314998.82 39171 31673 12 641 622
1706315000.81 39172 31675 2 641 627
1706315002.17 39173 31676 29 641 617
1706315009.36 39174 31683 39 641 622
1706315014.69 39175 31688 63 641 631
1706315023.72 39176 31697 58 641 619
1706315024.43 39177 31698 19 641 585
1706315025.91 39178 31699 58 641 622
1706315038.12 39179 31711 71 641 628
1706315057.32 39180 31730 83 641 614
1706315064.21 39181 31737 64 641 515
1706315069.67 39182 31743 2 641 358
1706315075.04 39183 31748 30 641 607
1706315082.49 39184 31755 67 641 627
1706315090.26 39185 31763 35 641 621
1706315093.44 39186 31766 44 641 585
1706315094.92 39187 31767 83 641 627
1706315097.58 39188 31770 40 641 623
1706315108.88 39189 31781 62 641 626
1706315111.91 39190 31784 56 641 608
1706315128.51 39191 31801 8 641 627
1706315132.63 39192 31805 11 641 534
1706315133.91 39193 31806 30 641 629
1706315134.03 39194 31806 32 641 535
1706315149.13 39195 31821 34 641 629
1706315159.08 39196 31831 22 641 630
1706315159.44 39197 31831 48 641 560
1706315163.39 39198 31835 34 641 599
1706315163.56 39199 31835 41 641 540
1706315175.42 39200 31847 19 641 600
1706315186.62 39201 31858 30 641 623
1706315190.68 39202 31862 27 641 628
1706315196.69 39203 31868 20 641 629
1706315199.91 39204 31871 33 641 629
1706315215.16 39205 31886 50 641 628
1706315220.53 39206 31891 78 641 626
1706315221.51 39207 31892 66 641 607
1706315234.45 39208 31905 52 641 541
1706315234.65 39209 31905 63 641 548
1706315241.91 39210 31912 80 641 613
1706315250.02 39211 31920 83 641 629
1706315257.89 39212 31928 61 641 616
1706315265.13 39213 31935 76 641 629
1706315265.94 39214 31936 47 641 594
1706315279.11 39215 31949 57 641 625
1706315280.88 39216 31951 24 641 555
1706315282.51 39217 31952 78 641 624
1706315288.74 39218 31958 92 641 615
1706315303.54 39219 31973 64 641 552
1706315304.0 39220 31974 1 641 483
1706315308.49 39221 31978 40 641 618
1706315312.85 39222 31982 67 641 606
1706315326.76 39223 31996 50 641 617
1706315336.73 39224 32006 38 641 632
1706315337.72 39225 32007 28 641 607
1706315344.08 39226 32013 55 641 471
1706315347.54 39227 32016 92 641 621
1706315349.6 39228 32018 89 641 628
1706315353.86 39229 32023 7 641 627
1706315362.37 39230 32031 49 641 481
1706315369.44 39231 32038 48 641 635
1706315372.47 39232 32041 42 641 626
1706315376.97 39233 32045 83 641 626
1706315386.77 39234 32055 54 641 585
1706315392.35 39235 32061 3 641 630
1706315401.66 39236 32070 26 641 630
1706315406.69 39237 32075 21 641 587
1706315407.84 39238 32076 27 641 597
1706315413.99 39239 32082 32 641 576
1706315427.93 39240 32096 18 641 601
1706315435.54 39241 32103 71 641 621
1706315451.3 39242 32119 39 641 625
1706315472.14 39243 32140 16 641 628
1706315482.16 39244 32150 10 641 624
1706315487.7 39245 32155 55 641 628
1706315491.05 39246 32158 82 641 631
1706315494.18 39247 32161 85 641 618
1706315500.65 39248 32168 24 641 628
1706315504.06 39249 32171 55 641 526
1706315506.52 39250 32173 92 641 629
1706315506.8 39251 32174 10 641 553
1706315513.4 39252 32180 61 641 632
1706315514.55 39253 32181 67 641 620
1706315519.21 39254 32186 24 641 608
1706315519.95 39255 32186 89 641 589
1706315528.58 39256 32195 43 641 630
1706315529.0 39257 32195 75 641 567
1706315537.61 39258 32204 28 641 609
1706315556.61 39259 32223 20 641 580
1706315566.87 39260 32233 38 641 620
1706315569.63 39261 32236 5 641 632
1706315569.78 39262 32236 11 641 542
1706315572.29 39263 32238 53 641 615
1706315573.87 39264 32240 2 641 622
1706315576.91 39265 32242 98 641 628
1706315579.8 39266 32245 78 641 627
1706315583.04 39267 32248 92 641 629
1706315603.45 39268 32269 26 641 627
1706315607.59 39269 32273 31 641 614
1706315611.25 39270 32276 89 641 626
1706315614.49 39271 32280 4 641 621
1706315614.84 39272 32280 30 641 561
1706315621.54 39273 32286 91 641 551
1706315623.28 39274 32288 56 641 624
1706315635.57 39275 32300 76 641 624
1706315636.05 39276 32301 15 641 569
1706315648.69 39277 32313 70 641 627
1706315651.7 39278 32316 62 641 631
1706315652.25 39279 32317 8 641 575
1706315655.8 39280 32320 54 641 616
1706315660.55 39281 32325 20 641 624
1706315663.52 39282 32328 8 641 629
1706315687.59 39283 32352 9 641 623
1706315689.26 39284 32353 67 641 527
1706315691.32 39285 32355 64 641 618
1706315700.29 39286 32364 52 641 625
1706315703.21 39287 32367 35 641 614
1706315711.41 39288 32375 46 641 550
1706315714.3 39289 32378 27 641 614
1706315716.5 39290 32380 38 641 623
1706315723.42 39291 32387 21 641 591
1706315723.68 39292 32387 38 641 550
1706315728.76 39293 32392 37 641 622
1706315732.52 39294 32396 4 641 545
1706315732.61 39295 32396 4 640 534
1706315741.59 39296 32404 94 641 622
1706315744.44 39297 32407 71 641 629
1706315744.54 39298 32407 71 640 530
1706315747.24 39299 32410 32 641 602
1706315775.7 39300 32438 71 641 622
1706315779.35 39301 32442 27 641 545
1706315782.15 39302 32444 98 641 617
1706315782.46 39303 32445 20 641 485
1706315783.33 39304 32445 97 641 601
1706315786.31 39305 32448 86 641 630
1706315787.87 39306 32450 33 641 532
1706315789.6 39307 32451 96 641 627
1706315798.84 39308 32461 12 641 622
1706315811.34 39309 32473 54 641 629
1706315816.54 39310 32478 65 641 628
1706315820.02 39311 32482 4 641 620
1706315829.77 39312 32491 71 641 585
1706315845.24 39313 32507 10 641 627
1706315849.72 39314 32511 49 641 629
1706315849.97 39315 32511 66 641 549
1706315850.66 39316 32512 26 641 400
1706315853.02 39317 32514 52 641 617
1706315856.78 39318 32518 20 641 601
1706315856.88 39319 32518 20 640 532
1706315862.88 39320 32524 12 641 619
1706315863.12 39321 32524 27 641 552
1706315878.57 39322 32539 64 641 583
1706315884.91 39323 32545 88 641 627
1706315887.81 39324 32548 69 641 636
1706315890.54 39325 32551 33 641 452
1706315900.22 39326 32560 92 641 574
1706315902.43 39327 32563 5 641 622
1706315914.99 39328 32575 52 641 529
1706315924.89 39329 32585 34 641 626
1706315943.94 39330 32604 31 641 628
1706315946.93 39331 32607 21 641 394
1706315961.28 39332 32621 49 641 631
1706315970.35 39333 32630 47 641 629
1706315972.73 39334 32632 75 641 630
1706315993.54 39335 32653 49 641 542
1706316009.61 39336 32669 48 641 627
1706316021.42 39337 32681 21 641 623
1706316022.11 39338 32681 81 641 583
1706316022.44 39339 32682 5 641 557
1706316023.83 39340 32683 35 641 621
1706316025.43 39341 32684 85 641 526
1706316037.23 39342 32696 57 641 628
1706316042.33 39343 32701 57 641 622
1706316057.28 39344 32716 45 641 627
1706316061.91 39345 32720 98 641 629
1706316068.5 39346 32727 48 641 620
1706316074.29 39347 32733 19 641 628
1706316079.31 39348 32738 12 641 612
1706316085.83 39349 32744 55 641 616
1706316086.23 39350 32744 86 641 564
1706316093.38 39351 32751 92 641 626
1706316096.36 39352 32754 81 641 628
1706316100.26 39353 32758 62 641 562
1706316106.13 39354 32764 41 641 505
1706316107.98 39355 32766 17 641 625
1706316108.08 39356 32766 17 640 531
1706316113.41 39357 32771 41 641 606
1706316116.83 39358 32774 74 641 630
1706316122.05 39359 32779 87 641 622
1706316128.77 39360 32786 50 641 620
1706316133.11 39361 32790 76 641 629
1706316138.66 39362 32796 22 641 620
1706316139.96 39363 32797 43 641 633
1706316140.67 39364 32798 5 641 589
1706316149.68 39365 32806 98 641 577
1706316149.78 39366 32806 98 640 532
1706316150.98 39367 32808 10 641 519
1706316161.92 39368 32818 95 641 621
1706316164.84 39369 32821 79 641 630
