1708214409.52 50126 32033 40 641 623
1708214409.9 50127 32033 69 641 570
1708214422.27 50128 32045 98 641 630
1708214427.65 50129 32051 26 641 629
1708214452.0 50130 32075 55 641 633
1708214454.76 50131 32078 22 641 530
1708214456.68 50132 32080 5 641 611
1708214467.01 50133 32090 30 641 622
1708214469.37 50134 32092 57 641 632
1708214470.77 50135 32093 87 641 633
1708214472.97 50136 32095 98 641 626
1708214474.61 50137 32097 53 641 580
1708214477.82 50138 32100 65 641 619
1708214484.7 50139 32107 44 641 574
1708214494.42 50140 32117 9 641 634
1708214497.63 50141 32120 21 641 624
1708214508.14 50142 32130 64 641 627
1708214521.73 50143 32144 14 641 611
1708214526.49 50144 32148 81 641 627
1708214529.58 50145 32151 82 641 626
1708214534.49 50146 32156 64 641 633
1708214555.62 50147 32177 70 641 622
1708214569.55 50148 32191 55 641 633
1708214575.41 50149 32197 32 641 543
1708214578.16 50150 32199 98 641 608
1708214578.87 50151 32200 59 641 600
1708214579.19 50152 32200 83 641 564
1708214590.96 50153 32212 52 641 629
1708214594.87 50154 32216 34 641 631
1708214595.46 50155 32216 84 641 590
1708214602.27 50156 32223 56 641 620
1708214606.36 50157 32227 56 641 614
1708214609.77 50158 32230 88 641 631
1708214613.97 50159 32234 99 640 469
1708214614.84 50160 32235 76 641 617
1708214622.3 50161 32243 14 641 630
1708214626.49 50162 32247 24 641 630
1708214638.42 50163 32259 9 641 619
1708214639.41 50164 32259 98 641 628
1708214653.31 50165 32273 81 641 614
1708214677.39 50166 32297 82 641 611
1708214681.62 50167 32301 96 641 592
1708214681.9 50168 32302 14 641 556
1708214682.6 50169 32302 75 641 607
1708214689.82 50170 32309 88 641 624
1708214714.18 50171 32334 17 641 629
1708214720.21 50172 32340 11 641 609
1708214722.72 50173 32342 53 641 625
1708214728.1 50174 32347 82 641 419
1708214730.24 50175 32349 87 641 630
1708214730.65 50176 32350 18 641 574
1708214759.63 50177 32379 10 641 603
1708214761.26 50178 32380 65 641 632
1708214771.86 50179 32391 17 641 612
1708214777.28 50180 32396 49 641 627
1708214782.24 50181 32401 37 641 625
1708214792.59 50182 32411 64 641 597
1708214792.69 50183 32411 64 640 532
1708214802.31 50184 32421 19 641 535
1708214857.55 50185 32476 40 641 596
1708214886.49 50186 32505 27 641 542
1708214908.94 50187 32527 65 641 630
1708214912.82 50188 32531 44 641 624
1708214917.51 50189 32536 4 641 518
1708214923.27 50190 32541 71 641 624
1708214925.77 50191 32544 12 641 627
