1706486434.66 63715 4394 12 641 625
1706486442.44 63716 4401 83 641 624
1706486443.56 63717 4402 86 641 595
1706486451.02 63718 4410 24 641 630
1706486453.28 63719 4412 42 641 625
1706486457.06 63720 4416 11 641 626
1706486461.24 63721 4420 20 641 608
1706486462.61 63722 4421 48 641 625
1706486465.59 63723 4424 38 641 627
1706486477.34 63724 4436 6 641 628
1706486485.29 63725 4443 92 641 512
1706486486.85 63726 4445 39 641 617
1706486495.24 63727 4453 70 641 626
1706486503.98 63728 4462 36 641 633
1706486505.89 63729 4464 18 641 626
1706486506.19 63730 4464 39 641 558
1706486511.01 63731 4469 13 641 630
1706486517.73 63732 4475 77 641 535
1706486518.7 63733 4476 64 641 627
1706486521.81 63734 4479 67 641 603
1706486523.51 63735 4481 28 641 627
1706486525.62 63736 4483 30 640 281
1706486531.32 63737 4488 92 641 626
1706486540.54 63738 4498 6 641 589
1706486542.7 63739 4500 14 641 510
1706486550.02 63740 4507 38 641 615
1706486550.12 63741 4507 39 641 540
1706486558.87 63742 4516 6 641 627
1706486567.32 63743 4524 44 641 591
1706486569.84 63744 4526 87 641 633
1706486575.24 63745 4532 18 641 615
1706486577.61 63746 4534 47 641 616
1706486588.39 63747 4545 17 641 627
1706486595.87 63748 4552 57 641 617
1706486596.37 63749 4552 98 641 580
1706486604.73 63750 4561 26 641 632
1706486606.14 63751 4562 58 641 618
1706486608.77 63752 4565 12 641 618
1706486611.63 63753 4567 89 641 619
1706486623.37 63754 4579 55 641 621
1706486628.26 63755 4584 36 641 627
1706486628.57 63756 4584 57 641 561
1706486629.35 63757 4585 27 641 417
1706486635.36 63758 4591 19 641 589
1706486637.73 63759 4593 48 641 623
1706486642.0 63760 4597 67 641 631
1706486644.92 63761 4600 50 641 620
1706486648.93 63762 4604 42 641 630
1706486662.19 63763 4617 60 641 632
1706486664.54 63764 4619 86 641 618
1706486676.12 63765 4631 37 641 630
1706486676.22 63766 4631 37 640 532
1706486687.0 63767 4642 8 641 506
1706486691.22 63768 4646 22 641 632
1706486699.61 63769 4654 53 641 629
1706486700.16 63770 4654 99 641 532
1706486708.31 63771 4663 6 641 620
1706486711.26 63772 4665 92 641 625
1706486728.35 63773 4682 94 641 630
1706486728.69 63774 4683 18 641 562
1706486731.95 63775 4686 35 641 629
1706486732.18 63776 4686 49 641 551
1706486732.63 63777 4686 85 641 579
1706486738.51 63778 4692 65 641 576
1706486748.09 63779 4702 14 641 604
1706486760.88 63780 4714 85 641 636
1706486763.62 63781 4717 50 641 634
1706486768.6 63782 4722 39 641 629
1706486781.73 63783 4735 45 641 624
1706486789.71 63784 4743 35 641 627
1706486790.83 63785 4744 39 641 611
1706486791.1 63786 4744 57 641 532
1706486791.29 63787 4744 67 641 548
1706486800.43 63788 4753 72 641 628
1706486801.27 63789 4754 48 641 465
1706486808.89 63790 4762 2 641 618
1706486811.02 63791 4764 6 641 627
1706486812.63 63792 4765 58 641 554
1706486813.58 63793 4766 44 641 501
1706486815.23 63794 4768 0 641 622
1706486815.87 63795 4768 55 641 596
1706486817.79 63796 4770 39 641 629
1706486818.08 63797 4770 58 641 559
1706486831.71 63798 4784 13 641 627
1706486834.95 63799 4787 29 641 625
1706486845.82 63800 4798 9 641 617
1706486854.62 63801 4806 81 641 612
1706486863.58 63802 4815 68 641 627
1706486868.17 63803 4820 18 641 622
1706486877.02 63804 4828 95 641 624
1706486878.17 63805 4830 1 641 626
1706486880.63 63806 4832 39 641 546
1706486883.21 63807 4834 87 641 596
1706486901.38 63808 4852 98 641 592
1706486909.74 63809 4861 26 641 620
1706486927.35 63810 4878 79 641 557
1706486930.98 63811 4882 33 641 632
1706486939.92 63812 4891 20 641 618
1706487004.5 63813 4955 77 641 615
1706487005.61 63814 4956 79 641 635
1706487009.5 63815 4960 59 641 624
1706487011.79 63816 4962 79 641 628
1706487037.7 63817 4988 64 641 396
1706487038.72 63818 4989 57 641 594
1706487039.74 63819 4990 50 641 618
1706487054.69 63820 5005 38 641 543
1706487064.68 63821 5015 28 641 612
1706487078.24 63822 5028 77 641 612
1706487079.56 63823 5029 99 641 627
1706487087.72 63824 5038 7 641 615
1706487088.03 63825 5038 29 641 560
1706487094.92 63826 5045 10 641 631
1706487098.9 63827 5049 0 641 624
1706487104.44 63828 5054 45 641 592
1706487118.87 63829 5068 81 641 629
1706487119.28 63830 5069 13 641 572
1706487122.41 63831 5072 17 641 621
1706487129.88 63832 5079 57 641 530
1706487130.67 63833 5080 27 641 608
1706487133.3 63834 5082 82 641 582
1706487142.62 63835 5092 5 641 626
1706487142.77 63836 5092 11 641 541
1706487145.34 63837 5094 59 641 612
1706487146.6 63838 5095 76 641 631
1706487146.69 63839 5095 76 640 531
1706487149.68 63840 5098 67 641 631
1706487152.92 63841 5101 82 641 629
1706487158.03 63842 5106 85 641 545
1706487160.54 63843 5109 27 641 629
1706487167.29 63844 5115 94 640 327
1706487167.38 63845 5115 95 641 534
1706487171.64 63846 5120 12 641 631
1706487174.07 63847 5122 46 641 615
1706487176.54 63848 5124 84 641 622
1706487178.95 63849 5127 16 641 628
1706487179.49 63850 5127 61 641 584
1706487180.59 63851 5128 62 641 604
1706487182.79 63852 5130 74 641 626
1706487182.98 63853 5130 84 641 545
1706487192.77 63854 5140 55 641 556
1706487193.62 63855 5141 32 641 605
1706487196.95 63856 5144 56 641 621
1706487198.82 63857 5146 35 641 629
1706487206.02 63858 5153 46 641 625
1706487216.86 63859 5164 22 641 598
1706487226.93 63860 5174 21 641 621
1706487228.36 63861 5175 55 641 620
1706487233.05 63862 5180 15 641 625
1706487233.18 63863 5180 19 641 537
1706487233.64 63864 5180 56 641 581
1706487233.82 63865 5180 65 641 549
1706487237.86 63866 5184 60 641 627
1706487242.31 63867 5188 97 641 616
1706487248.4 63868 5194 97 641 626
1706487275.03 63869 5221 54 641 628
1706487277.7 63870 5224 13 641 631
1706487279.2 63871 5225 54 641 631
1706487290.97 63872 5237 24 641 621
1706487297.58 63873 5243 77 641 624
1706487298.83 63874 5244 93 640 414
1706487306.12 63875 5252 13 641 483
1706487316.69 63876 5262 63 641 605
1706487325.0 63877 5270 86 640 324
1706487329.71 63878 5275 49 641 633
1706487351.01 63879 5296 72 641 611
1706487355.96 63880 5301 58 641 629
1706487357.07 63881 5302 61 641 604
1706487359.76 63882 5305 21 641 618
1706487360.31 63883 5305 67 641 588
1706487360.57 63884 5305 84 641 558
1706487364.61 63885 5309 79 641 628
1706487364.84 63886 5309 93 641 552
1706487369.15 63887 5314 16 641 626
1706487378.67 63888 5323 60 641 621
1706487388.08 63889 5332 92 641 595
1706487388.17 63890 5332 92 640 533
1706487393.45 63891 5338 13 641 631
1706487395.77 63892 5340 36 641 593
1706487399.11 63893 5343 62 641 572
1706487404.32 63894 5348 75 641 628
1706487414.44 63895 5358 78 641 632
1706487422.66 63896 5366 92 641 630
1706487427.53 63897 5371 71 641 571
1706487435.96 63898 5380 6 641 629
1706487436.97 63899 5380 98 641 616
