1708473610.05 17589 26341 41 641 627
1708473624.6 17590 26355 88 641 558
1708473631.2 17591 26362 39 641 629
1708473631.59 17592 26362 69 641 577
1708473640.18 17593 26371 19 641 619
1708473642.6 17594 26373 52 641 549
1708473643.64 17595 26374 47 641 621
1708473645.98 17596 26376 72 641 617
1708473647.05 17597 26377 70 641 606
1708473655.32 17598 26385 89 641 546
1708473656.01 17599 26386 48 641 591
1708473662.1 17600 26392 49 641 635
1708473669.32 17601 26399 62 641 624
1708473670.24 17602 26400 45 641 601
1708473681.36 17603 26411 48 641 610
1708473683.83 17604 26413 87 641 632
1708473684.32 17605 26414 26 641 585
1708473695.03 17606 26424 89 641 630
1708473696.04 17607 26425 81 641 622
1708473701.05 17608 26430 73 641 624
1708473718.09 17609 26447 70 641 625
1708473718.66 17610 26448 18 641 595
1708473723.45 17611 26452 88 641 630
1708473742.03 17612 26471 39 641 620
1708473746.53 17613 26475 80 641 614
1708473750.13 17614 26479 31 641 636
1708473750.23 17615 26479 31 640 532
1708473753.79 17616 26482 79 641 592
1708473754.87 17617 26483 78 641 618
1708473757.22 17618 26486 4 641 631
1708473759.05 17619 26487 78 641 630
1708473781.85 17620 26510 51 641 619
1708473783.63 17621 26512 20 641 608
1708473787.69 17622 26516 17 641 548
1708473789.8 17623 26518 18 641 600
1708473790.82 17624 26519 11 641 598
1708473795.38 17625 26523 58 641 619
1708473796.13 17626 26524 23 641 617
1708473798.98 17627 26527 0 641 569
1708473806.15 17628 26534 9 641 564
1708473810.07 17629 26537 91 641 624
1708473849.11 17630 26576 90 641 513
1708473861.97 17631 26589 67 641 627
1708473870.73 17632 26598 35 641 625
1708473900.77 17633 26628 33 641 625
1708473920.07 17634 26647 55 641 605
1708473921.1 17635 26648 48 641 627
