1715990423.6410134 3049 25464 52 642 619 619 619
1715990428.5479474 3050 25469 32 642 630 630 630
1715990429.4381857 3051 25470 13 642 625 625 625
1715990429.5168002 3052 25470 13 649 549 551 551
1715990438.4785502 3053 25478 97 642 630 630 630
1715990444.8799667 3054 25485 26 642 499 499 499
1715990466.7340114 3055 25506 90 642 625 625 625
1715990476.1367264 3056 25516 17 642 623 623 623
1715990481.287954 3057 25521 21 642 625 625 625
1715990506.9613938 3058 25546 64 642 567 567 567
1715990516.330719 3059 25555 87 642 623 623 623
1715990523.5143769 3060 25562 94 642 624 624 624
1715990529.4485962 3061 25568 76 642 628 628 628
1715990536.0431933 3062 25575 24 642 579 579 579
1715990537.5008948 3063 25576 61 642 553 553 553
1715990543.0056896 3064 25582 2 642 626 626 626
1715990559.0334542 3065 25597 87 642 604 604 604
1715990565.3399954 3066 25604 6 642 624 624 624
1715990570.4215574 3067 25609 4 642 628 628 629
1715990581.9049075 3068 25620 37 642 631 631 631
1715990602.5437417 3069 25640 81 642 577 577 577
1715990609.1884391 3070 25647 34 642 618 618 618
1715990613.2089267 3071 25651 26 642 625 625 625
1715990615.9157536 3072 25653 88 642 624 624 624
1715990623.114399 3073 25660 96 642 523 523 523
1715990639.5765197 3074 25677 24 642 620 620 620
1715990646.595924 3075 25684 14 642 626 627 627
1715990664.5212443 3076 25701 87 642 562 562 562
1715990665.2139933 3077 25702 49 642 614 614 614
1715990667.546032 3078 25704 74 642 631 631 631
1715990677.2664235 3079 25714 33 642 514 514 514
1715990685.8624952 3080 25722 80 642 631 631 631
1715990701.395468 3081 25738 16 642 584 584 585
1715990714.2021527 3082 25750 81 642 613 613 613
1715990745.6466417 3083 25781 97 642 623 624 624
1715990761.0518749 3084 25797 20 642 506 506 506
1715990761.2771137 3085 25797 35 642 585 585 585
1715990764.0990431 3086 25800 8 642 561 561 561
1715990766.98376 3087 25802 87 642 633 633 633
1715990785.8649065 3088 25821 55 642 582 582 583
1715990797.1550348 3089 25832 70 642 625 625 625
1715990798.8451283 3090 25834 31 642 630 630 630
1715990811.19203 3091 25846 50 642 624 624 624
1715990816.899762 3092 25852 10 642 630 630 630
1715990830.228706 3093 25865 27 642 440 441 441
1715990844.0104752 3094 25878 89 642 619 619 619
1715990846.6868012 3095 25881 48 642 629 630 630
1715990847.2511816 3096 25881 97 642 628 628 628
1715990847.4366279 3097 25882 8 642 579 579 579
1715990849.3866262 3098 25883 95 642 590 591 591
1715990854.5275688 3099 25888 98 642 420 421 422
1715990858.650718 3100 25893 1 642 505 506 506
1715990869.5831478 3101 25903 81 642 512 512 512
1715990873.277153 3102 25907 41 642 537 537 537
1715990921.9125364 3103 25955 65 642 626 626 626
1715990946.8259146 3104 25980 33 642 528 528 529
