1716076803.1323385 13745 44966 25 642 620 620 621
1716076815.6423557 13746 44978 60 642 595 595 595
1716076825.5403035 13747 44988 36 642 630 630 630
1716076828.325243 13748 44991 5 642 611 611 611
1716076832.903503 13749 44995 52 642 624 624 624
1716076833.7412622 13750 44996 28 642 626 626 626
1716076840.5337248 13751 45002 95 642 487 488 488
1716076845.4041884 13752 45007 71 642 599 599 600
1716076857.0926418 13753 45019 25 642 620 620 620
1716076857.6434395 13754 45019 72 642 632 632 632
1716076858.4521592 13755 45020 45 642 595 595 595
1716076870.616906 13756 45032 46 642 604 604 604
1716076879.1510017 13757 45040 86 642 632 632 632
1716076888.2648659 13758 45049 84 642 626 626 627
1716076888.556508 13759 45050 6 642 606 606 606
1716076893.0093238 13760 45054 41 642 628 628 628
1716076902.1225073 13761 45063 39 642 622 622 622
1716076906.515226 13762 45067 68 642 572 572 572
1716076907.351563 13763 45068 44 642 621 621 621
1716076908.02595 13764 45069 4 642 564 564 564
1716076911.638635 13765 45072 55 642 614 614 614
1716076926.7656593 13766 45087 50 642 614 614 614
1716076929.8209445 13767 45090 46 642 627 627 627
1716076939.951869 13768 45100 45 642 609 609 609
1716076950.452171 13769 45110 81 642 625 625 625
1716076958.9378014 13770 45119 16 642 496 496 496
1716076964.029311 13771 45124 15 642 631 631 631
1716076965.467248 13772 45125 50 642 393 393 393
1716076975.3919733 13773 45135 28 642 611 611 611
1716076976.991089 13774 45136 80 642 614 615 615
1716076982.7565172 13775 45142 45 642 563 563 563
1716076986.1776478 13776 45145 77 642 627 627 627
1716076992.4856102 13777 45151 96 642 627 627 627
1716076996.8267815 13778 45156 20 642 531 531 531
1716077029.979299 13779 45189 6 642 627 627 627
1716077032.035263 13780 45191 3 642 593 593 593
1716077047.402288 13781 45206 22 642 618 618 618
1716077047.5840242 13782 45206 33 642 579 579 579
1716077069.2750504 13783 45227 80 642 628 628 628
1716077079.9585755 13784 45238 34 641 265 265 265
1716077085.2145019 13785 45243 49 642 635 635 635
1716077085.546938 13786 45243 74 642 614 614 614
1716077090.292322 13787 45248 39 642 620 620 620
1716077091.7743375 13788 45249 79 642 618 619 619
1716077123.0909405 13789 45280 82 642 632 632 632
1716077163.765152 13790 45321 16 642 518 518 518
1716077164.0295246 13791 45321 35 642 596 596 596
1716077164.9235573 13792 45322 16 642 622 622 622
1716077175.269527 13793 45332 36 642 617 617 617
1716077178.7253675 13794 45335 72 642 581 582 582
1716077179.1665373 13795 45336 8 642 635 635 635
1716077180.0673013 13796 45336 91 642 630 630 630
1716077196.5002656 13797 45353 16 642 629 630 630
1716077201.4432626 13798 45358 0 642 582 582 582
1716077215.4455135 13799 45371 83 642 525 525 525
1716077216.7878497 13800 45373 10 642 628 628 628
1716077220.4101555 13801 45376 62 642 628 628 628
1716077231.6627688 13802 45387 72 642 589 589 589
1716077238.862172 13803 45394 80 642 609 609 609
1716077240.7699337 13804 45396 62 642 631 631 631
1716077246.6748145 13805 45402 41 642 607 607 607
1716077269.5059938 13806 45425 2 642 628 628 628
1716077272.3199775 13807 45427 74 642 627 627 627
1716077278.6124358 13808 45433 92 642 608 608 609
1716077280.6134849 13809 45435 83 642 593 593 593
1716077283.9209976 13810 45439 4 642 625 625 625
1716077284.632041 13811 45439 67 642 553 553 553
1716077288.017477 13812 45442 96 642 627 627 627
1716077289.4956677 13813 45444 35 642 428 428 428
1716077304.916997 13814 45459 59 642 633 633 633
1716077306.615749 13815 45461 21 642 585 585 585
1716077307.1269476 13816 45461 64 642 626 626 626
1716077321.5953753 13817 45475 94 642 632 632 632
1716077325.2667944 13818 45479 51 642 594 594 594
1716077326.4966297 13819 45480 66 642 614 614 614
1716077330.7155004 13820 45484 78 642 628 628 628
1716077336.5348573 13821 45490 48 642 614 614 614
1716077337.8332713 13822 45491 71 642 455 455 455
1716077339.7846363 13823 45493 57 642 507 507 507
1716077350.2861164 13824 45503 93 642 631 631 631
1716077350.6295712 13825 45504 20 642 583 583 583
1716077353.8420794 13826 45507 32 642 596 596 596
1716077402.0903926 13827 45555 17 642 613 614 614
1716077408.9273791 13828 45561 89 642 624 624 624
1716077416.9182637 13829 45569 75 642 620 620 620
1716077429.578495 13830 45582 25 642 526 526 527
1716077438.1961062 13831 45590 74 642 633 634 634
1716077466.7455747 13832 45619 3 642 617 617 617
1716077474.4186234 13833 45626 58 642 491 491 492
1716077475.2190957 13834 45627 30 642 628 628 628
1716077483.804334 13835 45635 75 642 627 627 627
1716077485.732587 13836 45637 59 642 552 552 552
1716077491.205186 13837 45642 95 642 627 627 627
1716077499.5760164 13838 45651 19 642 631 631 631
1716077502.6357458 13839 45654 15 642 623 623 623
1716077503.5552409 13840 45655 0 642 617 617 617
1716077506.7357755 13841 45658 9 642 636 636 636
1716077511.1901395 13842 45662 44 642 623 623 623
1716077518.639728 13843 45669 76 642 629 629 629
1716077532.220791 13844 45683 19 642 626 626 626
1716077541.3648548 13845 45692 20 642 608 608 608
1716077544.089423 13846 45694 83 642 633 633 633
1716077544.4093354 13847 45695 8 642 610 610 610
1716077547.7645967 13848 45698 34 642 613 613 613
1716077577.9239938 13849 45728 22 642 623 623 623
1716077580.181837 13850 45730 40 642 625 625 625
1716077581.344292 13851 45731 48 642 620 620 620
1716077581.5313857 13852 45731 59 642 582 582 582
1716077592.8594208 13853 45742 77 642 634 634 634
1716077596.0152168 13854 45745 83 642 521 521 521
